Instance: 23
width: 10
long: 10
Parcels: 5
Crops: 19
Water: 174000

Chemical Properties by Parcel
15   16.79   16.83   13.61   11.55   15.89   10.14   18.65   16.49   15.97   12.89   12.75   11.19   12.14   13.06   12.06   16.03   9.77   13.3   16.06   10.39   9.88   11.12   12.27   18.65   14.94   17.86   10.48   16.52   9.7   16.13   15.64   12.47   17.07   10.59   12.06   13.22   10.66   17.3   13.59   9.64   11.6   9.8   15.99   10.43   14.79   13.11   15.29   14.46   17.41   17.99   10.18   12.55   13.44   15.79   15.84   9.81   17.67   17.34   16.25   13.86   10.09   10.44   9.9   16.2   9.96   10.64   12.16   12.24   15.7   14.14   14.48   14.51   10.71   16.75   18.68   13.62   16.96   16.83   9.75   14.18   14.37   11.47   12.92   18.44   17.18   13.12   16.4   12.27   16.07   13.92   14.78   17   13.56   15.97   18.29   16.24   16.2   18.38   9.64    
15.73   12.51   12.07   15.86   16.98   16.54   15.36   16.68   12.01   13.93   14.32   12.33   13.35   10.9   13.56   10   18.18   14.23   16.08   12.68   18.13   10.91   11.43   18.12   11.39   13.78   11.73   11.06   17.04   18.43   17.06   12.22   9.84   17.05   10.55   11.4   11.88   14.42   10.24   11.95   13.71   9.9   14.04   13.83   15.97   18.06   10.72   17.21   9.65   9.62   11.3   10.07   13.19   18.57   9.96   12.69   11.77   14.86   10.91   15.29   17.15   16.08   12.06   17.91   11.54   10.19   18.21   18.1   12   17.14   11.05   9.88   9.71   16.17   12.48   12.34   11.64   11.94   13.59   18.62   11.7   11.96   15.26   10.79   9.62   15.28   16.26   13.48   13.98   12.72   12.94   13.27   11.02   16.5   10.09   16.81   17.7   10.42   15.98   11.21    
12.4   17.57   15.08   14.79   17.89   10.42   10.89   15.57   16.79   12.24   12.1   12.42   18.01   17.41   17.95   15   15.86   18.49   14.9   16.74   16.97   16.64   18.27   15.45   14.84   16.03   16.1   18.01   12.13   11.49   15.36   10.95   17.99   14.85   17.59   15.18   11.22   10.62   15.13   15.59   14.91   14.27   16.82   11.3   9.6   14.27   12.29   13.45   12.43   16.63   11.39   18.1   13.03   9.76   13.03   17.75   11.8   13.56   12.71   15.06   14.88   12.41   12.33   11.71   13.3   17.91   14.11   17.6   9.8   15.51   16.69   16.83   11.65   13.64   13.63   17.97   16.48   13.06   12.26   15.46   9.68   15.01   18.53   17.1   18.48   13.4   14.92   10.03   13.78   16.53   13.49   10.95   14.3   16.52   11.11   18.46   11.14   15.66   10.62   13.24    
16.99   15.02   10.7   17.44   17.6   14.52   10.5   16.31   10.2   16.77   11.31   11.65   15   14.01   14.27   11.92   16.26   15.34   15.37   13.84   15.33   15.06   18.63   17.29   13.11   17.82   15.2   15.23   13.08   11.48   10.26   13.18   17.46   15   15.75   14.58   16.52   10.33   18.1   17.5   16.61   13.12   11.9   13.64   15.85   18.21   17.73   16.97   18.48   11.2   11.17   12.6   15.09   18.57   17.91   17.26   10.64   14.64   10.98   14.61   18.37   12.62   10.42   11.09   10.4   12.5   12.32   12.18   16.34   14.79   11.12   10.07   14.72   18.44   15.17   9.91   17.97   11.8   9.83   12.91   13.89   11.55   13.97   10.82   9.64   12.68   11.29   9.9   14.24   13.74   11.28   11.81   14.26   16.93   12.43   14.81   15.46   12.36   13.18   17.35    
16.02   14.8   15.06   10.25   15.7   16.66   18.22   13.26   16.99   11.41   13.01   12.12   18.38   15.61   14.06   15.86   16.12   15.98   16.23   10.86   10.69   13.95   15.82   15.6   15.44   17.82   15.84   10.31   12.95   9.89   15.29   14.41   13.74   16.04   9.95   11.61   17.19   13.69   13.49   13.77   11.08   15.02   17.28   17.76   9.88   15.87   16.12   10.21   13.34   10.74   18.02   10.84   12.91   9.94   10.83   18.02   18.59   13.57   12.97   11.19   15.32   15.11   17.27   10.12   12.53   16.34   9.9   18.24   14.24   17.22   9.73   13.61   18.54   17.2   9.91   15.09   10.38   9.63   12.68   14.19   11.21   14.96   11.94   18.5   12.54   15.97   14.35   15.36   11.94   13.72   17.37   10.72   14.87   12.83   16.75   15.63   11.54   18.28   16.34   16.78    

Physical Properties by Parcel
5.2   5.5   5.3   5.4   5.3   5.3   5.2   5.6   5.4   5.4   5.2   5.2   5.6   5.3   5.6   5.3   5.4   5.3   5.4   5.5   5.3   5.3   5.3   5.4   5.5   5.2   5.2   5.3   5.2   5.5   5.3   5.3   5.2   5.6   5.3   5.3   5.5   5.6   5.3   5.4   5.5   5.4   5.4   5.5   5.4   5.5   5.6   5.3   5.2   5.4   5.5   5.4   5.3   5.2   5.5   5.5   5.3   5.4   5.4   5.3   5.5   5.2   5.6   5.6   5.5   5.2   5.6   5.3   5.3   5.4   5.4   5.4   5.3   5.4   5.3   5.4   5.6   5.2   5.5   5.6   5.4   5.3   5.5   5.5   5.5   5.3   5.5   5.4   5.5   5.4   5.4   5.3   5.2   5.4   5.5   5.3   5.4   5.3   5.4   5.3    
5.2   5.5   5.3   5.6   5.3   5.5   5.6   5.4   5.2   5.4   5.2   5.4   5.4   5.2   5.4   5.4   5.5   5.6   5.6   5.2   5.4   5.5   5.6   5.4   5.3   5.3   5.5   5.6   5.5   5.5   5.4   5.3   5.5   5.4   5.3   5.2   5.4   5.3   5.3   5.5   5.5   5.3   5.4   5.4   5.2   5.6   5.4   5.6   5.3   5.5   5.5   5.3   5.6   5.2   5.3   5.6   5.5   5.4   5.4   5.3   5.2   5.6   5.4   5.4   5.4   5.5   5.2   5.4   5.6   5.4   5.3   5.3   5.2   5.6   5.5   5.4   5.5   5.5   5.3   5.6   5.6   5.4   5.3   5.4   5.4   5.3   5.4   5.5   5.5   5.5   5.5   5.6   5.5   5.3   5.3   5.6   5.6   5.5   5.5   5.4    
5.3   5.5   5.6   5.5   5.5   5.4   5.4   5.3   5.3   5.6   5.4   5.4   5.2   5.5   5.5   5.3   5.5   5.2   5.5   5.5   5.3   5.2   5.5   5.4   5.2   5.4   5.3   5.4   5.3   5.5   5.3   5.3   5.5   5.4   5.3   5.6   5.4   5.4   5.4   5.6   5.4   5.4   5.2   5.6   5.3   5.5   5.3   5.3   5.5   5.4   5.3   5.6   5.6   5.5   5.5   5.3   5.5   5.3   5.4   5.3   5.6   5.3   5.6   5.4   5.2   5.4   5.2   5.3   5.5   5.6   5.2   5.3   5.3   5.3   5.4   5.2   5.5   5.5   5.6   5.5   5.3   5.6   5.3   5.5   5.5   5.3   5.6   5.6   5.5   5.5   5.3   5.3   5.3   5.4   5.6   5.3   5.4   5.5   5.5   5.2    
5.2   5.3   5.4   5.5   5.4   5.6   5.3   5.6   5.2   5.2   5.2   5.4   5.4   5.3   5.4   5.5   5.5   5.5   5.4   5.3   5.6   5.5   5.3   5.3   5.3   5.4   5.4   5.2   5.2   5.5   5.2   5.3   5.4   5.5   5.4   5.6   5.3   5.3   5.3   5.4   5.3   5.6   5.4   5.5   5.6   5.4   5.5   5.3   5.5   5.4   5.3   5.3   5.4   5.4   5.3   5.6   5.3   5.5   5.4   5.3   5.5   5.3   5.5   5.5   5.5   5.4   5.5   5.3   5.4   5.3   5.2   5.2   5.3   5.5   5.5   5.4   5.5   5.3   5.4   5.3   5.4   5.5   5.5   5.5   5.5   5.3   5.2   5.5   5.5   5.5   5.3   5.4   5.4   5.4   5.3   5.5   5.6   5.2   5.6   5.4    
5.5   5.3   5.3   5.3   5.2   5.5   5.6   5.5   5.5   5.4   5.4   5.4   5.3   5.6   5.6   5.4   5.3   5.5   5.2   5.2   5.3   5.3   5.6   5.3   5.3   5.5   5.3   5.4   5.5   5.4   5.4   5.6   5.3   5.4   5.5   5.4   5.3   5.6   5.2   5.4   5.2   5.5   5.4   5.4   5.5   5.3   5.2   5.5   5.3   5.4   5.6   5.5   5.5   5.5   5.5   5.6   5.5   5.2   5.4   5.4   5.4   5.4   5.5   5.3   5.5   5.4   5.5   5.4   5.3   5.6   5.3   5.6   5.2   5.5   5.3   5.2   5.5   5.5   5.3   5.6   5.4   5.5   5.4   5.5   5.3   5.5   5.4   5.3   5.6   5.3   5.5   5.3   5.4   5.5   5.4   5.5   5.4   5.2   5.4   5.5    

Ha by Parcels
7   5   5   6   6   

Cost of m3 in each parcel
2.13   1.85   1.88   2.19   1.82   