Instance: 30
width: 10
long: 10
Parcels: 5
Crops: 19
Water: 162000

Chemical Properties by Parcel
9.68   9.61   15.72   15.52   18.03   17.83   11.79   12.89   16.79   14.78   16.24   15.9   15.6   15.29   17.02   18   16.46   11.69   14.97   10.43   9.85   12.62   16.55   13.02   18.68   11.35   10.68   16.41   17.09   10.94   11.52   17.33   15.36   15.27   12.54   10.91   10.53   13.26   15.7   12.34   12.2   10.87   17.34   17.24   15.87   10.75   14.58   9.76   15.06   12.43   14.03   18.44   15.69   14.67   15.4   10.61   16.29   11.08   15.62   16.46   17.79   15.33   15.29   9.81   17.46   15.72   18.19   18.53   14.14   14.03   14.96   9.83   15.77   12.04   14.53   14.38   12.81   18.45   14.1   16.11   17.62   12.65   16.94   17.2   15.16   10.83   15.98   14.33   15.94   16.05   16.23   13.6   11.33   16.18   13.76   11.35   12.87   11.24   13.59   13.63    
13.25   12.47   15.27   18.6   16.06   9.88   16.95   15.93   10.18   16.88   11.92   12.64   13.73   18.38   9.66   15.03   12.92   13.11   14.51   17.45   11.64   10.37   17.33   18.31   10.64   10.85   16.66   11.21   16.11   16.97   14.88   14.55   14.29   18.26   16.68   12.62   11.98   15.39   11.51   17.11   15.61   10.07   13.03   12.67   12.66   15.42   9.73   13.91   9.88   14.04   17.97   15.54   10.12   18.44   9.91   17.48   9.62   15.43   16.59   15.92   15.79   12.91   14.86   14.86   12.66   16.12   16.86   12.59   10.52   15.29   16.12   17.74   15.88   11.89   17.82   13.03   12.87   10.89   16.79   12.31   10.59   15.15   14.09   10.63   10.8   13.07   17.8   18.5   14.39   14   18.63   16.55   11.77   13.11   13.43   12.55   12.07   13.16   12.69   9.69    
14   13.54   14.7   11.26   14.07   14.01   13.51   16.46   14.05   15.06   9.62   14.44   17.95   12.09   12.84   15.01   15.12   17.11   10.46   13.66   10.57   13.39   12.31   11.02   12.02   12.46   16.21   16.48   10.14   13.31   12.11   17.54   15.66   18.45   15.77   15.27   16.84   15.88   13.73   16.47   12.05   17.88   10.68   9.92   17.31   11.11   15.38   17.73   12.38   18.16   10.61   12.42   16.56   15.83   16.54   18.32   12.05   10.32   10.57   14.99   15.18   14.62   13.44   15.92   13.43   10.01   13.67   12.84   13.9   9.85   12.67   13.48   12.2   16.53   17.47   17.8   18.15   17.07   17.56   14.69   11.02   17.36   18.56   17.4   15.29   15.04   14.52   10.25   14.95   10.96   17.06   15.81   15.59   13.93   13.99   9.81   17.83   11.25   12.1   11.08    
18.57   10.07   15.93   15.82   15.48   17.89   17.34   12.06   18.53   17.53   12.45   10.47   10.69   17.51   12.73   11.31   14.49   16.68   13.03   10.12   12.06   16.95   17.33   11.5   12.9   10.88   12.09   17.9   14.77   17.1   14.81   11.56   12.4   17.88   15.55   11.5   17.51   17.29   11.75   14.56   17.45   10.63   18.09   11.4   17.99   10.74   14.84   14.02   15.6   12.86   16.82   12.63   17.49   16.4   17.27   16.72   18.43   12.58   15.82   16.6   16.27   10.7   12.4   10.78   11.49   12.17   12.49   17.5   18.15   14.02   16.45   15.75   13.46   14.75   11.17   15.9   16.88   13.32   18.49   14.37   17   10.46   18.64   14.22   9.73   12.19   12.3   11.68   11.52   17.47   12.25   12.19   11.19   17.21   9.97   12.32   14.98   13.72   17.27   11.36    
10.12   15.93   14.79   14.23   11.3   10.6   11.04   14.15   11.47   12.63   17.83   12.03   10.81   10.64   10.68   11.42   17.48   14.87   18.62   9.91   11.9   18.59   12.34   16.41   13.5   16.47   12.94   15.96   13.11   16.1   11.88   9.71   16.92   15.37   11.51   11.65   10.82   18.54   13.27   11.24   17.94   18.19   17.25   11.04   12.96   15.82   14.94   12.09   11.48   17.46   11.57   10.67   16.19   13.34   14.3   15.44   10.76   14.41   13.6   12.37   10.53   18.36   12.35   13.78   15.53   14.36   11.86   18.66   11.14   17.24   18.17   11.7   16.58   13.13   14.39   10.04   17.39   16.38   17.1   12.23   18.47   10.64   16.83   13.2   17.45   10.38   11.69   12.29   16.82   15.52   16.1   14.6   10.97   13.89   17.13   16.31   11.93   13.18   14.98   10.52    

Physical Properties by Parcel
5.4   5.3   5.3   5.4   5.4   5.5   5.5   5.3   5.5   5.5   5.3   5.2   5.5   5.3   5.5   5.3   5.5   5.4   5.5   5.4   5.2   5.3   5.2   5.5   5.5   5.5   5.3   5.5   5.3   5.3   5.3   5.5   5.3   5.5   5.4   5.4   5.4   5.6   5.5   5.6   5.3   5.4   5.3   5.3   5.4   5.5   5.5   5.5   5.5   5.3   5.5   5.2   5.5   5.2   5.4   5.2   5.5   5.4   5.6   5.6   5.3   5.3   5.5   5.4   5.3   5.5   5.4   5.4   5.5   5.2   5.3   5.4   5.4   5.3   5.3   5.5   5.4   5.6   5.5   5.3   5.5   5.6   5.4   5.5   5.3   5.4   5.5   5.6   5.5   5.5   5.3   5.3   5.3   5.3   5.4   5.3   5.3   5.5   5.3   5.5    
5.5   5.2   5.6   5.3   5.4   5.4   5.4   5.4   5.4   5.4   5.5   5.2   5.3   5.6   5.3   5.3   5.3   5.3   5.6   5.4   5.5   5.5   5.5   5.5   5.3   5.3   5.3   5.4   5.3   5.4   5.3   5.4   5.2   5.3   5.6   5.3   5.4   5.2   5.5   5.5   5.3   5.6   5.5   5.4   5.2   5.5   5.4   5.3   5.4   5.4   5.5   5.3   5.5   5.4   5.5   5.6   5.4   5.4   5.4   5.4   5.6   5.4   5.2   5.2   5.4   5.3   5.3   5.2   5.5   5.3   5.3   5.6   5.3   5.5   5.4   5.6   5.4   5.3   5.5   5.6   5.5   5.4   5.4   5.3   5.2   5.5   5.5   5.4   5.4   5.6   5.5   5.4   5.2   5.2   5.2   5.4   5.5   5.4   5.4   5.6    
5.4   5.4   5.3   5.3   5.4   5.4   5.5   5.4   5.4   5.4   5.3   5.5   5.5   5.6   5.4   5.5   5.5   5.6   5.5   5.4   5.5   5.4   5.5   5.5   5.3   5.6   5.4   5.5   5.3   5.5   5.5   5.6   5.4   5.5   5.3   5.2   5.3   5.5   5.5   5.3   5.5   5.3   5.4   5.5   5.5   5.6   5.6   5.3   5.3   5.4   5.5   5.5   5.2   5.4   5.2   5.5   5.3   5.4   5.2   5.3   5.6   5.2   5.6   5.4   5.4   5.3   5.5   5.5   5.4   5.2   5.3   5.2   5.5   5.2   5.2   5.3   5.4   5.4   5.6   5.6   5.3   5.3   5.5   5.4   5.6   5.4   5.6   5.4   5.5   5.4   5.5   5.6   5.3   5.4   5.2   5.5   5.6   5.4   5.6   5.2    
5.4   5.5   5.3   5.5   5.3   5.4   5.2   5.4   5.2   5.6   5.2   5.2   5.3   5.5   5.4   5.2   5.3   5.6   5.3   5.4   5.2   5.3   5.4   5.5   5.6   5.3   5.5   5.3   5.4   5.6   5.4   5.6   5.3   5.4   5.4   5.5   5.2   5.2   5.2   5.3   5.5   5.6   5.3   5.6   5.3   5.2   5.2   5.2   5.4   5.5   5.5   5.5   5.3   5.4   5.3   5.2   5.5   5.2   5.3   5.2   5.3   5.3   5.4   5.3   5.4   5.5   5.2   5.3   5.3   5.3   5.3   5.5   5.2   5.5   5.5   5.5   5.3   5.3   5.6   5.3   5.3   5.5   5.3   5.6   5.5   5.4   5.4   5.2   5.2   5.3   5.2   5.4   5.3   5.3   5.5   5.4   5.4   5.4   5.5   5.5    
5.4   5.4   5.4   5.4   5.2   5.3   5.3   5.6   5.6   5.3   5.4   5.4   5.4   5.3   5.3   5.6   5.4   5.5   5.5   5.3   5.5   5.4   5.4   5.6   5.5   5.6   5.4   5.5   5.3   5.4   5.3   5.3   5.3   5.4   5.5   5.5   5.3   5.4   5.4   5.5   5.6   5.3   5.3   5.4   5.4   5.3   5.6   5.3   5.4   5.3   5.4   5.5   5.4   5.3   5.2   5.4   5.5   5.3   5.2   5.5   5.2   5.2   5.6   5.3   5.3   5.4   5.5   5.5   5.2   5.4   5.4   5.3   5.5   5.4   5.5   5.6   5.3   5.4   5.4   5.3   5.3   5.2   5.6   5.6   5.5   5.3   5.2   5.5   5.4   5.3   5.5   5.6   5.6   5.2   5.4   5.5   5.3   5.4   5.5   5.5    

Ha by Parcels
7   5   5   5   5   

Cost of m3 in each parcel
2.16   2.08   1.91   2.01   2.05   