Instance: 29
width: 10
long: 10
Parcels: 5
Crops: 19
Water: 192000

Chemical Properties by Parcel
18.19   11.65   16.76   12.51   16.48   12.13   13.27   13.18   9.74   12.41   10.85   18.34   11.9   9.92   17.79   10.56   16.64   17.34   14.76   9.66   15.16   18.41   14.76   11.37   16.25   16.96   16   10.28   13.97   15.41   11.69   15.89   12.27   13.85   11.3   16.31   15.48   11.26   18.47   17.15   11.93   18.17   11.23   9.76   14.49   17.01   15.57   14.6   12.37   15.72   17.37   17.71   16.18   12.6   13.18   18.61   14.3   18.07   17.79   16.79   13.36   15.04   10.27   18.68   17.41   12.46   9.81   10.49   18.31   10.24   17.29   15.23   15.86   11.87   13.66   15.51   12.75   12.09   15.29   15.09   11.91   14.06   13.28   11.74   16.07   12.46   15.04   17.84   11.39   15.23   15.51   10.48   17.1   13.03   16.04   11.25   10   14.58   18.26   13.53    
11.16   12.25   16.13   9.72   15   17.68   14.92   15.9   18.38   16.87   9.86   10.36   17.56   10.22   13.97   11.46   12.64   13.87   11.21   15.55   15.14   9.84   15.22   11.93   12.24   16.63   11.94   18.22   15.32   16.62   13.89   17.98   10.59   13.06   16.44   9.73   12.13   16.56   11.05   12.81   17.15   15.68   9.9   11.74   17.98   13.43   18.12   12.16   16.53   11.55   17.48   17.04   13.55   15.14   15.97   14.31   18.49   12.35   17.84   12.29   16.06   10.94   14.03   13.67   17   13.37   11.38   9.92   11.03   12.43   18.49   14.47   13.02   16.34   15.74   16.21   11.43   12.58   18.58   17.12   9.91   15.71   15.68   17.7   16.7   17.57   18.5   13.62   18   12.34   13.17   13.01   17.35   14.97   14.6   10.34   13.63   18.04   13.76   17.38    
18.18   14.36   16.52   14.6   12.87   12.67   12.96   17.02   14.5   10.7   12.41   12.99   18.6   15.55   12.37   17.42   12.86   12.44   12.19   12.35   10.75   18.37   16.07   10.81   14.75   10.57   10.99   13.68   18.16   11.94   10.69   14.47   18.37   15.01   10.87   15.29   14.1   17.34   10.35   17.96   14.11   13.66   16.35   17.32   11.76   17.69   15.64   14.97   16.39   13.3   11.6   17.2   14.27   17.29   18.18   16.92   13.62   16.9   10.5   14.25   10.09   9.79   14.3   12.11   18.2   9.9   15.69   14.14   14.01   10.02   18.68   15.68   16.57   10.35   14.06   15.32   17.04   13.03   14.26   10.5   10.05   9.68   17.64   13.54   18.32   16.88   11.46   15.41   10.35   13.69   13.58   15.46   11.44   18.05   16.26   16.98   16.83   10.69   14.21   15.99    
16.61   10.46   11.92   12.45   16.05   11.85   10.84   17.79   14.23   13.4   11.16   13.24   13.53   15.28   17.5   15.15   10.98   15.65   13.2   12.62   12.56   13.06   16.81   16.54   13.45   11.17   13.41   10.83   16.93   16.57   15.57   15.16   10.12   11.68   17.51   13.39   14.66   11.73   15.05   11.77   12.4   14.86   9.8   17.43   9.8   18.18   15.52   10.11   13.62   17.93   12.22   16.23   17.96   11.88   11.7   12.34   11.82   13.14   16.16   12.88   16.2   11.61   15.53   14.54   14.27   10.53   14.29   15.75   11.28   10.7   15.18   11.18   14.74   15.15   14.19   15.71   16.97   17.96   16.06   17.96   16.24   13.43   15.65   17.98   13   16.75   18   12.59   17.36   14.1   15.16   10.31   13.42   15.06   10.75   12.17   16.85   16.4   10.5   12.99    
14.92   14.04   18.14   14.57   14.39   10.64   18.25   10.35   13.72   18.52   15.72   11.53   13.53   11.34   17.3   14.32   12.11   15.28   17.84   14.32   18.63   14.76   10.02   13.54   14.05   15.16   14.72   11.37   14.39   16.76   13.42   16.13   17.97   18.34   10.37   13.4   18.65   13.89   15.08   18.4   12.2   9.8   18.02   12.53   14.12   17.06   14.09   18.5   15.92   18.42   10.12   14.1   16.63   10.61   16.53   11.89   10.92   12.42   13.85   13.91   16.01   11.42   12.67   14.07   9.83   13.01   15.58   11.91   17.01   9.8   17.97   10.53   15.2   17.1   10.93   16.7   16.55   10.41   13.88   15.94   14.94   10.94   18.39   13.7   17.41   18.61   16.16   14.94   14.15   11.06   11.12   15.23   14.5   17.74   15.63   12.22   12.39   14.24   12.47   10.4    

Physical Properties by Parcel
5.6   5.2   5.2   5.2   5.5   5.3   5.6   5.4   5.3   5.3   5.6   5.3   5.3   5.6   5.3   5.4   5.3   5.4   5.2   5.6   5.6   5.6   5.3   5.5   5.6   5.3   5.4   5.5   5.3   5.3   5.5   5.6   5.3   5.5   5.3   5.3   5.4   5.5   5.2   5.5   5.4   5.5   5.2   5.2   5.4   5.2   5.5   5.4   5.4   5.6   5.6   5.6   5.6   5.4   5.4   5.5   5.5   5.3   5.3   5.2   5.2   5.2   5.4   5.5   5.4   5.5   5.4   5.3   5.5   5.4   5.3   5.4   5.5   5.4   5.6   5.5   5.3   5.4   5.5   5.4   5.2   5.4   5.5   5.2   5.5   5.4   5.4   5.4   5.2   5.4   5.5   5.3   5.3   5.2   5.3   5.6   5.5   5.5   5.6   5.5    
5.2   5.3   5.5   5.5   5.6   5.3   5.5   5.5   5.2   5.5   5.3   5.5   5.3   5.4   5.3   5.5   5.2   5.5   5.2   5.4   5.4   5.2   5.3   5.3   5.3   5.6   5.6   5.2   5.6   5.4   5.6   5.3   5.6   5.4   5.5   5.4   5.5   5.5   5.5   5.5   5.3   5.5   5.5   5.2   5.4   5.3   5.5   5.4   5.6   5.2   5.4   5.4   5.3   5.4   5.6   5.3   5.4   5.3   5.5   5.3   5.5   5.3   5.4   5.6   5.5   5.3   5.4   5.4   5.4   5.6   5.2   5.3   5.4   5.4   5.2   5.4   5.4   5.2   5.3   5.3   5.2   5.3   5.5   5.4   5.2   5.5   5.6   5.3   5.4   5.3   5.5   5.5   5.4   5.6   5.6   5.5   5.6   5.3   5.6   5.4    
5.4   5.4   5.5   5.4   5.3   5.3   5.4   5.3   5.2   5.3   5.4   5.2   5.5   5.6   5.4   5.4   5.6   5.3   5.4   5.3   5.3   5.3   5.4   5.4   5.5   5.3   5.3   5.6   5.5   5.4   5.4   5.5   5.6   5.2   5.6   5.4   5.4   5.3   5.3   5.3   5.3   5.5   5.6   5.5   5.3   5.3   5.3   5.5   5.4   5.3   5.5   5.3   5.5   5.3   5.3   5.4   5.4   5.3   5.4   5.3   5.6   5.3   5.6   5.5   5.5   5.5   5.6   5.4   5.6   5.2   5.4   5.4   5.6   5.4   5.3   5.4   5.3   5.4   5.4   5.6   5.2   5.3   5.5   5.3   5.5   5.2   5.3   5.5   5.5   5.2   5.2   5.3   5.4   5.4   5.6   5.4   5.2   5.5   5.5   5.2    
5.6   5.4   5.2   5.6   5.5   5.2   5.3   5.3   5.6   5.6   5.3   5.4   5.3   5.3   5.5   5.4   5.3   5.4   5.6   5.3   5.3   5.3   5.2   5.2   5.3   5.3   5.2   5.5   5.3   5.5   5.5   5.5   5.5   5.4   5.4   5.5   5.2   5.3   5.2   5.3   5.5   5.6   5.2   5.3   5.3   5.4   5.6   5.5   5.3   5.2   5.5   5.2   5.6   5.3   5.4   5.5   5.3   5.3   5.2   5.5   5.5   5.4   5.5   5.6   5.2   5.4   5.5   5.6   5.4   5.2   5.3   5.3   5.3   5.4   5.4   5.3   5.5   5.4   5.3   5.3   5.3   5.5   5.5   5.3   5.5   5.5   5.5   5.4   5.6   5.6   5.4   5.5   5.2   5.5   5.3   5.3   5.2   5.4   5.3   5.4    
5.2   5.6   5.4   5.5   5.4   5.4   5.3   5.4   5.4   5.4   5.3   5.4   5.5   5.4   5.2   5.6   5.5   5.5   5.5   5.6   5.5   5.4   5.3   5.3   5.3   5.4   5.3   5.4   5.3   5.4   5.4   5.4   5.4   5.6   5.3   5.2   5.4   5.4   5.6   5.6   5.5   5.4   5.4   5.4   5.3   5.5   5.5   5.6   5.4   5.6   5.6   5.4   5.3   5.4   5.5   5.5   5.4   5.3   5.2   5.5   5.6   5.5   5.4   5.5   5.6   5.5   5.5   5.6   5.2   5.3   5.3   5.5   5.2   5.3   5.5   5.4   5.6   5.4   5.4   5.4   5.3   5.5   5.2   5.6   5.6   5.5   5.5   5.2   5.3   5.6   5.4   5.6   5.5   5.4   5.5   5.5   5.3   5.3   5.5   5.5    

Ha by Parcels
5   6   7   7   7   

Cost of m3 in each parcel
2.09   1.89   2.02   2.08   1.98   