Instance: 24
width: 10
long: 10
Parcels: 5
Crops: 19
Water: 186000

Chemical Properties by Parcel
16.59   16.77   12.95   15.48   18.17   10.5   11.29   11.36   14.65   16.47   18.58   16.23   13.01   11.97   17.08   13.42   18.42   16.21   17.97   17.67   14.45   13.12   10.91   17.38   18.35   12.88   15.92   9.89   11.28   15.72   10.18   11.98   16.35   14.29   11.73   17.81   15.18   16.58   10.83   13.96   12.26   16.47   12.76   14.74   10.68   12.08   10.07   18.03   17.38   17.29   11.75   17.92   14.29   11.83   10.95   10.52   13.62   11.93   18.65   11.19   15.37   15.89   17.78   10.3   12.58   15.59   10.54   13.2   17.08   10.27   13.43   9.66   14.65   13.5   18.13   18.32   13.59   16.94   18.42   15.25   13.52   10.92   11.97   10.24   12.91   16.49   13.62   16.24   9.84   10.42   16.22   12.01   14.05   16.39   17.57   16.15   15.8   16.41   13.09   17.87    
18.23   10.12   14.15   12.39   11.1   15.9   18.62   17.71   13.98   16.73   17.35   11.03   13.23   10.83   16.27   18.28   18.07   9.8   17.52   13.19   12.34   10.38   13.28   17.51   17.78   13.89   18.33   12.47   13.98   11.61   13.93   16.2   15.29   17.89   12.18   17.97   13.57   14.56   13.54   14.7   14.08   15.93   12.1   13.36   10.11   17.7   12.16   17.49   14.35   11.95   10.8   15.97   10.7   13.4   9.93   10.43   17.57   15.18   12.49   17.71   16.89   10.65   11.72   10.81   12.85   17.34   10.15   16.88   11.02   12.33   13.43   17.27   17.89   15.4   17.39   13.63   15.42   10.67   15.64   14.4   10.7   16.16   18.38   14.49   15   9.97   9.98   13.64   16.08   13.48   17.9   9.67   16.42   12.98   11   12.36   10.06   11.02   18.6   13.96    
15.14   16.63   15.44   17.71   16.45   16.69   14.66   15.05   14.48   18.39   15.37   15.89   14.4   13.6   10.73   16.32   10.31   18.31   12.46   11.34   17.78   11.39   16.28   16.62   17.72   12.04   15.16   10.6   11.64   14.03   14.79   15.42   15.56   13.04   14.99   16.32   10.7   18.26   11.52   10.63   14.65   11.56   18.41   13.68   18.46   18.12   10.7   12.24   16.87   15.63   14.96   11.33   13.57   18.58   11.06   10.48   10.57   10.14   18.2   18.63   17.99   12.83   10.3   16.76   11.56   15.9   15.68   13.78   10.65   14.09   9.69   13.64   13.04   12.37   9.86   12.11   13.81   14.69   18.6   13.95   17.44   15   13.62   16.01   15.77   17.9   13.55   10.77   13.71   16.02   18.33   10.37   11.78   15.2   15.58   18.35   18.2   16.38   16.65   12.66    
12.88   12.98   15.6   12.03   16.18   13.73   10.95   17.24   10.82   10.36   18   16.68   16.69   9.73   16.71   14.17   18.36   15.49   14.91   11.79   14.69   15.69   12.63   16.87   16.14   18.18   14.17   14.79   17.05   15.51   15.16   16.94   15.67   15.77   10.11   10.8   18.3   12.01   11.31   12.41   18.36   17.67   15.41   11.87   14.22   13.26   17.81   12.23   10.97   13.56   11.05   15.93   15.53   9.84   12.86   13.57   15.67   14.28   14.52   11.38   16.04   15.8   13.46   15.43   12.68   10.9   11.65   18.09   15.38   18.59   16.31   14.13   17.63   15.7   15.66   9.95   14.45   10.94   11.4   16.91   13.3   12.09   17.2   10.51   10.9   13.58   13.89   10.14   17.87   13.74   16.15   15.57   12.75   16.08   14.06   18.41   16.69   14.59   17.08   15.96    
18.28   18.13   12.31   11.56   15.6   11.21   16.53   14.46   17.09   14.85   10.82   18.18   12.03   14.02   18.15   11.26   17.14   11.41   17.33   14.59   15.9   18.52   15.44   9.81   18.38   12.52   13.21   15.76   14.17   13.82   18.28   12.34   18.62   11.06   15.21   12.34   12.12   15.92   10.51   17.25   18.11   10.88   16.35   11.64   10.61   17.66   18.22   14.56   14.94   13.13   17.76   14.82   10.67   11.42   14.15   17.75   9.64   11.68   15.02   12.4   18.01   11.93   13.3   13.71   9.68   15.94   11.81   16.08   11.17   15.28   13.74   12.78   15.88   9.84   15.37   17.79   9.81   12.59   10.25   16.93   17.81   11.01   13.74   12.45   15.51   12.75   17.13   15.17   16.55   11.64   16.73   11.63   16.35   10.58   18.06   15.44   11.07   10.31   14.92   11.66    

Physical Properties by Parcel
5.2   5.6   5.5   5.3   5.3   5.5   5.3   5.5   5.5   5.5   5.3   5.3   5.6   5.2   5.6   5.4   5.6   5.4   5.4   5.4   5.4   5.5   5.3   5.3   5.4   5.2   5.4   5.3   5.4   5.5   5.2   5.5   5.4   5.5   5.5   5.2   5.5   5.6   5.6   5.4   5.5   5.4   5.3   5.3   5.5   5.4   5.5   5.2   5.5   5.4   5.4   5.5   5.2   5.4   5.5   5.2   5.3   5.2   5.5   5.3   5.4   5.4   5.2   5.5   5.2   5.3   5.5   5.6   5.3   5.6   5.2   5.2   5.5   5.3   5.3   5.5   5.5   5.3   5.3   5.5   5.4   5.5   5.5   5.5   5.6   5.2   5.3   5.4   5.3   5.3   5.6   5.3   5.6   5.4   5.6   5.3   5.5   5.2   5.3   5.2    
5.3   5.4   5.3   5.3   5.4   5.3   5.5   5.4   5.5   5.5   5.6   5.2   5.6   5.5   5.6   5.4   5.3   5.5   5.4   5.3   5.2   5.5   5.5   5.4   5.3   5.5   5.3   5.6   5.5   5.4   5.3   5.5   5.4   5.5   5.4   5.4   5.4   5.3   5.3   5.4   5.3   5.3   5.3   5.2   5.6   5.2   5.3   5.5   5.5   5.2   5.5   5.4   5.5   5.3   5.3   5.2   5.4   5.3   5.3   5.5   5.3   5.4   5.5   5.4   5.4   5.5   5.5   5.6   5.5   5.5   5.2   5.6   5.3   5.5   5.3   5.4   5.5   5.4   5.4   5.3   5.3   5.5   5.4   5.4   5.5   5.3   5.3   5.3   5.5   5.5   5.4   5.3   5.4   5.3   5.4   5.3   5.2   5.5   5.6   5.3    
5.4   5.3   5.3   5.4   5.5   5.3   5.5   5.2   5.4   5.6   5.3   5.5   5.4   5.3   5.6   5.3   5.5   5.3   5.5   5.5   5.3   5.2   5.3   5.4   5.3   5.4   5.4   5.4   5.4   5.4   5.5   5.3   5.4   5.3   5.2   5.6   5.3   5.6   5.2   5.5   5.4   5.5   5.2   5.4   5.4   5.2   5.4   5.4   5.3   5.5   5.4   5.3   5.6   5.3   5.5   5.5   5.2   5.5   5.6   5.4   5.3   5.2   5.4   5.4   5.4   5.4   5.2   5.6   5.4   5.5   5.4   5.2   5.4   5.4   5.4   5.4   5.5   5.5   5.6   5.3   5.3   5.5   5.3   5.4   5.4   5.3   5.5   5.4   5.6   5.4   5.3   5.4   5.6   5.4   5.5   5.3   5.3   5.2   5.3   5.5    
5.2   5.4   5.4   5.5   5.3   5.5   5.3   5.2   5.4   5.5   5.4   5.6   5.2   5.5   5.4   5.4   5.4   5.3   5.5   5.2   5.3   5.6   5.4   5.5   5.2   5.6   5.4   5.5   5.3   5.2   5.4   5.3   5.5   5.5   5.4   5.2   5.3   5.2   5.4   5.4   5.4   5.5   5.3   5.4   5.4   5.3   5.4   5.5   5.4   5.6   5.5   5.3   5.4   5.3   5.5   5.4   5.5   5.2   5.4   5.2   5.3   5.4   5.4   5.3   5.6   5.6   5.6   5.3   5.3   5.5   5.3   5.3   5.6   5.3   5.2   5.5   5.4   5.4   5.4   5.3   5.4   5.6   5.3   5.6   5.5   5.3   5.5   5.3   5.2   5.4   5.2   5.6   5.5   5.3   5.5   5.5   5.5   5.4   5.3   5.4    
5.6   5.5   5.2   5.4   5.3   5.5   5.2   5.4   5.2   5.5   5.4   5.4   5.4   5.5   5.6   5.6   5.4   5.3   5.4   5.3   5.3   5.5   5.4   5.3   5.4   5.5   5.5   5.3   5.3   5.3   5.4   5.3   5.6   5.3   5.3   5.5   5.4   5.5   5.5   5.4   5.3   5.5   5.3   5.5   5.6   5.5   5.6   5.6   5.4   5.3   5.6   5.4   5.4   5.3   5.4   5.4   5.3   5.4   5.3   5.5   5.5   5.4   5.4   5.3   5.5   5.2   5.3   5.5   5.6   5.5   5.4   5.3   5.5   5.3   5.4   5.3   5.6   5.4   5.5   5.5   5.2   5.6   5.5   5.4   5.5   5.4   5.3   5.5   5.4   5.6   5.4   5.4   5.3   5.5   5.4   5.5   5.3   5.3   5.3   5.3    

Ha by Parcels
6   5   7   7   6   

Cost of m3 in each parcel
2.2   1.82   2.1   2.17   2.16   