Instance: 27
width: 10
long: 10
Parcels: 5
Crops: 19
Water: 168000

Chemical Properties by Parcel
14.05   18.57   10.17   14.77   14.47   10.67   10.61   12.69   16.09   12.82   12.64   10.74   11.81   12.82   17.05   13.92   9.95   15.84   17.96   10.86   13.36   16.16   14.9   10.33   9.9   16.65   18.09   16.4   10.7   14.07   10.45   14.92   17.85   14.08   12.01   16.86   12.64   11.98   10.12   12.98   9.69   12.22   10.18   12.66   13.33   13.77   15.92   12.14   12.62   15.89   11.85   10.64   15.03   17.2   11.8   10.46   9.65   16.94   18.67   10.36   14.47   18.48   13.72   10.17   16.89   17.04   11.96   17.82   16.46   16.8   10.46   13.04   15.37   14.04   11.87   13.52   11.18   9.77   13.71   15.88   10.1   15.58   18.21   11.71   15.11   16.21   17.08   15.06   16.5   16.37   14.99   10.24   11.88   16.96   9.8   11.09   10.32   11.82   11.43   13.38    
17.61   13.14   14.08   11.72   10.02   18.17   18.18   17.04   16.39   16.32   10.64   17.46   11.14   9.8   17.29   11.19   18.5   15.29   11.42   17.49   17.6   11.76   15.73   16.59   13.75   17.95   15.48   10.08   11.84   17.49   10.37   10.82   10.25   13.58   14.08   16.94   15.16   13.22   10.7   15.37   11.73   13.75   13.38   15.01   10.29   9.76   16.16   18.36   12.94   11.45   11.74   13.78   9.7   10.66   11.51   15.41   13.34   12.85   13.32   14.37   14.62   16.78   16.93   14.23   12.54   14.62   14.51   14.04   10.5   12.62   10.66   11.89   14.8   17.56   17.48   10.76   17.06   16.41   15.43   17.52   15.47   12.91   16.61   16.89   10.92   11.77   12.02   11.4   14.56   14.26   12.09   18.16   12.09   16.07   16.65   13.2   12.25   16.57   14.51   14.69    
12.65   13.7   13.38   9.82   12.98   16.4   14.68   16.38   9.68   15.79   13.86   10.86   16.08   11.17   13.59   10.84   11.86   11.7   14.27   13.37   10.93   14.9   14.77   11.11   13.2   14.82   15.36   10.6   13.24   12.34   13.91   16.51   11.26   9.7   13.44   18.13   17.22   16.27   13.67   14.52   11.72   11.17   14.08   14.69   18.39   17.39   10.01   12.68   14.72   14.29   18.44   10.47   18.09   16.26   14.98   15.84   10.28   17.11   9.63   15.21   9.83   18.67   15.72   12.47   10.19   16.12   11.84   15.46   11.16   12.93   15.45   15.66   16.15   10.78   13.01   15.59   13.6   10.81   10.73   13.05   15.2   17.2   14.85   14.94   14.52   15.69   14.14   16.87   11.6   18.08   10.15   12.46   12.54   18.02   13.42   13.91   13.15   12.75   14.57   11.21    
12.35   15.53   17.56   12.62   16.61   13.82   9.95   12.18   17.15   16.77   17   18.43   18.57   17.96   17.56   15.76   13.68   9.96   11.75   15.74   13.78   11.75   11.42   12.95   17.54   16.56   14.72   15.81   18.49   14.75   10.2   15.97   14.89   9.86   10.54   14.7   12.66   9.69   15.69   14.97   12.5   10.48   14.72   16   17.36   10.72   17.26   9.91   15.01   18.12   14.42   17.2   17.4   13.36   14.7   15.14   11.3   16.18   18.6   14.2   11.38   17.27   13.6   18.37   15.38   12.6   17   15.03   16.23   12.57   11.76   12.63   16.4   17.2   12.04   17   17.21   11.7   12.77   9.82   10.47   9.81   14.21   11.36   17.87   17.58   12.44   18.02   14.32   17.58   10.29   15.05   17.4   9.96   12.38   9.61   15.25   10.37   13.33   11.62    
15.51   16.83   12.07   14.49   12.67   10.36   14.97   12.09   12.34   18.04   10.57   17.15   14.83   14.43   12.07   15.59   12.89   15.07   9.83   16.5   11.69   16.34   15.23   11.3   14.79   10.43   15.93   17.1   12.33   11.58   15.23   13.21   16.98   11.92   10.04   16.26   11.21   12.28   16.64   12.17   15.1   9.84   16.72   17.67   10.86   15.33   15.07   16.78   15.18   17.94   17.44   17.78   17.39   16.11   10.84   12.46   10.88   14.3   9.72   10.35   17.7   12.93   13.49   11.54   15.33   18.66   11.73   18.26   11.35   11.66   9.96   12.22   11.12   15.06   12.17   16.21   15.11   12.07   14.64   12.32   18.47   10.99   11.28   17.15   12.89   12.34   10.2   13.75   17.98   14.69   16.27   13.12   14.92   13.66   15.86   18.02   9.71   12.32   18.55   16.21    

Physical Properties by Parcel
5.5   5.5   5.2   5.3   5.6   5.6   5.5   5.6   5.4   5.3   5.5   5.3   5.3   5.4   5.3   5.2   5.3   5.3   5.2   5.5   5.5   5.4   5.2   5.3   5.5   5.3   5.2   5.4   5.5   5.4   5.4   5.4   5.4   5.4   5.4   5.4   5.5   5.3   5.3   5.6   5.5   5.3   5.6   5.4   5.5   5.4   5.6   5.3   5.5   5.4   5.5   5.6   5.5   5.4   5.6   5.3   5.6   5.4   5.3   5.3   5.2   5.5   5.5   5.2   5.3   5.3   5.6   5.4   5.4   5.6   5.3   5.3   5.4   5.3   5.5   5.4   5.5   5.3   5.5   5.5   5.3   5.4   5.6   5.3   5.4   5.3   5.5   5.6   5.3   5.2   5.5   5.5   5.4   5.4   5.3   5.5   5.3   5.5   5.2   5.6    
5.2   5.3   5.5   5.4   5.4   5.6   5.5   5.5   5.5   5.6   5.4   5.2   5.3   5.4   5.2   5.5   5.3   5.4   5.5   5.5   5.4   5.5   5.3   5.3   5.3   5.5   5.5   5.2   5.3   5.2   5.4   5.3   5.4   5.4   5.4   5.3   5.5   5.6   5.5   5.5   5.3   5.6   5.4   5.6   5.3   5.5   5.5   5.4   5.5   5.5   5.5   5.3   5.5   5.3   5.5   5.2   5.2   5.2   5.5   5.4   5.5   5.5   5.3   5.2   5.5   5.5   5.3   5.6   5.2   5.3   5.2   5.2   5.3   5.5   5.2   5.5   5.4   5.4   5.2   5.3   5.5   5.4   5.3   5.6   5.5   5.3   5.4   5.5   5.5   5.5   5.2   5.5   5.3   5.4   5.4   5.6   5.4   5.4   5.6   5.3    
5.3   5.4   5.5   5.3   5.5   5.3   5.3   5.2   5.5   5.3   5.3   5.4   5.4   5.5   5.2   5.4   5.4   5.5   5.3   5.4   5.4   5.5   5.3   5.3   5.4   5.4   5.6   5.6   5.5   5.2   5.5   5.3   5.4   5.5   5.3   5.5   5.4   5.6   5.2   5.4   5.5   5.5   5.2   5.5   5.4   5.5   5.5   5.3   5.5   5.4   5.5   5.4   5.2   5.5   5.2   5.5   5.3   5.2   5.4   5.4   5.3   5.4   5.4   5.3   5.4   5.3   5.4   5.3   5.5   5.3   5.5   5.4   5.4   5.2   5.3   5.4   5.6   5.2   5.2   5.6   5.5   5.2   5.5   5.5   5.3   5.5   5.6   5.4   5.4   5.3   5.5   5.2   5.3   5.4   5.6   5.2   5.3   5.4   5.5   5.3    
5.6   5.2   5.4   5.4   5.3   5.5   5.4   5.4   5.5   5.5   5.3   5.6   5.5   5.4   5.4   5.3   5.3   5.2   5.6   5.6   5.3   5.4   5.3   5.2   5.4   5.5   5.5   5.4   5.4   5.4   5.5   5.6   5.4   5.6   5.4   5.3   5.3   5.4   5.3   5.5   5.5   5.3   5.5   5.5   5.4   5.3   5.2   5.5   5.4   5.3   5.3   5.6   5.6   5.2   5.5   5.4   5.6   5.6   5.3   5.3   5.4   5.5   5.4   5.4   5.5   5.3   5.6   5.2   5.6   5.4   5.3   5.4   5.5   5.4   5.4   5.3   5.2   5.4   5.6   5.5   5.3   5.2   5.6   5.5   5.3   5.4   5.5   5.3   5.3   5.3   5.5   5.4   5.5   5.4   5.3   5.5   5.6   5.2   5.5   5.4    
5.5   5.3   5.3   5.5   5.5   5.3   5.5   5.4   5.2   5.5   5.5   5.6   5.4   5.3   5.3   5.2   5.4   5.4   5.2   5.4   5.5   5.2   5.3   5.3   5.4   5.5   5.5   5.5   5.2   5.5   5.3   5.3   5.3   5.3   5.6   5.3   5.4   5.4   5.3   5.3   5.6   5.2   5.3   5.4   5.6   5.2   5.3   5.4   5.5   5.2   5.4   5.3   5.5   5.4   5.5   5.4   5.3   5.3   5.6   5.5   5.5   5.4   5.5   5.6   5.5   5.5   5.5   5.4   5.3   5.4   5.5   5.6   5.6   5.5   5.2   5.3   5.4   5.4   5.3   5.3   5.6   5.5   5.3   5.4   5.5   5.6   5.5   5.2   5.3   5.5   5.2   5.5   5.3   5.5   5.2   5.5   5.4   5.4   5.4   5.6    

Ha by Parcels
5   5   7   5   6   

Cost of m3 in each parcel
2.08   2   1.91   2.17   1.98   