Instance: 22
width: 10
long: 10
Parcels: 5
Crops: 19
Water: 192000

Chemical Properties by Parcel
17.13   10.68   15.06   9.84   12.52   11.01   11.33   13.31   18.43   10.23   10.56   18.19   16.63   15.86   13.46   16.04   14.75   12.38   17.16   18.39   15.18   18.21   16.97   14.78   13.49   17.63   10.6   14.96   17.36   13.23   13.59   11.56   13.12   16.96   13.42   17.69   16.57   16.15   16.83   15.96   16.78   14.58   17.56   9.76   13.2   12.18   11.87   13.22   18.66   14.24   16.26   16.03   10.03   15.68   14.78   14.34   17.66   14.75   17.68   16.56   16.85   11.01   13.3   15.09   12.79   14.48   13.06   14.87   18.51   11.7   16.96   9.67   16.88   15.92   17.68   15.2   15.97   10.35   16.08   13.49   15.59   12.03   11.68   17.94   12.59   10.52   13.61   13.08   17.47   18.11   17.44   15.1   9.6   13.07   11.55   16.16   13.01   12.62   13.13   13.04    
15.43   10.67   15.62   14.54   10.05   9.75   17.26   15.23   11.57   14.86   11.5   15.13   11.64   17.56   15.16   16.69   17.18   18.11   9.8   9.78   18.13   13.13   15.24   15.14   12.05   12.77   10.67   11.65   12.78   14.76   12.63   11.59   15.92   16.95   9.86   10.71   12.01   14.17   18.51   13.43   11.16   15.33   12.38   14.72   15.31   17.46   10.07   11.7   10.98   18.33   9.72   17.36   9.79   13.21   17   12.96   18.48   12.05   11.71   11.87   11.15   13.48   16.76   16.49   13.04   17.44   14.68   13.83   13.63   12.83   12.03   9.79   18.54   12.92   15.09   11.09   12.72   11.1   16.95   18.6   16.89   11.76   14.11   13.81   9.77   17.91   16.28   11.35   16.35   12   13.03   13.55   16.49   11.77   15.37   12.94   10.48   10.13   17.85   15.07    
17.43   18.25   10.09   14.73   16.51   13.61   12.12   10.13   9.92   14.91   11.33   14.59   10.73   17.64   17.22   11.58   14.52   15.16   18.45   10.62   11.49   16.99   9.75   12.19   9.87   14.88   11.94   11.24   16.24   14.73   12.38   12.19   17.96   16.34   16.83   9.67   13.5   13.49   12.67   17.12   17.69   14.58   16.19   15.76   14.66   10.92   13.08   14.99   13.14   11.02   10.27   15.04   13.05   13.37   17.36   17.29   10.79   18.03   12.02   9.68   15.82   13.08   16.92   18.01   15.02   18   15.15   13.96   12.04   10.99   13.5   16.42   14.39   13.33   16.96   13.25   13.66   12.14   14.7   12.49   13.55   12.86   13.73   14.14   14.61   12.07   11.19   11.44   10.45   18.14   14.41   12.56   13.47   10.41   17.69   10.11   10.04   9.85   17.84   16.49    
13.76   10.6   10.54   16.01   17.34   14.18   13.72   12.48   12.13   15.74   17.18   16.41   14.31   15.06   13.02   13.37   17.68   15.39   10.28   10.94   13.71   17.88   15.16   16.11   13.84   18.33   13.54   14.94   10.41   15.29   10.35   18.22   12.6   11.32   16.67   18.34   11.93   16.57   11.7   12.23   13.61   18.2   16.35   17.42   15.7   15.79   14.26   17.57   17.77   13.5   11.68   10.36   13.61   14.56   17.75   12.26   13.62   17.95   17.84   10.81   14.74   17.45   12.97   10.31   18.28   12.02   15.99   16.06   13.52   18.41   13.58   11.67   18.3   13.33   12.48   11.62   12.52   14.35   15.19   15.84   10.61   17.44   16.1   12.14   17.82   9.7   18.13   17.34   16.17   11.51   15.26   11.37   16.33   11.9   13.72   10.28   11.72   15.28   9.92   14    
16.22   11.09   16.23   12.8   16.1   12.93   17.55   17.84   12.71   17.56   13.55   11.56   15.84   12.01   11.83   10.41   13.15   13.43   11.55   10.69   16.33   12.37   9.79   14.84   18.58   18.39   10.29   14.55   18.1   17.01   16.12   12.52   16.5   10.76   15.66   10.05   10.43   17.11   16.28   15.17   12.76   13.94   16.63   16.62   12.33   14.81   17.53   14.71   17.9   9.93   17.09   18.03   13.37   18.64   17.01   15.17   15.32   16.74   13.12   12.4   14.64   11.7   15.41   9.9   11.29   10.98   15.73   16.75   15.09   10.77   12.43   13.46   12.23   14.34   9.9   16.99   16.09   16.26   11.33   11.5   11.05   16.22   13.75   17.9   16.9   16.82   14.38   10.91   9.91   14.71   10.27   11.37   10.05   12.03   18.29   16.98   15.66   12.03   15.59   17.26    

Physical Properties by Parcel
5.4   5.5   5.2   5.2   5.5   5.2   5.2   5.4   5.2   5.3   5.4   5.5   5.5   5.4   5.2   5.3   5.2   5.3   5.4   5.6   5.5   5.3   5.2   5.4   5.4   5.4   5.2   5.4   5.5   5.4   5.4   5.4   5.5   5.4   5.3   5.4   5.4   5.2   5.6   5.4   5.4   5.5   5.4   5.3   5.4   5.4   5.4   5.4   5.3   5.5   5.3   5.5   5.5   5.2   5.3   5.4   5.3   5.3   5.4   5.5   5.4   5.6   5.3   5.2   5.4   5.4   5.4   5.3   5.3   5.4   5.4   5.5   5.3   5.5   5.3   5.2   5.5   5.4   5.4   5.5   5.5   5.3   5.3   5.4   5.4   5.6   5.4   5.4   5.3   5.4   5.3   5.3   5.6   5.4   5.4   5.5   5.2   5.4   5.6   5.3    
5.4   5.5   5.4   5.4   5.4   5.4   5.4   5.3   5.4   5.5   5.3   5.3   5.4   5.5   5.5   5.5   5.4   5.6   5.5   5.4   5.6   5.3   5.3   5.3   5.3   5.3   5.4   5.6   5.5   5.6   5.3   5.4   5.2   5.4   5.6   5.2   5.3   5.6   5.4   5.4   5.3   5.4   5.5   5.3   5.6   5.2   5.2   5.4   5.4   5.6   5.5   5.3   5.3   5.3   5.5   5.2   5.5   5.3   5.6   5.5   5.3   5.4   5.4   5.3   5.3   5.5   5.5   5.6   5.5   5.3   5.4   5.4   5.4   5.3   5.4   5.3   5.5   5.5   5.5   5.4   5.3   5.2   5.5   5.6   5.3   5.3   5.6   5.4   5.4   5.4   5.5   5.5   5.2   5.4   5.4   5.5   5.3   5.5   5.5   5.3    
5.2   5.3   5.6   5.3   5.3   5.3   5.5   5.4   5.4   5.2   5.3   5.3   5.4   5.4   5.4   5.4   5.3   5.4   5.3   5.5   5.5   5.3   5.2   5.5   5.3   5.5   5.4   5.4   5.3   5.4   5.2   5.3   5.4   5.4   5.4   5.4   5.6   5.5   5.2   5.6   5.3   5.6   5.2   5.6   5.4   5.2   5.5   5.4   5.3   5.4   5.4   5.3   5.3   5.3   5.4   5.4   5.2   5.4   5.5   5.3   5.3   5.6   5.4   5.3   5.3   5.3   5.3   5.5   5.3   5.4   5.5   5.3   5.3   5.5   5.3   5.3   5.3   5.5   5.5   5.3   5.5   5.2   5.4   5.5   5.5   5.4   5.2   5.3   5.4   5.4   5.5   5.3   5.4   5.3   5.5   5.5   5.3   5.2   5.5   5.3    
5.5   5.5   5.4   5.4   5.3   5.5   5.4   5.4   5.4   5.6   5.6   5.5   5.5   5.4   5.3   5.2   5.5   5.3   5.4   5.5   5.5   5.3   5.2   5.5   5.2   5.3   5.6   5.4   5.5   5.5   5.4   5.3   5.4   5.3   5.3   5.2   5.5   5.5   5.3   5.3   5.4   5.3   5.4   5.4   5.2   5.4   5.5   5.3   5.3   5.4   5.3   5.6   5.3   5.2   5.6   5.5   5.4   5.6   5.6   5.4   5.6   5.4   5.5   5.2   5.4   5.3   5.5   5.2   5.6   5.4   5.4   5.4   5.3   5.2   5.4   5.6   5.3   5.3   5.4   5.5   5.4   5.3   5.4   5.5   5.5   5.5   5.5   5.6   5.3   5.4   5.5   5.3   5.6   5.3   5.2   5.2   5.6   5.5   5.3   5.6    
5.5   5.6   5.3   5.4   5.4   5.2   5.4   5.2   5.4   5.5   5.5   5.3   5.3   5.3   5.5   5.4   5.4   5.4   5.6   5.3   5.3   5.2   5.2   5.5   5.6   5.2   5.5   5.3   5.3   5.5   5.3   5.2   5.4   5.2   5.4   5.2   5.4   5.4   5.4   5.3   5.4   5.3   5.3   5.2   5.4   5.6   5.4   5.5   5.5   5.3   5.2   5.4   5.6   5.4   5.5   5.5   5.2   5.5   5.3   5.3   5.2   5.4   5.2   5.4   5.4   5.3   5.5   5.5   5.2   5.4   5.5   5.5   5.2   5.3   5.3   5.4   5.4   5.3   5.6   5.3   5.5   5.4   5.3   5.3   5.2   5.6   5.2   5.5   5.4   5.5   5.5   5.6   5.3   5.4   5.3   5.4   5.4   5.3   5.3   5.4    

Ha by Parcels
7   5   6   7   7   

Cost of m3 in each parcel
2.11   1.89   2.14   2.06   2.16   