Instance: 26
width: 10
long: 10
Parcels: 5
Crops: 19
Water: 168000

Chemical Properties by Parcel
9.72   10.32   15.65   14.11   13.46   16.95   17.27   10.7   12.53   10.05   14.73   17.54   14.86   9.61   16.87   10.93   10.2   17.39   14.41   12.46   16.3   14.81   13.67   15.15   18.23   17.65   17.89   12.08   10.04   14.79   10.93   18.13   11.36   18.42   15.97   12.1   13.54   16.37   10.91   17.64   9.93   17.79   9.85   13.49   10.24   10.04   10.33   9.87   11.69   17.98   15.66   17.91   17.88   10.86   14.01   12.22   14.53   11.66   14.4   14.11   11.09   17.57   12.12   13.21   11.92   13.84   11.1   9.73   16.98   17.09   12.05   13.44   15.7   11.79   12.08   17.68   10.48   16.38   15.63   11.97   15.09   15.13   11.29   15.18   9.88   10.62   14.6   10.82   17.63   14.82   13.04   12.01   17.7   15.03   13.36   10.45   17.37   15.06   18.39   18.65    
15.29   14.33   17.62   10.53   11.48   14.47   17   15.27   18.27   15.23   17.26   18.22   18.65   15.92   11.93   9.83   10.04   18.04   15.31   18.31   12.97   17.43   13.1   12.01   18.32   16.96   15.49   13.27   9.69   14.13   12.33   14.43   15.23   18.3   12.56   14.29   16.27   15.52   13.01   11.54   12.84   17.67   15.08   18.45   18.7   13.6   16.35   13.31   13.13   13.71   13.54   13.31   13.32   14.75   16.9   13.33   12.52   12.56   12.23   17.86   11.44   16.93   16.19   11.62   15.57   14.26   15.59   14.26   16.52   14.29   18.14   10.02   12.14   17.29   14.52   16.1   10.57   10.78   15.45   16.8   18.46   14.02   18.3   18.32   13.26   15.61   12.34   14.74   17.85   13.44   13.59   10.91   13.69   11.4   10.9   11.24   10.89   18.43   14.47   10.72    
15.61   15.56   10.77   12.11   12.45   11.44   11.61   10.01   10.66   16.03   11.52   17   17.36   15.41   11.91   13.48   9.93   11.96   10.71   17.62   16.42   10.9   15.59   18.31   16.07   18.13   14   10.61   15.19   13.06   18.17   15.22   15.95   14.78   12.43   18.33   14.85   13.87   11.88   13.86   12.51   15.85   14.22   11.54   16.68   13.97   17.53   10.92   11.1   9.83   12.98   14.01   17.59   18.12   16.28   12.91   14.94   9.81   10.39   16.12   14.62   12.46   17.86   13.4   11.47   12.51   11.7   15.77   18.58   14.57   10.51   15.78   13.31   11.98   12.06   13.86   13.15   14.28   11.07   10.48   17.26   13.19   10.18   9.72   13.99   14.64   14.92   15.96   18.02   18.42   12.86   14.76   9.62   18.31   18.69   10.44   12.71   13.6   12.29   11.53    
15.75   18.33   14.48   18.36   17.82   12.87   12.73   16.62   9.88   14.73   11.64   17.77   15.09   11.85   11.59   9.87   10.64   11.83   17.64   12.4   16.02   13.64   15.27   12.68   10.7   17.99   11.97   13.78   17.89   12.72   17.53   11.91   17.66   14.98   17.45   12.52   17.01   15.67   12.29   12.19   13.09   17.13   13.86   10.2   13.21   18.42   16.34   13.17   11.69   12.17   15.22   14.78   14.44   10.77   10.24   14.07   11.25   11.32   10.68   17.87   14.01   17.35   15.6   18.23   15.37   17.38   14.54   17.5   13.32   11.19   17.81   10.37   10.76   11.12   16.24   13.52   17.34   18.34   16.04   15.74   17.23   10.44   12.18   12.19   11.84   13.26   18.7   13.65   10.38   11.18   10.26   12.53   13.43   14.33   11.59   14.85   17.14   9.89   16.27   10.83    
17.06   11.44   11.13   17.49   11.11   14.36   12.98   9.62   16.64   17.86   17.29   18.3   9.94   18.57   11.9   10.03   10.22   11.72   16.33   11.03   12.14   11.67   10.76   10.77   11.47   11.16   13.01   13.27   14.97   15.55   12.1   17.87   16.01   15.68   13.36   11.47   18.08   17.56   12.93   17.55   15.03   10.71   11.03   11.02   9.92   11.46   18.34   17.27   18.09   17.66   10.06   13.44   17.74   11.04   9.69   13.79   12.12   16.54   11.23   11.88   12.05   18.29   12.86   15.95   11.53   14.28   16.58   13.84   11.28   9.76   11.77   12.87   17.16   12.78   15.79   18.44   13.55   13.88   16.63   14.8   11.86   13.54   18.01   11.85   10.27   15.46   13.92   12.28   10.41   13.09   10.94   17.37   18.03   14.78   16.44   16.98   18.69   16.62   10.84   18.05    

Physical Properties by Parcel
5.2   5.4   5.4   5.3   5.3   5.4   5.3   5.5   5.4   5.3   5.2   5.2   5.5   5.6   5.3   5.6   5.6   5.3   5.6   5.4   5.3   5.2   5.3   5.4   5.5   5.2   5.5   5.2   5.5   5.4   5.4   5.5   5.5   5.5   5.3   5.3   5.3   5.6   5.6   5.4   5.2   5.3   5.3   5.6   5.5   5.3   5.6   5.5   5.5   5.4   5.5   5.4   5.4   5.5   5.3   5.4   5.5   5.5   5.2   5.3   5.2   5.5   5.4   5.4   5.4   5.4   5.3   5.3   5.4   5.4   5.4   5.6   5.4   5.5   5.6   5.3   5.4   5.5   5.6   5.6   5.4   5.5   5.4   5.5   5.4   5.5   5.2   5.2   5.3   5.4   5.5   5.6   5.4   5.3   5.4   5.3   5.3   5.2   5.5   5.2    
5.2   5.2   5.2   5.2   5.3   5.5   5.3   5.4   5.3   5.3   5.3   5.5   5.4   5.5   5.3   5.3   5.5   5.5   5.5   5.4   5.4   5.5   5.4   5.2   5.2   5.4   5.6   5.4   5.3   5.3   5.2   5.3   5.3   5.5   5.3   5.3   5.6   5.2   5.5   5.4   5.4   5.5   5.4   5.5   5.6   5.2   5.5   5.3   5.3   5.2   5.3   5.2   5.3   5.6   5.4   5.4   5.2   5.3   5.6   5.2   5.5   5.3   5.5   5.6   5.5   5.5   5.2   5.4   5.6   5.5   5.4   5.3   5.3   5.3   5.5   5.5   5.5   5.6   5.3   5.4   5.3   5.4   5.3   5.3   5.3   5.4   5.3   5.2   5.3   5.5   5.4   5.5   5.5   5.5   5.2   5.4   5.3   5.6   5.4   5.4    
5.4   5.3   5.4   5.4   5.3   5.6   5.6   5.4   5.3   5.3   5.3   5.5   5.5   5.3   5.5   5.6   5.2   5.3   5.3   5.3   5.4   5.5   5.3   5.4   5.4   5.3   5.4   5.2   5.3   5.4   5.3   5.4   5.5   5.2   5.5   5.5   5.5   5.5   5.6   5.5   5.4   5.3   5.6   5.5   5.6   5.3   5.4   5.5   5.3   5.4   5.5   5.2   5.2   5.4   5.4   5.5   5.3   5.4   5.5   5.3   5.5   5.3   5.4   5.4   5.5   5.5   5.5   5.2   5.5   5.5   5.5   5.3   5.6   5.5   5.6   5.3   5.2   5.4   5.5   5.5   5.5   5.5   5.3   5.3   5.6   5.5   5.5   5.4   5.5   5.5   5.5   5.5   5.3   5.3   5.6   5.6   5.5   5.5   5.2   5.2    
5.4   5.2   5.6   5.3   5.3   5.6   5.4   5.3   5.3   5.2   5.3   5.4   5.5   5.5   5.2   5.4   5.4   5.5   5.2   5.4   5.5   5.5   5.2   5.4   5.3   5.5   5.4   5.2   5.6   5.4   5.5   5.4   5.3   5.4   5.5   5.5   5.2   5.4   5.3   5.2   5.4   5.2   5.5   5.6   5.4   5.6   5.5   5.5   5.5   5.5   5.4   5.5   5.2   5.5   5.3   5.3   5.5   5.4   5.3   5.3   5.3   5.5   5.5   5.4   5.2   5.3   5.3   5.3   5.3   5.3   5.3   5.6   5.4   5.4   5.4   5.4   5.2   5.5   5.4   5.5   5.2   5.3   5.5   5.5   5.5   5.4   5.4   5.5   5.2   5.5   5.2   5.5   5.3   5.2   5.5   5.4   5.2   5.3   5.5   5.2    
5.6   5.3   5.3   5.4   5.4   5.3   5.2   5.4   5.5   5.5   5.5   5.3   5.3   5.5   5.5   5.3   5.3   5.4   5.3   5.6   5.6   5.4   5.5   5.4   5.4   5.5   5.5   5.3   5.4   5.5   5.5   5.3   5.4   5.3   5.4   5.3   5.5   5.4   5.4   5.3   5.4   5.4   5.3   5.5   5.5   5.2   5.4   5.3   5.4   5.3   5.2   5.4   5.2   5.4   5.2   5.4   5.5   5.4   5.6   5.5   5.4   5.4   5.5   5.3   5.5   5.6   5.4   5.4   5.4   5.3   5.5   5.2   5.4   5.5   5.6   5.4   5.4   5.3   5.5   5.4   5.6   5.3   5.3   5.6   5.3   5.3   5.3   5.3   5.5   5.5   5.5   5.4   5.3   5.4   5.6   5.3   5.3   5.4   5.4   5.4    

Ha by Parcels
6   7   5   5   5   

Cost of m3 in each parcel
2.17   2.03   1.96   1.99   2.06   