Instance: 25
width: 10
long: 10
Parcels: 5
Crops: 19
Water: 180000

Chemical Properties by Parcel
16.2   10.07   12.21   13.04   13.24   13.12   13.76   15.04   16.97   11.5   10.43   15.48   10.16   14.21   12.18   10.09   10.8   15.67   18.18   17.87   12.49   10.59   17.51   15.28   18.16   11.25   10.33   18.29   12.33   12.31   13.2   11.99   17.56   12.64   11.93   9.86   16.69   11.96   16.97   15.28   13.83   9.92   11.76   12.55   15.7   16.45   12.58   14.79   15.34   9.82   12.41   14.07   14.38   15.26   18.03   15.64   11.27   12.95   16.6   10.8   9.94   12.17   17.34   15.7   12.55   18.36   13.55   12.34   14.53   11.71   10.61   10.14   10.94   9.86   10.81   9.67   14.27   14.57   18.55   14.17   10.81   15.24   11.54   16.08   10.22   13.02   14.24   13.03   15.58   10.64   9.92   17.15   13.81   13.72   18.67   11.96   13.98   16.15   13.95   11.67    
14.3   13.54   11.99   18.44   13.54   16.21   14.13   11.11   13.31   13.07   10.02   11.73   12.42   15.07   17.38   15.54   16.65   12.27   16.58   11.41   14.45   10.32   13.99   10.44   18.59   14.7   16.45   13.11   9.99   17.23   17.25   15.12   11.25   12.11   11.6   15.46   16.82   14.28   14.41   17.73   16.48   16.31   16.66   15.5   11.94   11.34   16.78   16.27   17.6   18.21   17.98   13.27   17.98   17.89   9.62   13.97   18.53   10.55   14.54   16.36   16.75   11.11   11.32   14.78   11.99   10.7   13.44   17.12   17.53   13.24   14.27   9.71   11.28   10.54   16.23   15.45   16.07   14.27   16.69   17.78   18.49   17.47   14.37   14.24   17.36   12.86   18.04   17.78   10.82   13.46   11.96   14.8   12.91   11.78   14.57   16.5   17.93   14.13   12.12   12.35    
12.86   16.89   17.33   9.68   12.43   9.61   12.57   15.04   16.24   13.53   11.65   14.9   18.54   12.33   18.58   13.71   11.12   15.33   15.06   10.04   12.4   15.55   13.52   10.44   17.04   13.73   12.31   18.14   11.34   17.34   16.91   15   18.41   14.54   17.85   18.57   18.04   14.18   16.52   13.94   14.58   15.17   16.7   15.33   16   14.63   18.5   11.61   15.29   18.27   14.5   14.25   10.47   16.61   15.48   16.47   17.87   18.14   14.75   18.46   14.79   11.91   18.42   18.37   11.88   14.32   14.28   14.75   18.58   18.06   15.69   11.25   10.87   16.16   16.87   14.49   10.44   10.07   14   15.96   11.49   10.97   10.54   12.71   9.85   16   15.64   11.96   16.22   14.08   17.56   10.84   17.07   12.27   13.95   14.67   10.61   9.68   17.12   12.15    
16.06   16.36   13.34   9.96   13.57   17.21   14.66   14.85   11.05   17.94   17.09   14.19   13.71   10.25   14.25   11.71   10.88   15.38   11.23   13.22   13.06   18.29   12.78   16.43   18.56   13.3   13.75   12.29   18.7   15.6   10.1   15.82   14.49   11.34   12.05   17.34   17.34   10.13   14.15   17.89   15.61   17.84   13.01   12.28   16.33   11.72   18.25   10.87   16.27   17.93   11.15   18.11   11.79   18.37   14.71   13.29   10.92   14.53   11.35   15.6   11.34   11.74   17.57   14.81   16.96   14.7   15.24   13.55   11.38   16.29   12.62   17.18   15.47   15.93   16.62   16.9   10.72   12.84   16.47   11.48   10.48   10.78   15.12   13.1   15.15   15.89   17.45   9.97   15.22   18.66   11.65   13.08   14.67   14.5   16.55   14.26   11.23   17.59   12.96   10.25    
13.75   10.75   16.6   12.51   17.95   12.42   16.51   18.45   12.59   11.55   17.69   12.42   13.19   9.87   15.48   15.7   15.62   13.57   10.12   16.85   13.81   16.38   11.9   10.52   10.74   12.18   12.39   11.23   13.45   10   12.39   14.85   12.15   14.79   15.86   16.95   16.16   10.49   16.92   15.19   10.31   18.18   16.56   14.04   13.62   10.97   14.2   13.54   12.9   13.01   10.68   18.51   16.96   9.86   13.56   13.73   12.92   15.67   17.3   14.08   15.86   15.36   13.11   16.92   11.51   18.22   10.13   11.34   10.39   13.67   13.37   16.99   13.33   11.2   13.07   15.92   15.53   9.86   12.72   14.22   12.99   15.39   13.79   14.81   11.15   14.28   11.97   10.77   17.7   13.64   13.73   17.33   10.25   10.69   9.79   15.16   15.52   9.96   14.47   14.17    

Physical Properties by Parcel
5.6   5.5   5.5   5.2   5.5   5.5   5.4   5.6   5.6   5.6   5.3   5.4   5.2   5.2   5.5   5.4   5.4   5.4   5.6   5.5   5.2   5.4   5.5   5.3   5.4   5.5   5.3   5.4   5.2   5.5   5.5   5.5   5.3   5.6   5.6   5.6   5.4   5.3   5.4   5.3   5.3   5.3   5.4   5.5   5.6   5.3   5.4   5.2   5.4   5.3   5.4   5.4   5.4   5.3   5.4   5.5   5.5   5.6   5.4   5.2   5.5   5.4   5.4   5.2   5.4   5.5   5.3   5.2   5.6   5.5   5.3   5.5   5.3   5.2   5.3   5.6   5.3   5.3   5.5   5.3   5.4   5.6   5.3   5.4   5.3   5.6   5.3   5.4   5.6   5.5   5.5   5.5   5.2   5.4   5.3   5.3   5.3   5.2   5.4   5.5    
5.5   5.5   5.4   5.4   5.3   5.5   5.4   5.4   5.4   5.4   5.5   5.5   5.6   5.2   5.2   5.5   5.6   5.2   5.5   5.3   5.6   5.5   5.3   5.3   5.5   5.3   5.5   5.5   5.2   5.4   5.4   5.5   5.2   5.3   5.4   5.3   5.6   5.4   5.5   5.3   5.3   5.3   5.3   5.5   5.6   5.5   5.4   5.6   5.2   5.4   5.4   5.4   5.4   5.5   5.2   5.6   5.5   5.4   5.4   5.2   5.5   5.2   5.5   5.4   5.4   5.6   5.4   5.3   5.2   5.6   5.5   5.3   5.5   5.5   5.3   5.4   5.4   5.4   5.4   5.5   5.5   5.3   5.3   5.5   5.4   5.5   5.3   5.3   5.5   5.3   5.4   5.4   5.4   5.3   5.4   5.4   5.3   5.4   5.4   5.4    
5.5   5.6   5.5   5.4   5.3   5.3   5.5   5.5   5.3   5.3   5.3   5.4   5.5   5.4   5.5   5.3   5.3   5.3   5.3   5.2   5.3   5.3   5.2   5.3   5.2   5.3   5.3   5.3   5.5   5.6   5.5   5.2   5.2   5.2   5.2   5.3   5.3   5.3   5.2   5.6   5.4   5.4   5.5   5.5   5.2   5.4   5.4   5.2   5.2   5.2   5.6   5.5   5.3   5.3   5.6   5.2   5.3   5.3   5.2   5.3   5.5   5.5   5.4   5.6   5.4   5.4   5.5   5.6   5.4   5.4   5.4   5.4   5.5   5.4   5.4   5.3   5.4   5.2   5.3   5.3   5.3   5.3   5.4   5.4   5.5   5.6   5.6   5.3   5.2   5.5   5.6   5.3   5.3   5.2   5.5   5.3   5.3   5.3   5.6   5.4    
5.5   5.6   5.5   5.2   5.2   5.4   5.3   5.4   5.3   5.5   5.5   5.5   5.5   5.3   5.4   5.4   5.4   5.2   5.4   5.4   5.4   5.5   5.2   5.4   5.5   5.4   5.5   5.5   5.2   5.2   5.5   5.6   5.2   5.3   5.3   5.3   5.4   5.5   5.4   5.5   5.5   5.4   5.3   5.5   5.3   5.3   5.4   5.5   5.4   5.4   5.4   5.2   5.3   5.5   5.5   5.6   5.5   5.4   5.4   5.5   5.5   5.6   5.4   5.3   5.4   5.4   5.3   5.3   5.5   5.4   5.3   5.5   5.3   5.5   5.6   5.6   5.5   5.3   5.6   5.5   5.5   5.3   5.4   5.6   5.4   5.2   5.5   5.5   5.4   5.4   5.4   5.3   5.5   5.3   5.4   5.5   5.4   5.6   5.6   5.6    
5.5   5.3   5.4   5.5   5.4   5.5   5.3   5.5   5.2   5.2   5.2   5.4   5.5   5.5   5.3   5.2   5.5   5.5   5.5   5.4   5.5   5.5   5.3   5.2   5.3   5.3   5.3   5.2   5.4   5.5   5.2   5.4   5.4   5.2   5.5   5.5   5.5   5.3   5.5   5.6   5.3   5.5   5.6   5.3   5.2   5.5   5.2   5.5   5.3   5.3   5.4   5.5   5.4   5.3   5.5   5.4   5.5   5.3   5.4   5.4   5.5   5.5   5.4   5.2   5.5   5.3   5.2   5.2   5.3   5.4   5.2   5.5   5.3   5.4   5.5   5.4   5.6   5.3   5.5   5.5   5.6   5.6   5.4   5.2   5.4   5.5   5.4   5.4   5.5   5.4   5.3   5.6   5.2   5.3   5.4   5.4   5.4   5.3   5.4   5.3    

Ha by Parcels
6   6   5   7   6   

Cost of m3 in each parcel
2   2.03   1.97   1.83   1.96   