Instance: 28
width: 10
long: 10
Parcels: 5
Crops: 19
Water: 186000

Chemical Properties by Parcel
11.66   12.46   14.93   10.53   16.44   15.42   10.96   9.99   12.17   11.76   9.97   14.74   12.97   11.97   12.87   15.86   9.79   14.19   12.23   11.12   9.82   13.36   10.1   15.45   14.42   12.81   10.73   9.8   17.55   10.7   15.63   10.74   15.63   16.14   11.73   14.81   10.45   12.88   16.46   18.03   14.5   16.37   15.91   10.38   12.98   14.72   14.47   17.97   10   12.08   13.88   11.08   13.38   10.6   12.86   14.64   12.6   12.81   18.01   11.68   13.65   17.24   11.55   12.85   12.43   16.27   12.34   9.94   15.95   14.51   11.72   13.56   11.16   12.96   11.79   11.17   18.03   13.74   11.31   18.45   17.41   17.95   12.09   14.55   17.77   16.7   18.61   16.24   14.92   11.75   12.52   17.71   17.77   11.09   11.37   14.6   12.61   17.7   11.35   12.15    
14.1   17.33   12.68   15.47   10.41   15.12   15.88   18.42   11.63   10.74   15.25   18.42   10.55   10.44   10.78   13.74   17.4   13.71   13.71   14.47   16.17   16.8   17.67   10.75   14.26   18.55   17.56   16.15   12.46   10.33   12.55   13.22   13.63   13.69   11.38   10.52   15.47   11.13   12.51   10.86   14.59   15.6   14.03   18.33   12.96   14.97   16.57   11.12   17.47   9.61   10.39   16.71   14.46   16.06   10.24   16.5   10.25   18.15   10.52   16.46   10.26   11.6   15.6   10.87   18.57   14.32   17.77   12.05   12.46   15.41   13.89   18.62   10.23   17.41   15.17   13.42   13.92   17.03   13.8   18.21   17.97   15.6   15.48   14.19   11.07   13.5   10.54   10.43   16.69   15.97   11.1   14.37   17.56   13.96   17.63   13.83   9.86   12.66   15.08   15.79    
16.88   14.7   15.89   9.61   11   17.62   17.11   14.64   17.57   17.1   18.04   16.04   12.2   11.76   9.72   16.23   15.45   11.01   14.53   14.57   11.64   14.7   10.75   15.43   15.52   13.28   13.96   11.28   13.83   17.49   15.22   13.55   18.37   17.58   12.52   12.97   12.05   17.57   17.14   14.92   15.63   17.18   16.84   13.48   11.07   14.24   14.09   13.16   12.73   18.53   12.03   16.5   13.54   13.19   11.73   14.01   15.24   18.6   11.79   12.74   15.45   12.87   10.19   12.52   15.22   18.45   17.48   11.83   10.62   18.1   17.71   15.86   13.96   9.62   13.5   10.49   13.51   17.38   9.68   11.4   17.47   15.09   17.41   15.22   18.24   14.69   15.09   16.81   13.67   11.89   11.62   10.49   12.25   15.86   11.88   11.81   13.4   17.58   11.7   17.88    
13.41   15.48   18.53   12.92   16.29   9.63   11.85   16.9   18.39   18.05   17.42   10.05   11.63   13.3   18.06   14.91   15.43   12.75   16.78   11.62   12.59   16.2   14.76   13.11   14.89   18.51   9.79   15.27   12.54   15.46   15.15   12.93   17.04   11.79   17.11   18.25   15.23   13.45   16.61   17.63   16.62   12.94   18.57   12.81   12.05   13.29   14.4   9.6   16.45   18.03   12.33   18.07   13.85   14.22   15.3   18.55   13.81   12.45   10.37   11.8   10.04   16.22   14.85   16.9   14.1   11.89   15.68   16.81   18.59   15.42   11.01   15.33   17.16   12.26   17.78   14.55   17.79   17.75   17.81   12.69   12.74   12.46   15.4   13.35   14.54   16.22   15.29   9.71   12.34   9.83   11.99   16.55   12.45   13.65   17.77   13.49   17.38   13.8   11.11   17.97    
14.68   14.81   14.61   14.03   11.93   15.55   9.82   11.05   11.5   10.82   17.11   12.25   13.77   15.92   13.81   15.66   16.16   9.62   14.19   17.76   11.53   11.6   9.81   10.28   16.23   16.64   12.38   15.53   18.46   12.92   16.91   14.93   10.82   11.81   12.67   16.25   16.09   16.11   14.57   13.93   15.09   17.91   15.04   15.41   13.4   16.97   10.81   15.08   10.22   14.03   13.93   16.05   14.97   15.45   10.37   17.78   11.66   12.96   11.9   15.08   16.41   11.05   10.18   17.59   9.97   11.17   15.03   16.93   18.03   16.49   13   10.77   11.8   11.51   10.24   10.86   11.17   16.79   13.78   17.06   17.09   18.65   15.28   11.81   10.08   10.17   13.28   11.41   14.57   16.41   10.52   10.46   10.94   12.63   13.54   10.43   13.55   17.73   16.29   14.09    

Physical Properties by Parcel
5.4   5.5   5.4   5.4   5.3   5.4   5.5   5.4   5.4   5.5   5.3   5.4   5.3   5.2   5.3   5.3   5.3   5.4   5.6   5.3   5.5   5.4   5.3   5.6   5.5   5.6   5.5   5.4   5.4   5.6   5.3   5.4   5.3   5.6   5.4   5.4   5.6   5.4   5.5   5.5   5.5   5.4   5.5   5.3   5.3   5.3   5.2   5.4   5.5   5.2   5.4   5.3   5.3   5.6   5.3   5.5   5.4   5.6   5.3   5.4   5.3   5.5   5.3   5.5   5.5   5.2   5.5   5.6   5.3   5.4   5.5   5.3   5.5   5.3   5.4   5.6   5.2   5.6   5.3   5.6   5.4   5.4   5.6   5.5   5.2   5.6   5.3   5.5   5.5   5.4   5.3   5.2   5.2   5.2   5.4   5.2   5.4   5.3   5.5   5.5    
5.3   5.3   5.2   5.3   5.3   5.6   5.4   5.2   5.2   5.6   5.2   5.3   5.5   5.3   5.4   5.5   5.3   5.5   5.5   5.2   5.2   5.4   5.3   5.5   5.6   5.3   5.3   5.6   5.3   5.5   5.5   5.3   5.4   5.2   5.3   5.3   5.5   5.5   5.5   5.6   5.3   5.4   5.3   5.2   5.4   5.3   5.4   5.5   5.6   5.6   5.2   5.2   5.4   5.2   5.5   5.5   5.3   5.6   5.5   5.4   5.5   5.4   5.4   5.5   5.6   5.4   5.3   5.2   5.3   5.4   5.6   5.5   5.5   5.3   5.6   5.3   5.3   5.3   5.4   5.5   5.4   5.3   5.6   5.3   5.4   5.2   5.5   5.4   5.5   5.4   5.5   5.3   5.5   5.3   5.5   5.5   5.5   5.4   5.2   5.4    
5.5   5.4   5.3   5.5   5.5   5.5   5.5   5.5   5.5   5.4   5.6   5.3   5.6   5.6   5.4   5.3   5.4   5.5   5.3   5.2   5.6   5.5   5.4   5.2   5.4   5.3   5.5   5.3   5.6   5.6   5.5   5.3   5.4   5.4   5.4   5.4   5.3   5.5   5.6   5.3   5.4   5.2   5.2   5.4   5.4   5.5   5.3   5.3   5.4   5.3   5.2   5.5   5.5   5.5   5.3   5.5   5.3   5.4   5.2   5.4   5.5   5.5   5.5   5.3   5.2   5.5   5.4   5.5   5.5   5.3   5.6   5.4   5.3   5.6   5.4   5.5   5.3   5.2   5.4   5.5   5.2   5.3   5.3   5.5   5.5   5.4   5.4   5.3   5.2   5.2   5.5   5.6   5.4   5.4   5.5   5.3   5.5   5.2   5.3   5.3    
5.3   5.3   5.3   5.3   5.5   5.6   5.3   5.3   5.3   5.4   5.4   5.5   5.5   5.5   5.4   5.5   5.4   5.4   5.5   5.6   5.5   5.6   5.5   5.5   5.2   5.4   5.4   5.2   5.5   5.4   5.4   5.3   5.5   5.3   5.2   5.3   5.4   5.4   5.3   5.3   5.2   5.4   5.3   5.5   5.3   5.3   5.6   5.5   5.4   5.6   5.4   5.6   5.3   5.3   5.6   5.4   5.5   5.4   5.3   5.3   5.3   5.3   5.4   5.5   5.4   5.4   5.2   5.3   5.2   5.3   5.3   5.3   5.4   5.5   5.4   5.5   5.4   5.4   5.3   5.5   5.6   5.4   5.5   5.6   5.2   5.5   5.3   5.2   5.6   5.5   5.5   5.6   5.6   5.4   5.5   5.3   5.6   5.4   5.4   5.3    
5.3   5.4   5.4   5.3   5.5   5.4   5.2   5.3   5.5   5.4   5.4   5.5   5.6   5.6   5.4   5.5   5.5   5.6   5.4   5.6   5.3   5.3   5.5   5.4   5.5   5.5   5.4   5.5   5.5   5.3   5.5   5.2   5.5   5.3   5.4   5.5   5.6   5.5   5.3   5.4   5.5   5.3   5.4   5.3   5.4   5.4   5.4   5.6   5.2   5.4   5.5   5.4   5.4   5.6   5.3   5.2   5.3   5.4   5.4   5.6   5.4   5.5   5.3   5.3   5.3   5.3   5.4   5.2   5.3   5.4   5.4   5.5   5.3   5.5   5.4   5.2   5.6   5.5   5.4   5.4   5.5   5.4   5.4   5.5   5.3   5.5   5.3   5.3   5.6   5.4   5.4   5.6   5.6   5.6   5.4   5.4   5.4   5.6   5.2   5.3    

Ha by Parcels
6   5   6   7   7   

Cost of m3 in each parcel
2.03   1.88   2.12   2.03   2.17   