Instance: 21
width: 10
long: 10
Parcels: 5
Crops: 19
Water: 204000

Chemical Properties by Parcel
12.68   15.55   15.65   11.38   15.01   12.88   12.94   17.53   13.89   12.06   11.96   14.84   13.84   11.5   18.09   12.75   9.93   10.61   15.4   11.81   14.65   11.15   17.42   15.29   14.28   11.65   10.94   15.6   18.49   13.23   11.33   10.38   12.15   18.63   10.96   11.76   18.6   15.29   11.71   12.36   10.49   15.26   14.34   17.3   14.03   15.58   10.11   14.72   15.25   15.49   11.02   12.39   14.22   17.64   9.62   12.76   17.76   13.54   13.82   17.72   16.26   16.6   11.19   17.3   17.42   15.71   17.48   17.16   18.49   12.85   18.17   13.68   17.22   17.62   12.38   16.89   15.99   16.61   13.6   11.88   10.02   17.91   16.3   13.58   14.23   16.03   10.23   14.59   10.47   13.61   15.33   17.12   15.38   18.19   18.67   12.71   13.99   13.87   13.9   9.66    
15.55   17.22   10.48   17.18   12.03   13.89   9.78   17.12   11.78   18.14   16.13   15.88   9.89   15.67   13.8   17.95   11.57   16.49   14.3   9.87   12.34   14.07   15   11.45   17   10.56   14.64   11.15   15.27   16.86   12.88   12.8   14.38   18.7   12.16   11.92   10.18   17.7   12.74   10.6   15.17   11.05   9.98   16.5   15.99   9.85   12.1   16.89   15.06   14.21   14.76   18.53   10.83   17.97   14.27   17.15   16.7   15.67   13.98   14.63   18.48   11.73   14.77   11.2   16.07   13.86   16.87   18.07   12.78   10.39   14.93   17.79   16.09   13.64   13.46   17.8   13.25   14.59   17.37   15.4   13.03   12.58   15.54   10.3   16.78   10.9   12.33   10.54   10.1   14.67   15.71   13.24   11.29   12.77   18.65   15   12.94   16.65   10.1   15.44    
15.48   13.95   15.96   12.54   12.08   17.78   16.76   11.98   10.55   16.03   15.99   16.43   11.25   10.49   17.94   11.34   17.44   12.39   16.81   12.41   14.41   14.09   17.88   11.14   14.57   17.65   15.52   13.68   13.75   11.13   9.78   18.16   13.54   10.74   16.21   12.59   18.62   14.44   14.27   11.42   18.1   12.24   16.27   12.41   14.66   17.1   11.2   10.47   10.52   16.15   10.95   13.71   13.8   15.17   16.92   16.25   10.78   12.62   16.13   9.81   13.31   12.24   16.11   15.61   17.37   10.73   18.26   18.63   18.6   14.9   11.77   13.17   11.86   15.7   15.29   14.44   11.29   9.95   11.62   17.69   18.05   15.28   12.15   14.31   17.56   14.51   14.38   10.18   15.53   11.56   16.19   9.85   12.49   16.8   14.39   12.19   17   16.47   14.42   17.28    
15.23   17.53   18.27   10.77   14.47   18.26   13.93   14.35   16.07   15.07   11.85   12.34   12.74   9.95   11.19   10.11   16.23   11.4   9.75   17.04   17.13   18.65   14.97   13.72   10.59   17.27   11.59   12.32   15.23   13.38   13.6   10.15   12.42   15.69   18.29   18.19   15.24   10.5   17.18   10.1   12.34   11.99   18.39   9.89   14.12   14.55   16.58   18.17   10.24   11.1   10.8   13.41   11.26   13.74   15.35   10.09   10.69   12.94   18.48   9.94   13   11.77   16.03   10.05   18.4   17.01   11.06   13.24   9.91   14.2   15.63   13.42   15.49   17.86   18.59   10.5   17.73   14.76   10.15   18.52   11.49   18.67   17.82   12.33   18.21   18.16   17.34   13.03   11.56   17.68   18.62   11.89   18.26   17.28   17.58   14.89   11.86   12.7   13.92   16.68    
12.98   13.21   13.29   14.73   11.62   16.71   15.89   15.41   13.77   18.26   16.85   16.19   11.77   16.37   12.09   18.53   15.53   11.45   10.06   13.59   11.15   11.63   14.22   16.55   12.83   13.58   16.96   12.13   16.94   12.85   13.97   11.6   12.93   16.59   11.71   12.02   14.82   12.89   10.01   12.22   12.95   15.39   14.09   13.05   9.98   9.87   12.54   10.6   13.61   12.45   12.17   10.04   13.43   11.72   11.41   14.4   14.6   13.22   12.38   15.58   10.14   13.43   17.09   14.98   10.07   12.45   16.73   9.98   18.23   10.71   10.62   10.05   11.39   17.04   18.28   18.63   11.61   13.61   11.87   17.39   15.28   14.06   14.77   16.42   15.49   14.72   11.25   15.68   17.46   11.82   13.19   14.25   10.88   11.87   10.71   12.75   17.2   17.02   16.12   18.02    

Physical Properties by Parcel
5.3   5.3   5.2   5.4   5.3   5.3   5.5   5.4   5.5   5.3   5.3   5.5   5.4   5.4   5.4   5.4   5.5   5.4   5.4   5.5   5.5   5.5   5.5   5.5   5.6   5.2   5.4   5.2   5.2   5.2   5.5   5.6   5.4   5.3   5.2   5.2   5.3   5.5   5.5   5.3   5.3   5.5   5.3   5.3   5.5   5.3   5.6   5.4   5.5   5.3   5.5   5.3   5.4   5.5   5.6   5.5   5.4   5.3   5.3   5.3   5.3   5.5   5.3   5.3   5.3   5.3   5.3   5.3   5.3   5.3   5.4   5.6   5.2   5.3   5.5   5.2   5.4   5.3   5.3   5.5   5.3   5.3   5.4   5.5   5.4   5.6   5.5   5.3   5.4   5.3   5.3   5.3   5.5   5.5   5.3   5.4   5.5   5.4   5.5   5.5    
5.5   5.2   5.4   5.5   5.5   5.6   5.5   5.5   5.4   5.4   5.3   5.2   5.4   5.5   5.3   5.4   5.4   5.2   5.5   5.3   5.5   5.5   5.6   5.5   5.2   5.2   5.4   5.3   5.6   5.4   5.4   5.2   5.3   5.4   5.5   5.4   5.4   5.3   5.4   5.4   5.5   5.5   5.5   5.5   5.3   5.5   5.6   5.4   5.4   5.2   5.5   5.6   5.5   5.5   5.4   5.4   5.4   5.2   5.2   5.2   5.4   5.3   5.3   5.5   5.3   5.2   5.4   5.4   5.6   5.3   5.6   5.2   5.5   5.5   5.3   5.4   5.3   5.2   5.6   5.3   5.2   5.5   5.2   5.3   5.5   5.2   5.5   5.5   5.3   5.5   5.2   5.3   5.3   5.2   5.5   5.2   5.5   5.4   5.5   5.5    
5.2   5.4   5.4   5.2   5.2   5.3   5.3   5.5   5.5   5.4   5.3   5.5   5.4   5.4   5.5   5.4   5.2   5.2   5.2   5.2   5.3   5.5   5.2   5.5   5.4   5.4   5.2   5.5   5.5   5.5   5.6   5.3   5.6   5.6   5.6   5.5   5.2   5.2   5.4   5.4   5.4   5.4   5.3   5.2   5.4   5.5   5.3   5.3   5.3   5.3   5.5   5.6   5.4   5.2   5.5   5.4   5.6   5.4   5.4   5.4   5.2   5.5   5.5   5.5   5.3   5.3   5.5   5.2   5.2   5.6   5.5   5.3   5.3   5.3   5.6   5.4   5.3   5.5   5.2   5.5   5.5   5.4   5.4   5.2   5.3   5.3   5.4   5.5   5.4   5.4   5.4   5.4   5.3   5.5   5.6   5.5   5.2   5.3   5.3   5.3    
5.4   5.5   5.5   5.5   5.2   5.3   5.4   5.5   5.2   5.3   5.3   5.6   5.6   5.4   5.2   5.6   5.4   5.3   5.4   5.4   5.5   5.5   5.4   5.5   5.2   5.6   5.2   5.6   5.3   5.4   5.2   5.5   5.6   5.3   5.6   5.4   5.5   5.5   5.6   5.6   5.4   5.4   5.3   5.2   5.6   5.3   5.3   5.6   5.2   5.6   5.5   5.4   5.3   5.4   5.4   5.3   5.5   5.6   5.6   5.4   5.4   5.4   5.5   5.4   5.4   5.2   5.6   5.5   5.4   5.5   5.4   5.2   5.6   5.6   5.4   5.2   5.4   5.3   5.2   5.5   5.5   5.5   5.4   5.3   5.3   5.3   5.6   5.5   5.3   5.5   5.2   5.4   5.2   5.2   5.3   5.4   5.5   5.3   5.5   5.3    
5.5   5.6   5.4   5.4   5.5   5.3   5.2   5.6   5.6   5.4   5.2   5.5   5.5   5.5   5.2   5.3   5.3   5.2   5.4   5.5   5.5   5.5   5.2   5.5   5.5   5.5   5.5   5.5   5.3   5.3   5.4   5.5   5.6   5.3   5.2   5.5   5.4   5.4   5.3   5.5   5.5   5.5   5.2   5.5   5.4   5.5   5.3   5.6   5.5   5.3   5.6   5.6   5.2   5.3   5.5   5.4   5.3   5.5   5.5   5.4   5.2   5.3   5.4   5.4   5.4   5.2   5.2   5.3   5.4   5.4   5.2   5.4   5.2   5.5   5.4   5.2   5.4   5.3   5.5   5.3   5.5   5.2   5.5   5.5   5.5   5.4   5.5   5.4   5.4   5.4   5.5   5.4   5.5   5.5   5.5   5.5   5.4   5.5   5.2   5.4    

Ha by Parcels
7   6   7   7   7   

Cost of m3 in each parcel
2.01   2.14   1.84   2.13   2.08   