Instance: 68
width: 5
long: 5
Parcels: 9
Crops: 19
Water: 306000

Chemical Properties by Parcel
14.23   16.22   17.01   12.01   18.39   10.85   14.01   16.82   9.63   13.3   16.78   16.9   13.81   17.04   13.55   13.96   17.29   15.83   10   12.02   17.65   15.19   12.88   11.89   13.05    
16.97   12.07   17.83   15.38   14.06   18.42   17.23   18.67   11.08   18.08   12.02   9.83   13.26   14.08   18.67   17.32   10.82   18.14   18.52   11.27   14.36   17.24   12.49   12.2   10.63    
11.02   11.58   13.44   10.31   18.6   14.72   10.57   10.6   17.6   11.2   15.63   14.17   16.65   14.4   16.37   10.56   15.77   17.97   14.17   12.07   10.54   10.78   15.73   15.17   16.63    
9.78   14.83   10.22   12.3   18.04   16.59   18.55   12.46   17.17   13.52   10.69   16.71   10.07   11.1   18.54   11.84   16.41   10.07   15.45   14.67   11.32   17.35   10.77   15.89   11.99    
17.1   11.84   15.13   14.89   15.69   17.06   17.04   13.35   10.01   12.62   15.1   12.6   16.09   12.49   18.05   16.54   13.69   11.97   17.8   15.89   13   15.15   16.3   16.77   14.42    
16.96   16.1   9.61   17.1   11.74   14.59   13.35   10.47   11.04   17.02   16.42   17.97   13.5   9.88   12.12   10.23   9.96   12.1   14.76   13.12   16.62   12.04   12.03   14.09   10.34    
16.27   11.83   17.04   11.52   13.08   16.36   11.67   14.31   10.54   17.86   9.61   15.44   15.45   16.96   18.62   17.25   16.77   13.21   13.32   12.27   14.78   17.72   15.55   15.15   16.09    
15.09   12.75   18.13   17.69   12.34   18.23   12.28   14.83   11.54   14.63   16.07   17.67   17.29   11.45   12.95   12.68   13.85   15.56   12.46   17.36   10.74   12.58   15.05   12.66   17.9    
14.22   13.95   17   9.73   18.54   16.87   17.5   9.94   14.97   11.36   12.23   11.59   18.34   14.9   17.5   14.11   12.78   9.72   9.87   17.78   16.13   13.4   14.5   13.74   10.12    

Physical Properties by Parcel
5.5   5.4   5.3   5.6   5.5   5.3   5.3   5.4   5.3   5.4   5.5   5.3   5.4   5.4   5.3   5.4   5.5   5.5   5.3   5.3   5.5   5.5   5.6   5.3   5.2    
5.4   5.5   5.3   5.2   5.5   5.2   5.3   5.4   5.2   5.5   5.4   5.2   5.3   5.3   5.3   5.5   5.6   5.2   5.3   5.6   5.4   5.2   5.3   5.3   5.6    
5.5   5.3   5.4   5.4   5.5   5.3   5.6   5.4   5.3   5.3   5.5   5.4   5.5   5.2   5.4   5.2   5.4   5.6   5.5   5.2   5.3   5.4   5.3   5.5   5.3    
5.2   5.5   5.4   5.4   5.3   5.4   5.3   5.2   5.4   5.3   5.5   5.4   5.2   5.6   5.6   5.5   5.5   5.3   5.4   5.4   5.3   5.5   5.3   5.3   5.5    
5.2   5.5   5.5   5.5   5.5   5.2   5.3   5.2   5.5   5.5   5.4   5.5   5.4   5.2   5.3   5.6   5.3   5.5   5.4   5.3   5.5   5.5   5.3   5.5   5.2    
5.6   5.2   5.4   5.4   5.5   5.6   5.5   5.5   5.2   5.5   5.5   5.3   5.5   5.5   5.3   5.3   5.5   5.4   5.5   5.3   5.4   5.5   5.5   5.4   5.5    
5.6   5.5   5.4   5.5   5.4   5.5   5.5   5.3   5.2   5.3   5.5   5.4   5.4   5.3   5.2   5.3   5.4   5.3   5.5   5.4   5.5   5.6   5.5   5.5   5.4    
5.3   5.3   5.5   5.5   5.3   5.3   5.4   5.2   5.5   5.4   5.2   5.3   5.4   5.4   5.6   5.4   5.3   5.3   5.2   5.3   5.3   5.5   5.4   5.5   5.6    
5.3   5.3   5.5   5.3   5.6   5.3   5.3   5.2   5.6   5.3   5.5   5.3   5.2   5.3   5.4   5.3   5.3   5.3   5.3   5.5   5.3   5.3   5.6   5.3   5.2    

Ha by Parcels
5   5   6   5   6   5   7   6   6   

Cost of m3 in each parcel
1.86   2.08   2.01   2.16   1.83   2.18   1.85   1.96   2.07   