Instance: 69
width: 5
long: 5
Parcels: 9
Crops: 19
Water: 330000

Chemical Properties by Parcel
12.05   12.46   15.91   18.24   11.31   17.71   11.54   17.71   10.65   10.53   17.33   13.46   13.66   14.86   12.11   17.22   12.98   14.62   12.77   17.61   16.06   13.1   14.66   13.23   18.56    
11.69   16.42   14.21   18.38   12.67   11.14   12.01   17.71   11.51   17.31   15.02   10.12   14.09   17.82   18.25   15.66   17.69   12.36   11.88   14.38   12.21   13.54   10.91   11.86   11.07    
16.01   11.53   16.58   12.45   16.24   11.88   14.72   13.57   10.24   12.74   11.25   10.79   15   11.49   14.55   13.57   16.31   17.22   16.13   18.45   11.55   13.35   11.75   18.19   18.36    
13.39   12.82   10.24   14.31   17.11   15.45   17.85   10.98   16.38   15.7   16.15   12.16   17.81   17.03   15.78   13.79   13.63   11.47   16.19   18.1   13.67   11.06   11.46   16.09   15.95    
17.82   15.87   14.09   14.39   12.15   17.8   10.28   13.14   10.75   12.4   12.12   16.56   12.3   10.94   18.25   13.42   14.69   18.11   10.59   15.26   11.09   16.27   10.83   14.52   15.74    
17.56   10.03   15.59   10.75   16.48   18.32   14.31   9.83   17.6   13.06   10.77   17.01   17.78   13.35   9.65   14.26   10.22   12.86   10.05   18.49   10.78   10.1   14.76   17.38   13.75    
16.76   13.58   13.43   10.53   17.41   10.79   17.57   13.12   12.36   10.87   10.13   13.8   13.81   16.54   10.85   15.35   18.51   13.06   9.9   18.25   11.93   10.48   14.08   18.57   11.03    
17.15   18.35   13.78   13.86   12.97   14.77   11.4   17.15   16.95   18.2   11.9   12.83   13.36   17.22   16.03   17.43   14.61   16.1   13.77   16.06   18.16   18.5   15.19   15.45   11.19    
17.39   14.01   17.74   16.05   12.54   16.45   12.63   17.94   13.07   16.71   17.65   15.08   14.66   16.95   13.24   14.36   15.43   12.04   10.8   11.76   9.78   17.03   15.82   11.84   11.9    

Physical Properties by Parcel
5.4   5.3   5.4   5.6   5.5   5.6   5.4   5.4   5.2   5.4   5.3   5.4   5.3   5.6   5.2   5.3   5.3   5.3   5.4   5.3   5.3   5.3   5.3   5.6   5.4    
5.4   5.4   5.3   5.3   5.3   5.4   5.6   5.2   5.2   5.4   5.4   5.4   5.4   5.3   5.6   5.3   5.5   5.5   5.3   5.5   5.4   5.3   5.4   5.4   5.5    
5.4   5.4   5.5   5.2   5.5   5.3   5.4   5.5   5.3   5.2   5.2   5.4   5.3   5.6   5.2   5.2   5.5   5.6   5.5   5.4   5.2   5.6   5.5   5.4   5.3    
5.5   5.5   5.2   5.5   5.2   5.5   5.2   5.4   5.3   5.6   5.2   5.2   5.6   5.2   5.5   5.4   5.3   5.6   5.6   5.6   5.3   5.5   5.4   5.5   5.2    
5.4   5.3   5.6   5.5   5.5   5.4   5.3   5.3   5.5   5.4   5.6   5.2   5.5   5.5   5.3   5.5   5.3   5.2   5.5   5.6   5.4   5.2   5.5   5.3   5.3    
5.6   5.6   5.3   5.3   5.5   5.4   5.4   5.4   5.3   5.3   5.4   5.2   5.3   5.2   5.5   5.4   5.6   5.5   5.5   5.2   5.5   5.4   5.6   5.3   5.6    
5.6   5.5   5.4   5.3   5.5   5.3   5.6   5.2   5.4   5.2   5.4   5.3   5.4   5.5   5.2   5.5   5.3   5.4   5.2   5.5   5.6   5.4   5.6   5.6   5.6    
5.3   5.6   5.5   5.3   5.3   5.5   5.4   5.6   5.2   5.4   5.5   5.4   5.3   5.6   5.3   5.5   5.5   5.3   5.4   5.6   5.5   5.3   5.3   5.3   5.6    
5.4   5.5   5.6   5.4   5.3   5.4   5.4   5.6   5.3   5.3   5.2   5.5   5.5   5.6   5.3   5.3   5.2   5.5   5.4   5.3   5.3   5.5   5.6   5.3   5.3    

Ha by Parcels
6   5   7   6   7   6   6   6   6   

Cost of m3 in each parcel
1.95   2.09   2.01   2.07   2.11   1.89   2.01   1.97   1.85   