Instance: 65
width: 5
long: 5
Parcels: 9
Crops: 19
Water: 342000

Chemical Properties by Parcel
10.36   11.14   11.79   18.44   10.81   9.84   17.84   14.36   10.43   14.75   12.23   15.16   12.91   13.1   11.15   11.51   10.45   17.51   18.21   13.59   18.55   16.14   10.39   11.44   13.08    
10.36   15.1   15.89   11.1   13.98   14.28   17.79   18.46   9.63   12.81   13.44   14.59   10.56   17   18.59   11.98   18.55   12.98   18.52   14.39   16.09   17.48   15.99   18.67   15.42    
9.84   9.77   9.85   13.99   12.93   17.89   17.55   15.33   10.68   12.48   17.95   18.41   18.19   14.78   11.6   10.76   14.25   18.49   17.97   14.19   11.41   16.08   14.75   12.04   10.1    
15.4   18.61   12.01   15.35   13.13   11.78   12.01   15.39   15.24   10.18   14   11.02   16.66   15.95   14.38   13.67   17.82   14.69   13.7   13.15   11.19   15.98   13.4   14.78   15.48    
15.07   12.15   15.62   11.44   16.1   11.49   12.6   10.49   14.83   11.8   15.36   11.61   12.91   15.51   12.65   14.91   10.59   11.07   16.96   13.16   11.97   11.78   11.66   13.5   14.32    
16.05   17.92   18.21   15.02   12.84   10.83   10.03   11.9   16.43   10.54   18.17   13.46   17.95   16.92   14   10.62   11.13   12.94   10.53   14.95   18.62   13.13   17.04   12.85   11.35    
12.79   12.2   12   13.39   13.11   10.81   10.64   18.11   17.48   17.21   17.1   15.07   16.29   17.57   9.69   13   15.78   14.21   18.5   10.92   14.91   13.13   16.9   14.24   11.68    
16.66   11.87   11.53   12.89   11.74   12.67   16.89   12.15   15.73   15.91   18.43   12.55   10.9   16.21   16.84   12.54   18.44   9.73   17.43   14.97   9.89   14.16   15.47   16.44   11.94    
17.11   13.26   15.62   17.38   14.61   10.22   13.17   16.26   18.36   18.31   15.02   16.5   11.64   13.22   17.36   14.16   15.97   10.54   14.91   9.74   12.24   11.35   18.67   18.56   9.61    

Physical Properties by Parcel
5.4   5.3   5.2   5.5   5.5   5.3   5.5   5.4   5.3   5.3   5.5   5.5   5.5   5.5   5.2   5.4   5.3   5.4   5.6   5.5   5.4   5.5   5.2   5.4   5.3    
5.5   5.3   5.4   5.3   5.4   5.4   5.4   5.3   5.4   5.5   5.5   5.6   5.2   5.4   5.3   5.5   5.4   5.3   5.6   5.5   5.2   5.4   5.2   5.4   5.4    
5.2   5.4   5.3   5.3   5.5   5.4   5.4   5.6   5.3   5.3   5.3   5.5   5.5   5.6   5.5   5.4   5.3   5.3   5.4   5.4   5.4   5.6   5.3   5.5   5.6    
5.5   5.3   5.4   5.2   5.5   5.4   5.2   5.2   5.3   5.5   5.4   5.2   5.4   5.5   5.3   5.2   5.4   5.3   5.3   5.2   5.5   5.4   5.4   5.3   5.6    
5.5   5.4   5.4   5.6   5.4   5.4   5.5   5.5   5.3   5.4   5.4   5.2   5.4   5.4   5.4   5.4   5.4   5.3   5.3   5.6   5.2   5.2   5.3   5.6   5.3    
5.2   5.4   5.2   5.3   5.3   5.6   5.4   5.5   5.2   5.3   5.3   5.5   5.6   5.2   5.4   5.4   5.4   5.5   5.5   5.2   5.3   5.4   5.5   5.2   5.3    
5.4   5.4   5.5   5.2   5.3   5.2   5.2   5.3   5.4   5.6   5.4   5.2   5.5   5.5   5.3   5.5   5.3   5.2   5.5   5.5   5.2   5.2   5.4   5.3   5.2    
5.2   5.6   5.4   5.4   5.3   5.3   5.4   5.2   5.3   5.4   5.4   5.4   5.5   5.2   5.4   5.4   5.5   5.5   5.3   5.5   5.2   5.3   5.5   5.5   5.4    
5.5   5.2   5.4   5.5   5.2   5.4   5.6   5.3   5.4   5.2   5.4   5.6   5.3   5.6   5.3   5.2   5.4   5.4   5.4   5.3   5.3   5.5   5.4   5.3   5.3    

Ha by Parcels
7   7   5   7   6   6   6   6   7   

Cost of m3 in each parcel
2.1   2.13   2.16   2.08   2.03   1.81   2   2.06   1.86   