Instance: 62
width: 5
long: 5
Parcels: 9
Crops: 19
Water: 336000

Chemical Properties by Parcel
17.14   18.22   10.69   18.25   15.04   15.78   10.09   9.71   10.28   14.25   9.77   18.56   16.94   15.18   10.22   9.78   13.28   18.37   17.13   14.62   15.26   10.68   11.39   11.38   15.8    
17.63   17.35   12.08   16.03   11.86   12.15   15.5   17.29   12.19   10.21   17.41   16.42   11.55   15.02   14.77   18.6   15.48   10.58   17.43   17.55   18.3   14.47   16.46   17.9   18.08    
14.27   15.65   9.83   18.09   18.11   15.85   12.74   10.22   14.1   12.9   14.18   12.19   9.75   14.43   10.02   16.5   14.48   13.2   13.48   18.18   11.93   15.65   14.9   17.21   16.39    
14.1   13.2   12.93   15.24   16.89   10.71   14.19   14.22   13.95   12.48   14.07   10.42   12.85   10.08   13.39   11.01   17.67   14.5   18.45   15.9   17.88   17.05   12.68   11.65   15.67    
13.13   10.24   10.43   16.51   16.44   11.57   11.28   10.84   17.85   10.98   13.51   14.11   16.75   17.68   12.82   14.84   11.82   15.7   16.76   11.36   17.7   14.03   12.51   17.7   11.06    
17.1   15.48   16.62   12.4   17.83   15.78   10.47   12.47   11.33   10.97   18.26   11.27   14.35   15.01   14.62   17.28   13.42   14.29   11.37   18.28   11.62   18.36   14.51   10.54   13.9    
12.01   14.74   15.12   10.43   14.14   15.36   12.77   12.21   17.83   15.86   15.19   13.62   17.11   9.73   15.23   16.26   12.34   16.93   17.24   14.42   16.6   10.13   12.81   13.49   9.81    
14.11   13.31   9.93   11.78   16.91   12.15   12.13   11.32   11.27   16.04   14.57   18.56   11.83   13.45   18.28   12.77   15.43   9.84   9.72   16.98   14.93   13.62   12.04   16.86   15.23    
18.27   15.22   13.85   12.56   16.15   10.24   10.58   15.66   11.1   14.9   12.08   12.43   10.16   15.53   9.95   12.74   11.55   15.76   16.61   18.57   9.94   11.64   12.57   18.41   13.1    

Physical Properties by Parcel
5.4   5.4   5.3   5.5   5.3   5.5   5.4   5.6   5.5   5.3   5.3   5.2   5.5   5.4   5.3   5.5   5.4   5.3   5.6   5.4   5.2   5.6   5.5   5.5   5.4    
5.5   5.2   5.5   5.5   5.3   5.5   5.6   5.5   5.4   5.5   5.4   5.3   5.5   5.2   5.2   5.6   5.2   5.2   5.4   5.3   5.3   5.3   5.5   5.4   5.5    
5.4   5.3   5.5   5.5   5.5   5.2   5.2   5.4   5.4   5.6   5.5   5.5   5.5   5.3   5.6   5.2   5.4   5.4   5.5   5.5   5.4   5.6   5.3   5.2   5.5    
5.4   5.5   5.5   5.5   5.5   5.5   5.3   5.3   5.6   5.5   5.5   5.5   5.2   5.3   5.5   5.4   5.4   5.4   5.5   5.4   5.6   5.4   5.3   5.4   5.6    
5.5   5.3   5.3   5.2   5.4   5.2   5.5   5.6   5.3   5.6   5.4   5.4   5.3   5.3   5.3   5.4   5.6   5.5   5.2   5.3   5.5   5.4   5.4   5.4   5.2    
5.5   5.6   5.4   5.2   5.3   5.2   5.5   5.3   5.5   5.5   5.4   5.2   5.2   5.2   5.6   5.5   5.5   5.3   5.4   5.6   5.4   5.2   5.3   5.3   5.5    
5.6   5.3   5.2   5.5   5.4   5.3   5.4   5.4   5.4   5.6   5.2   5.4   5.4   5.3   5.3   5.5   5.3   5.3   5.5   5.5   5.3   5.5   5.3   5.3   5.4    
5.4   5.6   5.4   5.6   5.3   5.2   5.3   5.4   5.5   5.6   5.6   5.6   5.6   5.4   5.6   5.4   5.4   5.3   5.3   5.3   5.4   5.6   5.3   5.4   5.5    
5.4   5.3   5.5   5.4   5.2   5.3   5.4   5.3   5.3   5.5   5.2   5.4   5.2   5.5   5.3   5.4   5.4   5.4   5.3   5.5   5.5   5.3   5.2   5.3   5.6    

Ha by Parcels
5   5   6   7   7   7   6   7   6   

Cost of m3 in each parcel
1.92   1.92   2.19   2.11   1.93   1.8   1.85   1.96   1.88   