Instance: 66
width: 5
long: 5
Parcels: 9
Crops: 19
Water: 318000

Chemical Properties by Parcel
12.17   10.65   9.76   10.03   18.11   16.66   13.52   17.56   14.23   10.94   12.26   15.13   15.07   11.85   10.65   9.84   18.12   16.1   14.54   14.23   13.64   14.84   10.12   17.99   14.92    
16.55   18.05   17.52   13.48   14.62   18.57   15.85   11.94   13.82   12.18   18.2   12.18   11.7   15.89   17.29   13.87   12.11   9.63   17.03   10.34   10.56   16.55   9.95   10.96   18.22    
11.08   15.49   12.2   14.4   9.82   16.91   17.27   9.84   11.95   11.05   17.35   9.8   13.77   11.84   16.71   17.91   18.63   12.06   10.28   11.31   18.32   11.93   16.15   15.89   13.06    
10.89   15.7   17.73   18.52   17.73   12.57   13.66   9.74   18.29   17.65   16.84   10.97   11.91   10.74   17.89   14.48   10.97   14.39   15.75   14.94   11.51   18.37   16.64   12.48   11.49    
17.86   13.27   13.4   16.92   14.57   10.09   9.71   15.32   14.13   11.23   18.29   10.51   13.53   14.83   13.39   9.79   9.67   10.36   13.55   14.95   15.92   10.56   12.95   9.92   17.38    
14.36   10.25   18.11   14.14   12.13   16.17   14.01   15.06   18.57   17.01   16.95   10.34   13.53   10.11   14.98   13.75   13.14   11.33   13.41   14.4   16.53   14.79   10.03   14.98   18.44    
17.7   15.1   16.36   17.94   12.48   12.31   18.67   13.27   12.91   17.62   12.52   13.83   12.63   16.57   14.52   13.55   16.72   14.94   16.99   15.61   11.73   10.48   18.22   14.31   10.71    
15.76   9.62   17.26   10.17   15.2   18.68   15.65   13.3   13.14   14.24   17.62   16.41   15.44   11.11   17.98   17.41   17.57   9.81   18   13.09   18.37   9.82   13   17.99   17.96    
12.86   17.82   10.59   17.89   13.56   14.17   10.27   18.53   14.91   11.73   15.05   14.14   9.62   12.47   14.98   10.09   18.55   15.81   16.99   15.78   14.08   11.86   10.3   11.78   18.67    

Physical Properties by Parcel
5.4   5.5   5.2   5.4   5.6   5.3   5.6   5.2   5.4   5.4   5.6   5.2   5.2   5.3   5.3   5.3   5.5   5.4   5.4   5.5   5.3   5.6   5.4   5.3   5.4    
5.3   5.4   5.4   5.2   5.6   5.4   5.2   5.5   5.5   5.6   5.5   5.3   5.3   5.4   5.5   5.5   5.6   5.4   5.6   5.5   5.5   5.3   5.4   5.3   5.6    
5.4   5.4   5.5   5.2   5.3   5.4   5.3   5.3   5.4   5.5   5.2   5.6   5.4   5.3   5.3   5.2   5.3   5.6   5.3   5.3   5.5   5.2   5.2   5.4   5.2    
5.4   5.4   5.3   5.5   5.3   5.6   5.4   5.4   5.6   5.3   5.3   5.6   5.3   5.6   5.6   5.2   5.4   5.4   5.4   5.6   5.2   5.5   5.4   5.4   5.2    
5.4   5.4   5.3   5.5   5.6   5.2   5.5   5.4   5.4   5.2   5.5   5.3   5.4   5.2   5.3   5.5   5.3   5.6   5.3   5.5   5.4   5.6   5.4   5.2   5.6    
5.2   5.5   5.3   5.3   5.2   5.5   5.3   5.5   5.4   5.5   5.3   5.3   5.4   5.6   5.4   5.3   5.4   5.2   5.5   5.3   5.5   5.2   5.4   5.3   5.4    
5.2   5.3   5.2   5.4   5.2   5.4   5.3   5.2   5.4   5.4   5.5   5.4   5.2   5.5   5.3   5.4   5.3   5.3   5.6   5.6   5.6   5.3   5.3   5.2   5.3    
5.5   5.6   5.3   5.4   5.6   5.3   5.4   5.3   5.3   5.4   5.3   5.2   5.2   5.4   5.5   5.3   5.5   5.4   5.6   5.3   5.5   5.5   5.3   5.4   5.5    
5.3   5.2   5.2   5.3   5.4   5.3   5.2   5.5   5.6   5.5   5.4   5.4   5.3   5.2   5.4   5.3   5.2   5.2   5.5   5.5   5.4   5.5   5.4   5.2   5.4    

Ha by Parcels
5   5   6   6   6   6   7   5   7   

Cost of m3 in each parcel
1.92   2.17   1.88   1.83   2.13   2.04   2.17   2.2   1.8   