Instance: 61
width: 5
long: 5
Parcels: 9
Crops: 19
Water: 324000

Chemical Properties by Parcel
18.08   18.53   16.24   16.25   11.23   17.93   10.94   10.25   15.3   13.34   13.23   12.78   18.17   12.12   15.26   13.88   13.82   12.37   9.65   11.19   9.93   16.7   11.87   15.76   10.32    
14.65   17.97   14.68   10.77   17.71   12.98   10.17   12.2   15.66   14.72   11.41   9.61   13.17   9.69   11.65   10.21   9.72   18.26   11.79   16.42   9.93   18.01   13.68   18.67   18.05    
17.72   16.47   17.01   10.85   12.84   10.25   18.66   13.7   10.47   10.17   15.44   17.81   17.01   18.09   11.43   18.37   15.62   14.6   10.84   10.12   18.09   12.59   11.94   14.77   9.9    
10.66   15.65   17.82   16.22   10.22   12.28   16.97   17.53   12.34   17.33   15.34   11.37   11.63   15.72   15.56   17.78   9.9   16.18   12.44   16.44   11.8   9.89   17.08   11.1   13.57    
14.28   12.26   13.05   16.79   16.21   17.26   13.37   17.63   10.57   18.61   12.88   10.7   13.32   12.14   10.99   9.73   11.17   17.84   16.56   18.24   12.31   18.56   13.39   14.93   17.53    
14.08   11.87   17.75   17.7   9.96   13.04   13.63   15.92   14.53   13.07   10.99   15.54   15.47   13.07   13.88   18.68   18.43   14.88   15.08   15.7   9.61   14.94   14.44   12.15   11.67    
12.34   14.46   11.57   13.81   14.44   17.26   14.58   18.38   16.82   18.68   14.21   10.07   17.65   17.95   13.36   14.91   16.75   18.46   11.51   14.54   10.61   15.42   14.54   16.89   16.97    
10.8   10.72   16.61   10.97   13.95   16.73   18.14   13.63   13.85   13.91   10.97   11.55   11.21   14.34   16.26   14.65   10.97   17.4   11.4   18.5   15.64   11.61   15.51   11.85   11.76    
13.73   13.31   18.49   17.93   12.77   16.3   11.42   17.43   17.94   10.34   12.07   14.88   11.47   10.59   16.44   15.99   13.3   10.15   13.95   9.82   11.24   16.6   14.3   15.66   11.72    

Physical Properties by Parcel
5.6   5.3   5.4   5.3   5.4   5.4   5.4   5.4   5.6   5.4   5.4   5.2   5.4   5.4   5.5   5.4   5.5   5.3   5.3   5.3   5.4   5.3   5.5   5.3   5.3    
5.2   5.5   5.2   5.6   5.5   5.4   5.3   5.6   5.4   5.3   5.4   5.4   5.3   5.4   5.5   5.6   5.2   5.4   5.5   5.2   5.5   5.5   5.6   5.5   5.6    
5.5   5.6   5.4   5.6   5.5   5.6   5.6   5.5   5.4   5.5   5.5   5.4   5.3   5.4   5.2   5.4   5.4   5.3   5.3   5.4   5.3   5.4   5.6   5.5   5.3    
5.3   5.6   5.6   5.3   5.4   5.5   5.5   5.5   5.3   5.3   5.5   5.4   5.5   5.2   5.5   5.2   5.2   5.2   5.5   5.2   5.5   5.2   5.2   5.4   5.4    
5.5   5.4   5.2   5.5   5.4   5.2   5.4   5.6   5.5   5.6   5.3   5.3   5.3   5.4   5.3   5.5   5.5   5.3   5.6   5.4   5.6   5.5   5.4   5.4   5.2    
5.3   5.2   5.3   5.4   5.3   5.4   5.4   5.3   5.4   5.4   5.5   5.3   5.4   5.4   5.5   5.6   5.5   5.3   5.4   5.6   5.6   5.5   5.2   5.6   5.6    
5.6   5.5   5.3   5.6   5.3   5.6   5.5   5.5   5.5   5.3   5.4   5.6   5.5   5.4   5.3   5.4   5.6   5.4   5.3   5.3   5.4   5.3   5.3   5.3   5.4    
5.2   5.3   5.2   5.3   5.5   5.2   5.3   5.5   5.3   5.3   5.5   5.3   5.5   5.3   5.5   5.3   5.6   5.2   5.5   5.5   5.4   5.3   5.6   5.3   5.4    
5.5   5.2   5.2   5.3   5.5   5.4   5.4   5.4   5.4   5.6   5.3   5.5   5.2   5.3   5.6   5.4   5.5   5.5   5.3   5.5   5.3   5.4   5.5   5.4   5.4    

Ha by Parcels
7   5   6   6   6   5   7   6   6   

Cost of m3 in each parcel
2.14   1.91   2.07   1.92   1.83   1.81   1.92   1.84   1.96   