Instance: 64
width: 5
long: 5
Parcels: 9
Crops: 19
Water: 318000

Chemical Properties by Parcel
12.24   12.5   11.7   13.64   10.91   13.82   18.08   11.24   15.68   18.18   14.96   11.19   9.88   10.21   17.16   17.43   18.64   12.91   15.36   15.2   14.05   17.28   14.45   10.93   13.75    
10.86   17.84   10.89   14.2   10.84   11.98   12.1   16.47   15.9   18.06   14.19   15.13   16.47   10.8   18.54   11.18   12.39   18.51   11.28   14.94   11.95   16.91   18.05   18.32   14.94    
14.9   16.22   14.4   17.37   13.08   11.56   15.46   9.73   15.27   14.82   14.83   13.73   17.41   13.75   13.44   15.78   10.8   9.93   16.21   17.61   13.58   15.51   14.57   15.93   13.4    
11.71   12.47   16.09   16.54   12.58   11.26   17.84   10.14   10.2   12.57   15.46   14.88   14.56   9.77   13.51   17.66   17.69   13.65   9.75   16.65   14.33   17.88   16.93   10.59   15.65    
17.69   10.77   16.23   17.91   14.97   12.39   15.15   12.12   16.24   13.69   16.33   13.79   16.03   11.25   16.97   16.01   17.51   12   10.49   13.99   17.35   15.16   13.45   15.55   10.93    
17.28   18.1   12.96   15.34   10.42   11.1   9.75   18.04   16.28   17.6   11.26   16.41   14.68   16.82   14.45   15.61   11.2   10.74   11.71   16.32   15.77   15.69   15.99   12.03   14.3    
15.96   15.51   15.89   12.52   17.37   18.08   17.43   9.81   12.98   16.44   14.4   17.69   13.41   18.02   12.4   17.72   15.4   17.23   10.6   10.61   12.8   17.17   18.44   11.86   9.77    
13.18   18.09   12.43   12.99   9.94   11.22   12.2   14.76   12.74   17.17   17.34   14.53   15.6   13.4   16.4   10.83   12.14   15.15   12.04   14.43   13.84   11.26   13.24   17.19   16.09    
17.82   11.98   14.67   14.06   13.45   17.48   14.16   15.49   11.78   16.93   16.57   17.27   18.06   11.04   15.87   13.08   15.39   12.41   15.75   12.87   10.91   16.13   17.85   14.55   11.47    

Physical Properties by Parcel
5.6   5.3   5.4   5.2   5.5   5.5   5.2   5.4   5.3   5.3   5.6   5.5   5.5   5.4   5.3   5.4   5.6   5.3   5.4   5.6   5.3   5.5   5.3   5.5   5.2    
5.2   5.5   5.5   5.5   5.5   5.4   5.6   5.3   5.5   5.4   5.3   5.2   5.2   5.3   5.5   5.4   5.2   5.3   5.2   5.3   5.6   5.2   5.4   5.4   5.6    
5.5   5.5   5.3   5.5   5.4   5.5   5.5   5.4   5.4   5.6   5.5   5.4   5.2   5.4   5.5   5.5   5.4   5.2   5.6   5.6   5.4   5.5   5.4   5.5   5.2    
5.5   5.3   5.5   5.5   5.3   5.5   5.3   5.5   5.4   5.5   5.4   5.4   5.6   5.5   5.5   5.5   5.3   5.5   5.4   5.5   5.4   5.2   5.2   5.2   5.6    
5.6   5.4   5.4   5.4   5.6   5.4   5.4   5.6   5.3   5.6   5.2   5.2   5.3   5.3   5.6   5.3   5.6   5.2   5.3   5.3   5.5   5.6   5.4   5.3   5.4    
5.3   5.4   5.4   5.4   5.4   5.3   5.2   5.5   5.4   5.3   5.5   5.4   5.5   5.5   5.5   5.4   5.2   5.5   5.6   5.4   5.2   5.3   5.4   5.5   5.4    
5.4   5.3   5.5   5.5   5.4   5.5   5.3   5.3   5.3   5.3   5.5   5.6   5.4   5.4   5.4   5.5   5.4   5.2   5.2   5.6   5.2   5.3   5.6   5.4   5.5    
5.3   5.3   5.3   5.3   5.2   5.4   5.2   5.3   5.4   5.3   5.4   5.5   5.3   5.2   5.5   5.4   5.4   5.3   5.4   5.5   5.4   5.3   5.3   5.5   5.6    
5.6   5.5   5.6   5.4   5.5   5.6   5.5   5.6   5.4   5.2   5.3   5.3   5.4   5.4   5.6   5.6   5.5   5.4   5.4   5.4   5.5   5.2   5.3   5.5   5.6    

Ha by Parcels
5   6   7   7   5   6   5   7   5   

Cost of m3 in each parcel
1.93   1.83   2.05   2.11   1.99   1.94   2.06   1.85   1.88   