Instance: 63
width: 5
long: 5
Parcels: 9
Crops: 19
Water: 288000

Chemical Properties by Parcel
17.65   10.17   11.17   17.28   9.71   13.18   12.17   13.78   14.91   15.79   15.67   17.03   11.68   17.29   10.76   17.11   12.16   15.92   16.89   13.1   10.6   18.16   10.66   14.36   15.89    
16.77   13.61   17.15   12.38   17.7   12.25   10.09   14.71   14.99   9.78   15.2   17.66   17.31   17.12   16.22   11.43   11.36   11.08   17.33   15.9   13.16   16.95   13.74   14.2   12.46    
15.97   10.46   9.69   13.33   13.76   14.21   18.48   11.04   14.39   15.16   18.47   13.85   18.08   15.5   12.82   10.57   18.03   11.17   14.24   16.01   11.35   13.68   16.08   11.95   12.3    
17.83   13.17   18.17   13.62   18.09   11.19   11.82   17.3   10.08   10.32   18.64   13.73   17.84   16.33   15.11   10.41   17.2   15.87   16.82   15.7   17.8   12.43   16.12   16.77   10.91    
14.45   10.53   17.3   11.4   14.85   14.83   17.52   10.05   14.12   15.43   13.66   11.89   12.84   17.99   12.04   9.88   14.44   10.54   17.36   10.99   16.81   15.87   11.77   16.96   15.3    
16.5   17.05   14.86   11.16   16.14   12.17   13.34   11.85   9.63   10.8   18.66   12.74   13.41   9.76   11.39   13.43   13.23   15.94   14.62   13.51   13.23   17.48   16.72   16.6   14.47    
18.6   13.93   17.58   14.34   16.31   14.89   16.5   14.47   18.44   12.29   15.2   11.59   13.31   16.74   9.69   15.96   11.61   17.15   15.62   15.35   9.65   18.4   9.81   13.88   18.44    
18.47   13.22   9.91   14.95   18.5   12.73   14.84   10.32   13.32   14.98   13.84   16.53   14.6   17.37   17.57   11.32   14.64   11.7   17.08   12.94   11.56   17.85   10.18   10.38   18.51    
14.09   11.53   12.3   11.92   18.04   16.07   15.46   18.08   18.64   13.93   16.07   17.7   17.69   16.19   13.37   15.92   18.58   10.96   11.65   11.79   15.6   13.68   15.29   13.22   12.87    

Physical Properties by Parcel
5.2   5.5   5.6   5.6   5.3   5.5   5.4   5.3   5.3   5.5   5.3   5.6   5.2   5.4   5.4   5.4   5.4   5.4   5.3   5.6   5.4   5.2   5.4   5.4   5.5    
5.4   5.3   5.5   5.6   5.4   5.5   5.3   5.5   5.3   5.3   5.6   5.4   5.4   5.2   5.4   5.3   5.6   5.5   5.6   5.6   5.4   5.2   5.4   5.5   5.2    
5.3   5.6   5.5   5.4   5.3   5.5   5.3   5.2   5.4   5.6   5.2   5.5   5.3   5.5   5.6   5.6   5.4   5.4   5.5   5.4   5.2   5.3   5.5   5.2   5.4    
5.3   5.4   5.3   5.5   5.2   5.5   5.6   5.6   5.4   5.4   5.5   5.3   5.4   5.5   5.3   5.5   5.2   5.5   5.3   5.3   5.5   5.2   5.5   5.5   5.5    
5.2   5.5   5.6   5.6   5.2   5.4   5.3   5.6   5.5   5.6   5.2   5.3   5.6   5.4   5.6   5.3   5.6   5.4   5.5   5.3   5.2   5.5   5.3   5.5   5.3    
5.2   5.5   5.5   5.4   5.5   5.6   5.5   5.4   5.2   5.6   5.4   5.5   5.6   5.6   5.4   5.5   5.5   5.3   5.3   5.5   5.6   5.2   5.2   5.5   5.5    
5.5   5.6   5.4   5.5   5.3   5.4   5.4   5.6   5.3   5.3   5.3   5.5   5.4   5.5   5.6   5.3   5.3   5.2   5.5   5.4   5.2   5.4   5.3   5.5   5.4    
5.3   5.6   5.6   5.2   5.3   5.3   5.4   5.2   5.5   5.5   5.4   5.5   5.2   5.3   5.5   5.6   5.4   5.3   5.4   5.4   5.2   5.4   5.4   5.4   5.6    
5.2   5.5   5.4   5.5   5.5   5.5   5.6   5.4   5.5   5.5   5.5   5.5   5.4   5.4   5.4   5.5   5.4   5.5   5.4   5.3   5.2   5.4   5.3   5.3   5.4    

Ha by Parcels
5   6   5   5   5   5   5   7   5   

Cost of m3 in each parcel
1.86   2.2   1.82   1.87   1.95   2.18   2.02   1.84   1.9   