Instance: 70
width: 5
long: 5
Parcels: 9
Crops: 19
Water: 330000

Chemical Properties by Parcel
18.13   16.39   12.72   13.47   16.37   14.36   15.69   16.09   12.55   15.98   15.33   15.11   14.86   13.18   13.61   16.53   15   10.95   9.76   16.43   16.2   16.13   15.72   18.17   17.98    
15.53   12.35   15.42   13.63   14.37   18.64   17.64   9.69   11.25   11.39   9.62   16.14   10.57   14.33   18.55   11.2   16.79   14.68   17.37   17.4   10.66   16.15   11.45   14.7   9.65    
10.57   12.39   17.15   12.62   12.3   18.09   15.2   11.66   10.58   11.96   15.09   15.17   11.01   16.49   13.61   12.86   13.14   17.67   16.95   11.78   10.05   11.78   18.64   11.41   17.53    
17.46   14.45   11.61   11.9   12.43   12.93   13.67   15.6   10.38   12.33   10.7   13.8   13.81   10.27   12.71   13.44   18.36   15.81   13.54   15.36   10.7   10.39   17.19   17.28   14.16    
9.97   18.33   17.7   18.48   12.07   11.08   17.27   15.77   16.21   12.8   17.38   10.92   10.2   12.89   18.61   14.1   18.68   17.6   16.39   14.62   10.57   18.4   14.15   14.08   18.05    
16.24   12.19   16.86   13.32   10.13   17.38   15.66   12.5   9.99   9.68   10.78   13.19   15.59   17.63   15.04   18.52   11.27   16.02   11.32   12.11   12.66   13.06   9.68   14.44   15.71    
14.27   11.54   14   18.64   11.34   12.83   16.75   11.09   16.02   18.61   15   17.33   14.73   17.88   15.03   16.86   10.46   13.63   17.58   14.86   10.96   12.71   11.72   15.06   10.16    
13.07   17.23   13.98   15.93   10.16   15.31   17.61   13.74   11.11   13.32   14.07   9.63   15.31   18.3   12.43   13.35   10   9.89   12.86   15.89   11.4   17.33   12.43   17.47   17.11    
12.38   15.29   11.9   14.6   12.39   14.41   10.24   16.55   17.92   11.54   16.42   16.63   18.7   17.53   12.15   17.96   15.02   11.62   10.2   12.36   13.86   16.67   10.78   11.14   18.22    

Physical Properties by Parcel
5.3   5.4   5.4   5.2   5.5   5.3   5.3   5.4   5.3   5.5   5.4   5.3   5.6   5.5   5.3   5.4   5.3   5.5   5.3   5.3   5.5   5.3   5.4   5.3   5.6    
5.6   5.3   5.6   5.4   5.3   5.2   5.2   5.3   5.3   5.4   5.4   5.3   5.6   5.3   5.5   5.5   5.4   5.2   5.4   5.3   5.6   5.5   5.4   5.6   5.5    
5.3   5.4   5.2   5.4   5.5   5.4   5.6   5.4   5.4   5.6   5.6   5.5   5.2   5.4   5.2   5.4   5.3   5.3   5.4   5.4   5.5   5.3   5.5   5.3   5.4    
5.4   5.6   5.4   5.3   5.3   5.4   5.3   5.4   5.5   5.4   5.5   5.5   5.3   5.2   5.4   5.2   5.4   5.4   5.3   5.4   5.3   5.5   5.4   5.3   5.6    
5.2   5.5   5.3   5.3   5.4   5.3   5.6   5.3   5.4   5.4   5.3   5.3   5.6   5.4   5.3   5.2   5.5   5.4   5.3   5.5   5.4   5.3   5.4   5.3   5.5    
5.6   5.5   5.5   5.3   5.3   5.5   5.3   5.5   5.5   5.4   5.5   5.2   5.2   5.6   5.5   5.4   5.3   5.4   5.4   5.3   5.3   5.4   5.5   5.6   5.5    
5.5   5.2   5.3   5.3   5.3   5.5   5.3   5.3   5.2   5.5   5.5   5.3   5.2   5.4   5.5   5.5   5.4   5.6   5.4   5.5   5.5   5.5   5.4   5.5   5.2    
5.4   5.4   5.4   5.4   5.2   5.2   5.6   5.4   5.5   5.3   5.4   5.2   5.4   5.3   5.5   5.4   5.5   5.2   5.5   5.4   5.5   5.5   5.5   5.5   5.3    
5.5   5.2   5.4   5.5   5.5   5.5   5.4   5.6   5.5   5.6   5.6   5.6   5.3   5.5   5.5   5.3   5.5   5.2   5.5   5.4   5.5   5.4   5.4   5.4   5.4    

Ha by Parcels
7   5   5   7   5   7   5   7   7   

Cost of m3 in each parcel
1.94   1.83   2.18   2.09   1.89   1.89   2.06   2.11   1.96   