Instance: 67
width: 5
long: 5
Parcels: 9
Crops: 19
Water: 306000

Chemical Properties by Parcel
12.21   14.4   16.51   10.86   18.35   10.03   17.05   12.87   12.87   18.1   11.13   14.36   13.9   9.78   17.6   16.28   10.18   17.2   17.99   13.16   18.57   15.31   10.67   12.71   16.6    
12   13.62   14.59   18.63   12.39   15.17   13.15   15.58   18.58   16.83   13.39   10.55   12.56   18.63   13.56   13.83   11.77   14.31   12.49   15.91   11.22   10.3   16.5   12.03   9.8    
10.88   11.59   12.31   14.71   18.27   11.16   14.45   17.17   13.88   17.63   17.36   16.47   12.34   17.3   17.29   13.09   17.27   11.26   11.47   13.65   14   9.91   14.77   17.3   10.16    
13.66   14.71   10.1   11.88   10.25   10.25   15.29   14.01   16.66   18.57   10.06   18.31   12.91   13.75   11.28   11.12   10.97   10.49   14.12   16.6   18.54   18.16   11.51   11.02   14.11    
12.16   15.41   17.71   10.53   16.37   13.55   11.53   12.06   10.58   18.66   17.01   17.28   14.03   16.84   17.34   15.82   12.99   11.18   17.39   14.1   16.06   10.61   13.72   16.16   11.62    
15.88   18.69   10.66   12.47   18.66   12.45   16.19   10.4   10.93   16.05   11.88   15.28   13.69   12.52   10.49   12.11   11.02   13.79   10.98   18.28   17.35   13.56   12.27   14.85   10.44    
16.64   12.34   17.44   11.36   17.25   17.82   17.7   17.26   18.16   16.18   12.52   10.83   14.69   15.23   15.4   13.49   11.46   13   14.6   13.31   12.9   17.26   14.7   13.03   15.99    
16.46   14.37   11.96   10.56   17.32   13.84   9.75   12.72   17.51   13.74   10.8   18.59   11.42   17.92   15.58   18.32   17.82   11.51   16.89   15.84   14.11   12.87   17.11   13.67   18.32    
18.19   9.62   14.17   17.92   10.74   14.95   15.1   12.13   12.08   15.85   18.11   15.5   12.53   12.34   10.1   15.58   13.67   16.19   15.44   14.87   17.64   10.14   18.22   18.47   9.68    

Physical Properties by Parcel
5.6   5.4   5.4   5.5   5.5   5.2   5.4   5.5   5.4   5.5   5.3   5.2   5.5   5.5   5.4   5.3   5.3   5.4   5.6   5.4   5.4   5.4   5.5   5.4   5.6    
5.4   5.3   5.5   5.5   5.5   5.4   5.5   5.4   5.2   5.4   5.6   5.6   5.4   5.6   5.3   5.4   5.6   5.4   5.3   5.4   5.5   5.6   5.3   5.6   5.5    
5.5   5.4   5.4   5.5   5.5   5.2   5.4   5.6   5.4   5.3   5.5   5.3   5.4   5.2   5.3   5.3   5.3   5.5   5.3   5.2   5.6   5.3   5.4   5.3   5.2    
5.4   5.5   5.5   5.3   5.4   5.4   5.2   5.5   5.5   5.4   5.5   5.5   5.4   5.4   5.4   5.2   5.6   5.3   5.5   5.3   5.3   5.3   5.5   5.4   5.5    
5.3   5.6   5.5   5.4   5.2   5.3   5.5   5.3   5.3   5.4   5.4   5.2   5.3   5.5   5.6   5.3   5.3   5.4   5.3   5.2   5.2   5.3   5.5   5.4   5.3    
5.6   5.3   5.3   5.5   5.6   5.3   5.6   5.4   5.5   5.4   5.4   5.5   5.4   5.4   5.2   5.4   5.5   5.6   5.2   5.5   5.3   5.6   5.5   5.6   5.4    
5.4   5.5   5.4   5.5   5.3   5.5   5.5   5.5   5.4   5.3   5.4   5.2   5.3   5.5   5.2   5.4   5.5   5.6   5.6   5.2   5.3   5.6   5.3   5.5   5.2    
5.5   5.5   5.5   5.4   5.4   5.4   5.2   5.5   5.4   5.2   5.4   5.4   5.3   5.6   5.6   5.4   5.4   5.4   5.5   5.3   5.4   5.3   5.3   5.4   5.5    
5.3   5.5   5.3   5.4   5.4   5.2   5.5   5.2   5.4   5.2   5.4   5.3   5.2   5.6   5.3   5.6   5.5   5.6   5.3   5.4   5.5   5.5   5.4   5.2   5.6    

Ha by Parcels
5   6   5   5   6   5   6   6   7   

Cost of m3 in each parcel
1.87   1.94   1.92   2.03   2.08   1.92   1.87   2.12   1.87   