Instance: 89
width: 10
long: 10
Parcels: 9
Crops: 19
Water: 330000

Chemical Properties by Parcel
15.03   9.82   16.3   14.67   13.38   12.44   17.74   12.08   18.21   18.12   15.25   14.49   10.22   10.27   18.32   14.49   12.2   9.75   14.89   14.65   16.98   18.24   14.2   17.48   17.66   18.33   9.89   17.54   12.88   12.33   18.31   14.14   14.4   17.91   9.81   17.15   11.37   11.32   15.27   9.61   9.71   18.54   16.43   12.73   10.12   17.62   11.48   16.6   15.55   16.16   10.05   13.36   13.77   12.76   12.32   14.39   16.72   15.39   17.72   15.17   11.19   16.5   17.64   17.08   11.84   15.89   17.76   15   16.41   18.6   17.18   14.49   17.83   16.87   17.05   14.94   18.57   10.7   13.35   13.06   10.84   12.59   10.11   17.82   13.78   18.09   16.67   13.1   12.65   15.06   10.91   13.51   9.66   13.35   13.88   13.38   13.31   13.12   11.99   10.78    
18.06   15.64   12.15   13.4   16.25   14.59   9.69   12.53   18.54   10.96   13.16   17.53   14.22   12.39   18.42   11.78   12.73   11.62   11.4   17.62   15.91   15.1   9.72   16.82   10.73   10.12   15.69   9.91   9.85   16.15   16.96   14.01   12.51   11.05   16.83   17.51   13.18   14.23   12.21   9.75   12.53   17.43   10.27   13.06   12.44   17.83   10.93   16.85   13.31   17.08   9.85   14.25   13.65   13.43   12.78   13.55   11.88   14.44   15.85   15.63   10.49   15.48   15.31   11.8   13.33   16.94   10.54   11.29   16.08   16.42   18.45   16.3   17.21   12.27   17.25   17.66   13   18.51   10.92   10.84   13.01   18.36   13.97   14.34   12.39   11.03   11.17   17.47   11.93   15.22   10.67   12.36   13.04   11.31   17.3   10.03   15.1   13.12   17.46   13.22    
11.62   9.71   18.1   11.68   12.77   13.43   15.06   16.97   10.72   16.79   15.52   13.49   11.53   18.18   11.28   10.48   15.41   15.22   14.58   10.49   15.2   18.6   16.67   15.31   15.26   13.53   12.44   15.8   16.26   14.48   18.19   11.4   11.36   13.01   9.79   13.68   11.89   9.73   17.76   15.78   11.75   12.23   15.43   18.68   17.61   16.95   18.56   14.32   17.83   11.63   14.42   16.46   17.24   16.43   11.41   11.85   10.61   18.04   18.13   13.89   12.92   15.37   15.7   18.41   9.97   12.83   14.16   16.29   11.5   15.97   11.15   17.49   15.43   11.09   16.45   13.72   10.88   10.92   15.18   16.03   10.73   11.53   15.16   12.92   13.64   15.23   14.61   12.57   13.88   10.19   17.67   14.5   13.4   16.16   15.76   10.91   18   14.02   16.73   17.49    
12.58   15.58   14.09   18.21   13.17   14.84   15.51   18.6   18.48   18.16   13.75   10.67   11.38   16.1   10.38   15.28   16.32   10.93   17.37   13.01   14.77   15.63   14.57   17.14   17.54   9.66   18.65   12.31   12.08   15.32   17.86   13.87   12.09   12.59   18.23   11.12   18.38   10.94   10.17   12.95   18.51   14.16   10.11   13.86   15.88   14.9   13.44   16.87   15.69   18.61   13.42   13.14   13.1   15.3   13.31   18.59   11.07   17.21   13.34   12.52   13.02   16.87   18.34   15.2   17.92   11.09   11.09   12.86   17.59   18.23   9.94   12.47   14.43   15.71   10.33   16.86   14.17   16.43   10.57   11.18   11.86   10.84   12.55   15.42   16.39   11.51   15.59   11.7   13.7   17.94   12.61   10.4   14.13   11.05   15.9   18.5   11.04   13.64   12.29   10.06    
11.67   17.44   14.46   16.25   15.82   15.38   9.94   18.7   16.87   16.71   13.08   17.51   16.18   15.58   10.11   11.38   18.28   14.95   15.48   14.39   17.87   10.78   10.02   14.08   16.5   14.94   17.88   13.68   14.15   16.65   12.79   12.91   12.26   9.94   17.77   18.35   9.82   14.28   15.98   10.61   10.99   15.52   18.5   13.86   16.63   18.44   16.17   12.91   18.25   10.43   15.56   18.23   12.34   18.5   13.49   14.87   17.01   13.93   10.29   13.8   18.1   10.18   16.17   14.53   17.66   17.57   14.4   15.47   11.95   18.37   17.79   17.49   17.11   17.02   18.16   11.55   15.32   10.66   10.96   14.11   12.38   16.61   13.08   13.81   15.65   11.08   10.02   11.41   14.3   15.73   14.71   16.54   16.44   13.67   10.12   10.28   15.66   13.29   12.6   10.16    
9.98   10.03   13.9   12.37   11.21   13.15   13.67   15.26   16.39   13   15.73   15.6   16.29   12.8   11.01   11.57   12.43   10.83   14.36   11.53   12.1   15.36   10.61   13.75   16.56   16.36   12.21   15.61   11.51   14.09   9.86   16   14.42   13.56   16.43   10.97   15   12.11   13.12   9.77   17.94   16.68   16.09   16.76   15.23   17.76   18.06   15.69   15.29   11.13   14.04   10.73   10.7   12.82   11.13   15.27   11.88   12.59   13.31   15.69   10.28   11.62   17.59   10.1   16.64   16.96   12.48   13.1   10.47   10.99   15.07   17.23   10.22   14.06   10.31   11.29   18.16   13.04   10.91   10.08   13.22   10.33   10.22   13.59   9.66   11.49   10.32   13.96   17.97   15.17   15.8   13.83   17.16   14.39   11.83   10.54   11.21   18.27   17.12   9.95    
11.85   15.18   15.11   12.26   13.47   17.66   15.12   10.31   18.27   17.78   9.91   15.52   17.98   11.31   17.22   13.91   18.7   14.65   11.22   13.02   16.58   10.31   13.09   15.89   12.21   13.06   10.93   15.48   18.11   10.89   18.56   9.66   13.98   17.54   18.13   18.37   13.35   17.97   14.36   12.12   14.29   16.32   18.15   15.62   15.98   13.28   14.33   13.56   10.39   13.08   13.55   13.25   12.51   14.52   15.42   18.65   11.04   13.38   10.41   15.7   12.34   16.22   11.27   14.56   13.79   10.96   13.86   12.21   15.92   12.5   15.02   11.93   18.57   10.53   14.35   17.75   10.2   10.66   18.35   12.99   14.11   14.07   10.43   13.86   18.65   17.63   14.2   16.15   9.75   16.34   13.35   16.95   14.86   17.12   10.45   11.43   12.69   18.47   15.1   9.99    
16.25   12.3   14.34   14.35   11.29   10.8   15.7   12.86   10.2   14.75   13.1   13.37   14.68   12.87   13.7   10.84   17.67   10.94   9.76   17.68   14.32   17.23   13.47   13.87   15.24   11.91   12.11   17.6   16.46   9.72   16.6   12.63   17.2   15.79   12.12   14.41   12.68   10.99   11.17   11.06   16.35   12.32   17.86   15.81   11.79   17.37   12.7   12.63   15.88   14.68   12.49   13.13   17.05   14.56   14.11   15.85   15.71   18.57   13.47   13.18   12.51   18.51   17.55   9.71   17.02   15.87   13.33   15.56   13.11   16.33   11.67   14.63   17.74   17.34   11.62   17.13   14.55   16.29   12.55   14.17   17.09   11.73   10.27   16.62   16.11   16.04   13.68   14.25   10.98   15.77   18.19   10.06   16.07   16.16   17.78   11.25   14.84   15.09   10.3   13.51    
14.07   14.76   13.52   14.18   14   13.05   17.56   16.74   10.1   15.77   11.32   13.75   13.61   14.79   15.21   10.58   18.13   18.47   18.42   15.17   18.59   13.06   12.63   9.8   14.15   17.53   9.83   16   13.54   13.11   16.78   16.28   15.25   11.75   11.92   14.5   17.33   17.51   15.42   16.71   11.34   17.69   15.94   14.2   14.84   12.48   18.05   14.39   15.25   10.57   9.86   10.23   16.1   17.92   14.99   15.61   12.65   10.62   10.22   12.08   15.39   10.09   18.32   16.02   12.07   14.96   12.11   11.76   13.93   17.15   11.82   14.22   13.13   11.14   11.89   15.64   15.37   14.51   10.11   16.38   11   18.14   11.75   12.6   12.13   11.27   17.74   13.43   10.13   18.13   15.16   14.97   17.25   18.39   15.49   12.94   10.52   15.59   13.22   17.61    

Physical Properties by Parcel
5.4   5.5   5.2   5.5   5.3   5.4   5.5   5.3   5.5   5.5   5.4   5.4   5.3   5.4   5.4   5.5   5.5   5.5   5.5   5.2   5.3   5.4   5.4   5.6   5.3   5.5   5.3   5.4   5.5   5.4   5.4   5.5   5.3   5.3   5.4   5.3   5.4   5.2   5.3   5.4   5.3   5.4   5.4   5.5   5.4   5.5   5.5   5.4   5.4   5.2   5.3   5.4   5.5   5.4   5.5   5.4   5.6   5.5   5.3   5.6   5.6   5.2   5.4   5.2   5.4   5.5   5.3   5.6   5.6   5.5   5.3   5.4   5.6   5.4   5.4   5.2   5.4   5.6   5.5   5.5   5.4   5.5   5.2   5.3   5.2   5.3   5.3   5.5   5.2   5.4   5.6   5.3   5.3   5.4   5.4   5.3   5.5   5.6   5.3   5.3    
5.6   5.4   5.2   5.2   5.3   5.5   5.5   5.3   5.6   5.6   5.5   5.2   5.2   5.3   5.5   5.3   5.6   5.5   5.6   5.6   5.5   5.5   5.5   5.4   5.3   5.5   5.2   5.4   5.6   5.3   5.2   5.4   5.3   5.5   5.4   5.6   5.3   5.4   5.3   5.3   5.4   5.5   5.3   5.4   5.3   5.3   5.3   5.3   5.6   5.6   5.4   5.3   5.3   5.5   5.2   5.4   5.6   5.5   5.3   5.2   5.4   5.3   5.3   5.6   5.4   5.2   5.3   5.5   5.3   5.5   5.5   5.4   5.6   5.4   5.3   5.4   5.2   5.6   5.3   5.3   5.5   5.6   5.3   5.6   5.5   5.3   5.4   5.4   5.4   5.5   5.2   5.3   5.3   5.3   5.2   5.5   5.4   5.5   5.4   5.4    
5.2   5.2   5.6   5.3   5.5   5.2   5.6   5.3   5.5   5.3   5.3   5.5   5.3   5.5   5.4   5.4   5.4   5.5   5.3   5.6   5.2   5.5   5.3   5.4   5.4   5.3   5.2   5.3   5.6   5.4   5.3   5.4   5.2   5.3   5.3   5.2   5.5   5.4   5.2   5.2   5.5   5.4   5.4   5.4   5.4   5.3   5.5   5.5   5.3   5.5   5.4   5.3   5.6   5.5   5.5   5.5   5.4   5.3   5.4   5.5   5.3   5.6   5.6   5.4   5.4   5.5   5.6   5.4   5.4   5.2   5.3   5.3   5.5   5.3   5.4   5.4   5.5   5.5   5.4   5.4   5.4   5.5   5.3   5.3   5.5   5.5   5.4   5.4   5.4   5.3   5.5   5.5   5.2   5.4   5.5   5.2   5.4   5.6   5.5   5.5    
5.4   5.5   5.5   5.2   5.4   5.3   5.5   5.4   5.4   5.3   5.6   5.5   5.4   5.3   5.4   5.5   5.4   5.4   5.4   5.3   5.3   5.3   5.4   5.2   5.3   5.5   5.5   5.2   5.6   5.4   5.4   5.4   5.5   5.3   5.4   5.5   5.4   5.5   5.3   5.3   5.3   5.4   5.5   5.6   5.6   5.6   5.5   5.5   5.5   5.4   5.5   5.5   5.3   5.4   5.6   5.4   5.3   5.3   5.4   5.4   5.3   5.5   5.3   5.3   5.5   5.6   5.3   5.4   5.3   5.3   5.5   5.3   5.6   5.5   5.2   5.3   5.3   5.3   5.3   5.4   5.5   5.5   5.5   5.5   5.3   5.5   5.4   5.5   5.2   5.3   5.2   5.4   5.4   5.5   5.6   5.5   5.2   5.5   5.5   5.5    
5.6   5.3   5.4   5.5   5.6   5.6   5.4   5.5   5.5   5.5   5.5   5.3   5.5   5.6   5.4   5.3   5.2   5.2   5.4   5.5   5.2   5.5   5.4   5.5   5.6   5.3   5.2   5.3   5.3   5.5   5.3   5.6   5.5   5.5   5.3   5.3   5.2   5.3   5.3   5.3   5.4   5.5   5.3   5.5   5.6   5.3   5.3   5.4   5.3   5.6   5.4   5.3   5.6   5.5   5.4   5.3   5.5   5.4   5.3   5.3   5.4   5.5   5.4   5.6   5.4   5.5   5.5   5.4   5.5   5.4   5.2   5.4   5.4   5.2   5.4   5.4   5.3   5.5   5.5   5.2   5.3   5.4   5.5   5.6   5.3   5.3   5.2   5.4   5.5   5.4   5.5   5.4   5.5   5.2   5.3   5.3   5.5   5.2   5.2   5.4    
5.2   5.6   5.5   5.2   5.6   5.3   5.5   5.4   5.2   5.5   5.5   5.3   5.3   5.5   5.5   5.4   5.6   5.4   5.2   5.4   5.4   5.3   5.5   5.6   5.3   5.4   5.5   5.3   5.4   5.2   5.3   5.5   5.3   5.4   5.4   5.3   5.2   5.4   5.4   5.3   5.3   5.5   5.3   5.5   5.3   5.2   5.6   5.6   5.4   5.4   5.4   5.5   5.5   5.6   5.3   5.2   5.3   5.3   5.4   5.2   5.6   5.4   5.5   5.3   5.3   5.3   5.2   5.2   5.2   5.4   5.2   5.2   5.4   5.6   5.3   5.4   5.4   5.6   5.5   5.2   5.4   5.6   5.2   5.3   5.3   5.3   5.6   5.6   5.4   5.4   5.5   5.2   5.2   5.5   5.3   5.5   5.4   5.6   5.3   5.2    
5.6   5.2   5.5   5.3   5.4   5.4   5.4   5.5   5.3   5.5   5.4   5.4   5.5   5.2   5.5   5.5   5.4   5.4   5.5   5.3   5.6   5.5   5.3   5.4   5.3   5.3   5.5   5.2   5.5   5.2   5.3   5.4   5.2   5.4   5.3   5.5   5.5   5.4   5.5   5.3   5.4   5.4   5.4   5.6   5.5   5.6   5.5   5.3   5.2   5.4   5.5   5.5   5.6   5.4   5.6   5.4   5.4   5.4   5.5   5.5   5.5   5.3   5.4   5.4   5.3   5.3   5.5   5.4   5.5   5.5   5.4   5.5   5.3   5.2   5.3   5.3   5.3   5.5   5.5   5.6   5.6   5.4   5.5   5.3   5.3   5.5   5.5   5.5   5.6   5.4   5.5   5.5   5.2   5.6   5.3   5.4   5.3   5.5   5.4   5.6    
5.4   5.4   5.2   5.3   5.2   5.4   5.4   5.4   5.2   5.3   5.4   5.3   5.4   5.4   5.5   5.4   5.3   5.3   5.4   5.2   5.6   5.3   5.3   5.6   5.4   5.5   5.4   5.4   5.4   5.6   5.3   5.2   5.5   5.5   5.5   5.3   5.5   5.2   5.2   5.2   5.4   5.4   5.6   5.3   5.4   5.4   5.4   5.3   5.3   5.3   5.2   5.2   5.4   5.4   5.3   5.2   5.3   5.6   5.6   5.3   5.5   5.2   5.3   5.5   5.5   5.4   5.3   5.6   5.5   5.4   5.5   5.6   5.4   5.4   5.3   5.4   5.4   5.3   5.6   5.4   5.3   5.5   5.4   5.5   5.5   5.6   5.5   5.5   5.4   5.4   5.4   5.5   5.5   5.5   5.2   5.4   5.3   5.4   5.3   5.4    
5.6   5.3   5.5   5.6   5.5   5.4   5.2   5.3   5.4   5.4   5.6   5.5   5.3   5.5   5.5   5.5   5.2   5.5   5.5   5.5   5.5   5.4   5.3   5.3   5.5   5.4   5.6   5.3   5.2   5.3   5.3   5.4   5.4   5.4   5.4   5.5   5.4   5.4   5.4   5.5   5.4   5.3   5.5   5.5   5.5   5.3   5.4   5.6   5.3   5.5   5.5   5.2   5.4   5.5   5.5   5.2   5.3   5.5   5.3   5.6   5.5   5.4   5.4   5.6   5.6   5.4   5.5   5.2   5.6   5.3   5.3   5.2   5.5   5.5   5.4   5.4   5.4   5.4   5.5   5.6   5.5   5.3   5.3   5.4   5.4   5.5   5.3   5.4   5.5   5.3   5.3   5.3   5.6   5.3   5.4   5.3   5.2   5.2   5.3   5.5    

Ha by Parcels
5   5   6   7   6   6   6   7   7   

Cost of m3 in each parcel
2.06   1.9   2.02   2   2.1   2.01   1.92   1.84   2.07   