Instance: 86
width: 10
long: 10
Parcels: 9
Crops: 19
Water: 324000

Chemical Properties by Parcel
9.92   12.1   13.38   17.42   15.18   9.86   18.15   11.18   11.92   15.01   9.76   17.45   15.71   10.99   11.12   11.28   15.46   15.73   14.58   13.92   16.22   16.87   12.21   11.07   11.49   18.62   10.16   9.84   12.3   17.99   18.01   16.19   15   10.59   13.07   14.59   16.73   16.97   16.18   13.64   14.97   11.08   15.03   12.1   18.54   14.83   17.26   12.72   15.28   12.94   14.71   10.92   14.88   15.6   13.75   13.22   12.01   14.3   13.2   12.32   15.54   12.64   11.91   9.98   16.18   13.99   18.54   14.9   11.13   11.38   18.17   15.56   12.76   16.1   13.93   9.97   14.01   15.71   16.34   10.29   10.77   16.33   16.78   13.47   17.33   14.29   17.69   10.45   11.4   15.65   10.57   15.88   17.82   12.43   10.84   18.24   12.59   15.74   13.02   14.08    
11.9   17.25   13.53   14.43   16.96   15.88   14.92   11.64   14.35   13.39   10.16   10.26   13.11   17.31   18.19   10.95   11.8   12.13   17.9   16.15   12.8   16.25   13.74   15.38   11.68   13.97   12.49   18.41   16.11   16.97   11.5   17.85   12.44   9.89   16.44   17.73   16.46   16.47   15.87   9.74   17.24   13.19   12.62   15.49   14.23   18.18   12.05   12.69   11.16   18.54   12.46   18.34   12.2   18.27   16.09   10.4   11.29   15.64   15.02   15.46   11.05   10.2   15.75   16.83   16.66   11.96   11.54   10.36   13.85   16.57   11.45   17.1   12.79   9.98   17.29   16.37   12.45   11.81   11.7   17.51   12.64   11.78   12.42   15.7   10.21   17.67   10.38   13.69   15.65   14.45   10.23   18.54   17.46   16.8   18.56   13.35   12.34   14.64   16.16   13.08    
14.47   13.55   16.08   13.15   14.2   15.47   18.29   12.13   11.75   14.33   13.1   10.33   16.94   10.77   17.33   10.18   18.5   14.16   12.54   10.67   15.46   12.02   18.55   14.32   14.5   14.52   14.54   18.23   11.25   10.24   17.08   16.46   10.41   15.28   14.87   13.88   11.62   15.35   14.99   14.88   15.89   10.25   18.53   14.47   16.05   15.22   16.79   9.74   16.84   9.84   17.01   13.7   11.67   16.66   15.75   16.69   16.38   18.34   11.04   13.89   14.17   13.52   16.66   16.81   12.08   11.22   15.14   12.44   17.79   18.56   13.06   15.8   9.61   12.39   16.69   15.39   18.02   13.41   10.02   12.09   18.21   16.91   16.84   14.7   16.2   16.81   10.49   10.53   9.7   13.74   16.9   11.03   14.96   16.36   10.71   17.81   14.07   17.56   13.76   18.24    
13.92   10.61   14.82   9.65   13.56   13.37   12.87   16.99   16.64   12.96   17.2   15.2   18.02   13.98   10   15.03   13.28   9.79   16.35   16.92   10.81   9.92   12.77   12.22   9.77   15.2   10.98   14.12   16.7   13.34   16.54   17.92   9.89   13.25   17.01   18.24   15.1   17.79   17.96   10.33   10.76   17.17   17.5   11.81   17.39   11.81   10.41   13.89   16.44   10.2   12.73   16.78   16.93   10.85   15.84   12.77   15.24   13.8   15.61   17.11   11.74   16.25   16.53   10.09   11.5   10.35   10.78   17.97   18.19   10.74   14.24   14.19   12.01   11.38   13.72   13.85   11.85   17.58   16.58   15.94   12.3   16.59   11.63   11.34   13.93   14.09   14.21   11.47   10.35   18.46   13.45   15.44   13.93   18.13   12.75   15.83   11.07   15.86   18.02   15.96    
9.96   12.91   12.71   18.6   18.66   10.24   16.46   13.37   18.56   14.64   11.38   15.6   16.76   16.8   16.89   10.85   16.15   10.87   14.72   15.81   17.3   16.21   11.07   10.17   13.45   10.4   10.02   16.4   15.13   10.2   16.5   17.97   13.35   18.18   14.28   16.38   17.79   17.17   9.89   17.67   15.49   12.55   15.11   12.06   13.61   12.98   13.58   10.49   11.69   13.54   11.58   10.68   12.65   17.43   18.21   10.87   17.77   14.57   9.77   16.81   14.92   16.92   14.57   14.62   14.47   14.33   18.15   18.65   14.84   14.47   16.31   12.56   15.63   12.23   15.79   10.8   14.97   16.09   9.97   13.31   18.18   12.93   11.44   17.01   12.31   17.13   14.04   11.4   15.78   12.68   11.74   12.83   11.96   15.92   10.77   10.03   12.47   13.04   16.64   12.05    
14.41   16.52   18.11   16.25   14.86   16.67   15.45   15.03   12.03   10.49   16.57   11.6   15.73   12.33   10.87   13.29   13.62   12.05   15.7   16.41   17.36   18.38   9.97   14.3   11.08   13.59   15.58   16.86   11.17   10.5   17.43   17.68   10.14   11.65   12.99   18.05   13.74   16.29   9.64   16.91   16.63   11.41   15.1   12.11   16.77   10.58   12.02   13.04   13.82   13.1   16.7   10.1   9.85   11   12.64   10.09   12.37   16.49   13.87   10.16   12.25   9.75   12.17   10.51   18.58   16.42   17.61   11.1   13.84   14.5   10.33   10.65   11.55   16.36   12.92   17.02   15.99   16.58   10.37   14.38   11.51   14.83   17.91   14.53   17.93   13.73   14.56   10.38   11.51   9.91   15.57   13.68   12.22   14.62   10.51   13.04   18.4   12.92   12.92   16.16    
12.13   12.45   11.86   16.52   18.28   10.69   14.79   16.98   9.62   15.33   12.68   17.54   18.48   14.04   15.72   13.2   10.34   13.19   14.48   12.34   10.73   11.8   12.5   11.76   16.13   14.18   15.58   10.53   16.27   17.59   14.32   16.92   9.63   11.22   14.43   12.18   12.13   13.89   14.61   16.61   13.44   13.88   14.18   12.4   17.56   11.2   13.74   14.25   12.76   16.52   18.14   14.95   16.7   16.16   14.5   15.09   14.54   11.93   16.08   18.64   17.7   17.94   17.55   12.61   15.63   14.07   16.13   12.72   11.81   10.96   16.87   11.21   16.46   17.16   12.9   17.9   14.3   17.66   13.42   12.6   16.43   18.4   10.27   18.04   14.42   11.13   10.54   11.26   18.53   13.41   16.78   10.23   16.36   10.68   18.58   17.12   15.62   9.91   13.83   18.43    
13.89   14.7   13.25   14.07   14.8   16.13   16.94   17.79   16.17   13.1   15.95   16.81   15.04   12.78   12.15   17.47   11.16   14.18   13.6   16.62   14.55   12.88   11.39   16.57   9.76   17.09   13.31   14.96   13.5   11.38   16.15   15.18   16.19   13.72   16.62   11.72   16.76   16.46   15.53   14.15   14.32   11.48   15   9.78   11.11   17.67   18.12   10.44   17.77   10.51   12.55   10.48   15.36   17.79   11.05   10.86   10.7   17.36   12.38   18.11   12.03   10.07   10   18.35   16.09   13.11   12.07   17.21   15.64   10.09   18.32   18.39   18.4   12.57   17.29   13.52   13.58   14.78   13.29   10.8   13.59   14.17   9.97   11.19   16.08   16.13   14.48   14.31   13.71   13.65   16.54   17.38   15.37   14.78   15.38   16.53   15.01   17.7   12.39   10.37    
15.35   14.87   11.61   12.11   17.42   16.93   10.19   13.51   15.01   12   18.25   11.8   18.66   16.77   13.59   17.29   11.72   11.29   11.14   10.82   11.28   10.78   11.3   16.69   13.22   12.29   14.39   14.13   12.18   16.49   9.88   14.75   14.87   15.26   13.59   14.93   9.98   18.02   16.03   14.12   13.31   16.61   14.97   17.33   15.03   16.12   13.86   12.46   11.03   13.45   13.48   13.68   18.5   14.52   14.9   16.09   11.77   17.29   15.63   16.33   15.14   15.39   17.18   17.27   16.03   13.01   16.66   16.76   16.86   14.8   9.78   16.92   16.45   18.08   14.26   17.4   11.85   16.35   13.76   11.01   11.55   14.26   13.08   17.97   14.6   17.5   13.93   13.26   10.19   15.88   11.06   10.93   15.86   14.18   17.99   14.21   17.97   10.68   13.14   13.35    

Physical Properties by Parcel
5.4   5.4   5.5   5.4   5.4   5.2   5.5   5.5   5.3   5.5   5.2   5.4   5.3   5.5   5.3   5.2   5.3   5.6   5.4   5.6   5.5   5.2   5.3   5.3   5.6   5.3   5.6   5.4   5.3   5.3   5.4   5.6   5.5   5.4   5.3   5.3   5.5   5.3   5.5   5.3   5.3   5.3   5.6   5.2   5.3   5.3   5.2   5.4   5.5   5.4   5.4   5.3   5.3   5.4   5.5   5.4   5.5   5.3   5.4   5.2   5.3   5.5   5.2   5.2   5.4   5.4   5.4   5.4   5.2   5.3   5.4   5.4   5.4   5.3   5.5   5.3   5.3   5.5   5.6   5.4   5.6   5.3   5.5   5.3   5.4   5.5   5.4   5.5   5.4   5.5   5.4   5.3   5.3   5.2   5.4   5.3   5.5   5.2   5.2   5.2    
5.4   5.5   5.3   5.4   5.4   5.4   5.3   5.5   5.6   5.6   5.3   5.2   5.5   5.6   5.3   5.3   5.3   5.5   5.6   5.2   5.5   5.4   5.3   5.5   5.5   5.5   5.5   5.5   5.4   5.2   5.4   5.2   5.3   5.4   5.5   5.4   5.4   5.5   5.5   5.2   5.3   5.4   5.2   5.3   5.3   5.4   5.4   5.3   5.5   5.3   5.4   5.3   5.4   5.6   5.5   5.5   5.6   5.4   5.2   5.4   5.3   5.3   5.5   5.4   5.5   5.4   5.5   5.2   5.6   5.5   5.3   5.5   5.2   5.5   5.4   5.5   5.2   5.5   5.2   5.3   5.4   5.5   5.4   5.5   5.5   5.3   5.3   5.4   5.5   5.3   5.4   5.5   5.3   5.4   5.2   5.3   5.3   5.2   5.2   5.5    
5.3   5.3   5.3   5.2   5.4   5.4   5.5   5.3   5.4   5.4   5.5   5.6   5.4   5.4   5.6   5.3   5.4   5.5   5.5   5.5   5.6   5.5   5.4   5.3   5.3   5.4   5.4   5.5   5.4   5.4   5.5   5.2   5.2   5.3   5.5   5.2   5.3   5.4   5.6   5.2   5.5   5.3   5.3   5.5   5.5   5.5   5.6   5.2   5.3   5.5   5.5   5.4   5.4   5.4   5.6   5.4   5.4   5.6   5.3   5.4   5.3   5.3   5.3   5.4   5.4   5.3   5.5   5.5   5.3   5.2   5.3   5.6   5.5   5.2   5.3   5.5   5.3   5.2   5.5   5.6   5.3   5.5   5.6   5.2   5.3   5.5   5.2   5.5   5.3   5.6   5.4   5.6   5.5   5.4   5.5   5.5   5.6   5.3   5.4   5.6    
5.4   5.2   5.5   5.3   5.4   5.4   5.3   5.5   5.5   5.3   5.4   5.3   5.3   5.3   5.6   5.3   5.3   5.6   5.2   5.5   5.3   5.6   5.3   5.6   5.5   5.4   5.2   5.3   5.6   5.5   5.3   5.6   5.5   5.2   5.4   5.4   5.3   5.4   5.6   5.5   5.3   5.6   5.3   5.4   5.4   5.5   5.4   5.3   5.3   5.3   5.2   5.3   5.4   5.5   5.6   5.4   5.3   5.4   5.4   5.4   5.6   5.6   5.2   5.5   5.3   5.3   5.3   5.3   5.6   5.5   5.6   5.6   5.5   5.3   5.3   5.3   5.3   5.3   5.3   5.2   5.2   5.5   5.2   5.3   5.5   5.3   5.5   5.5   5.6   5.5   5.4   5.2   5.3   5.3   5.3   5.3   5.4   5.2   5.3   5.2    
5.4   5.2   5.2   5.3   5.5   5.4   5.5   5.3   5.3   5.2   5.5   5.5   5.6   5.6   5.4   5.5   5.3   5.4   5.3   5.5   5.6   5.4   5.5   5.4   5.3   5.5   5.4   5.4   5.4   5.4   5.4   5.4   5.5   5.3   5.5   5.5   5.4   5.2   5.4   5.5   5.4   5.5   5.5   5.2   5.4   5.3   5.4   5.2   5.3   5.5   5.3   5.4   5.6   5.3   5.4   5.3   5.4   5.2   5.5   5.5   5.3   5.3   5.5   5.3   5.5   5.2   5.6   5.4   5.5   5.3   5.3   5.3   5.4   5.3   5.6   5.3   5.5   5.4   5.6   5.5   5.4   5.2   5.5   5.5   5.2   5.3   5.3   5.5   5.2   5.5   5.3   5.5   5.5   5.3   5.2   5.4   5.6   5.3   5.2   5.4    
5.5   5.6   5.5   5.5   5.2   5.3   5.6   5.4   5.4   5.3   5.3   5.4   5.3   5.3   5.5   5.6   5.2   5.4   5.6   5.6   5.5   5.2   5.6   5.5   5.5   5.5   5.5   5.5   5.6   5.5   5.5   5.6   5.6   5.6   5.3   5.3   5.2   5.3   5.3   5.4   5.6   5.6   5.4   5.4   5.5   5.6   5.3   5.6   5.6   5.4   5.5   5.6   5.5   5.4   5.4   5.4   5.2   5.3   5.6   5.6   5.6   5.3   5.6   5.4   5.4   5.3   5.2   5.3   5.3   5.4   5.5   5.4   5.4   5.5   5.5   5.5   5.5   5.6   5.2   5.5   5.4   5.4   5.5   5.4   5.4   5.5   5.3   5.4   5.6   5.6   5.5   5.3   5.4   5.4   5.6   5.4   5.3   5.2   5.3   5.5    
5.5   5.5   5.2   5.4   5.5   5.5   5.3   5.3   5.3   5.3   5.4   5.3   5.6   5.6   5.2   5.2   5.4   5.5   5.3   5.3   5.6   5.2   5.4   5.4   5.6   5.3   5.4   5.6   5.6   5.6   5.5   5.2   5.3   5.3   5.5   5.4   5.6   5.3   5.3   5.6   5.5   5.4   5.4   5.6   5.5   5.5   5.2   5.3   5.3   5.3   5.2   5.3   5.2   5.2   5.3   5.2   5.5   5.3   5.4   5.5   5.5   5.6   5.5   5.5   5.2   5.4   5.4   5.4   5.3   5.5   5.5   5.2   5.2   5.3   5.5   5.4   5.2   5.4   5.5   5.4   5.5   5.2   5.3   5.2   5.4   5.6   5.2   5.4   5.2   5.4   5.4   5.5   5.4   5.4   5.5   5.3   5.4   5.5   5.5   5.4    
5.5   5.4   5.5   5.4   5.2   5.5   5.4   5.5   5.5   5.4   5.3   5.3   5.5   5.6   5.3   5.3   5.5   5.3   5.3   5.2   5.5   5.4   5.6   5.4   5.3   5.5   5.5   5.6   5.2   5.6   5.5   5.5   5.6   5.5   5.6   5.4   5.4   5.3   5.5   5.3   5.5   5.5   5.6   5.3   5.4   5.5   5.3   5.3   5.5   5.3   5.5   5.5   5.5   5.3   5.5   5.5   5.4   5.2   5.5   5.5   5.2   5.5   5.4   5.2   5.3   5.5   5.2   5.4   5.5   5.2   5.3   5.5   5.6   5.5   5.5   5.5   5.4   5.2   5.4   5.4   5.5   5.6   5.6   5.5   5.5   5.3   5.3   5.4   5.4   5.5   5.3   5.6   5.2   5.3   5.2   5.4   5.2   5.4   5.3   5.4    
5.6   5.4   5.3   5.3   5.3   5.4   5.5   5.5   5.6   5.5   5.5   5.2   5.3   5.5   5.6   5.5   5.3   5.5   5.4   5.5   5.2   5.6   5.6   5.2   5.3   5.2   5.6   5.3   5.4   5.5   5.6   5.4   5.5   5.5   5.5   5.5   5.4   5.5   5.4   5.3   5.4   5.5   5.5   5.5   5.4   5.3   5.5   5.3   5.3   5.2   5.6   5.5   5.6   5.3   5.3   5.5   5.3   5.6   5.6   5.3   5.5   5.5   5.2   5.4   5.4   5.3   5.3   5.4   5.4   5.4   5.5   5.3   5.4   5.5   5.6   5.5   5.3   5.3   5.5   5.6   5.4   5.3   5.3   5.3   5.3   5.4   5.3   5.4   5.4   5.4   5.4   5.4   5.3   5.3   5.5   5.4   5.5   5.2   5.4   5.3    

Ha by Parcels
6   5   5   6   5   6   7   7   7   

Cost of m3 in each parcel
2.19   2.19   1.9   2.19   1.85   2.18   2.09   1.97   2.06   