Instance: 84
width: 10
long: 10
Parcels: 9
Crops: 19
Water: 330000

Chemical Properties by Parcel
13.28   13.27   10.22   14.37   14.1   14.21   17.67   18.14   17.75   15.25   17.31   13.21   16.42   15.33   12.9   13.94   17.6   13.01   18.42   13.07   11.82   12.3   13.31   15.97   15.39   12.57   18.26   13.47   15.43   9.8   18.56   11.59   17.2   18.37   17.14   18.03   11.82   13.18   17.08   12.74   9.96   10.55   15.5   11.75   14.13   14.89   17.93   15.01   11.41   13.18   18.5   11.07   14.01   17.17   9.82   11.32   11.03   16.91   13.21   13.78   13.53   18.42   11.19   14.59   10.93   10.84   9.61   12.7   11.46   17.76   11.04   16.87   12.23   14.34   17.81   18.44   16.96   10.46   9.89   12.05   10.52   17.92   16.22   18.42   17.71   10.72   15.24   18.61   18.58   15.1   10.7   17.83   11.78   10.68   9.67   11.41   16.35   15.99   11.8   16.88    
10.07   17.17   10.07   15.52   11.99   15.37   14.96   13.71   17.52   9.87   18.63   16.16   17.55   17.22   12.95   13.73   12.78   15.4   14.44   14.24   16.71   16.8   18.42   16.45   15.42   15.99   9.87   13.63   11.49   12.64   13.1   17.58   15.59   18.48   16.26   12.12   13.12   11.92   16.37   18.09   14.93   13.32   12.13   14.99   10.27   16.84   17.07   10.54   12.98   15.61   11.41   12.34   9.91   10.99   14.4   10.98   11.67   14.97   13.37   10.88   14.64   18.48   13.39   17.95   10.82   16.52   16.3   11.23   18.08   17.47   11.25   17.05   12.64   18.14   12.92   12.43   18.53   17.58   11.03   12.82   17.25   14.98   13.18   16.51   14.47   9.78   17.06   15.02   18.03   13.18   12.37   14.84   18.14   16.47   12.18   15.96   15.38   16.15   13.89   10.87    
16.93   13.17   12.08   10.95   15.59   15.59   11.93   10.62   12.18   14.03   17.91   18.35   14.34   15.67   18.16   13.45   16.45   12.95   17.73   15.45   10.55   14.42   9.75   16   17.73   14.17   12.5   13.08   12.72   18.14   17.85   11.23   14.37   18.1   14.67   14.79   14.75   13.37   14.62   14.44   10.55   16.72   16.39   12.33   18.6   16.91   17.85   13.18   11.73   16.41   12.19   17.52   11.61   16.73   13.64   17.35   10.99   15.16   12.69   12.16   16.5   12.86   15.5   18.2   11.82   16.19   12.73   16.3   14.09   12.89   14.38   11.12   14.4   14.36   14.1   10.88   11.45   18.26   10.42   18.36   11.12   9.78   11.93   15.13   10.14   10.68   17.58   11.71   18.4   12.37   17.39   18.22   10.72   11.24   13.57   17.12   17.51   10.01   16.78   11.2    
17.18   10.06   13.77   18.6   12.48   9.73   14.79   17.72   10.93   11.08   13.79   13.8   18.37   13.09   9.86   12.48   18.46   17.57   11.8   17.46   9.8   17.88   17.28   11.28   18.03   17.36   12.39   11.22   10.05   13.44   9.89   18.26   10.79   11.53   16.92   13.81   12.94   13.71   14.11   13.29   16.26   9.82   9.78   12.83   14.74   16.26   14.44   11.04   13.13   17   17.65   14.8   18.66   16   12.57   10.99   16.63   10.11   13.82   13.27   12.14   9.65   13.75   11.04   10.29   15.82   13.88   11.64   16.9   18.55   13.12   12.09   14.19   14.86   16.44   18.55   11.55   11.27   18.5   13.47   16.68   10.29   16.88   16.04   18.08   17.4   18.5   17.48   15.37   13.86   11.84   9.64   15.4   13.76   14.37   15.79   12.55   14.11   12.9   14.66    
15.51   12.13   10.67   17.38   14.71   15.3   10.23   12.04   16.62   17.77   16.86   15.93   17.76   14.64   18.59   17.81   11.44   10.57   11.1   10.68   14.7   11.96   12.14   12.41   15.46   12.33   14.44   15.79   13.14   16.32   13.72   13.75   15.87   11.42   11.69   17.68   12.84   14.74   12.2   14.32   12.5   12.86   10.57   16   10.31   13.17   12.5   12.97   13.32   15.56   9.8   9.97   12.44   13.71   12.88   10.43   11.62   16.85   12.83   12.04   13.73   10.08   18.53   13.79   17.9   17.06   14.12   16.03   9.98   10.34   9.79   13.84   9.85   14.95   12.86   10.78   11.9   14.18   10.35   16.82   9.61   12.26   17.44   12.01   13.31   17.45   9.94   12.65   15.63   18.28   13.69   12.25   13.83   16.7   14.32   15.83   16.21   17.97   14.83   12.73    
13.5   15.43   12.35   12.94   11.51   9.67   12.57   11.13   13.55   15.99   13.13   16.88   12.7   17.08   16.46   16.63   13.84   14.81   12.99   14.61   13.89   16.71   12.58   11.44   11.63   15.61   14.48   12.15   10.68   17.15   16.06   18.43   15.68   14.82   14.6   13.95   12.48   12.93   11.46   15.68   14.42   15.31   18.46   18.33   10.65   16.37   11.93   13.81   16.91   12.65   16.51   12.97   10.31   16.58   18.22   15.06   11.87   17.96   16.42   15.82   16.76   11.37   14.2   17.85   17.73   16.86   11.21   15.98   12.67   11.77   16.83   12.19   14.39   10.51   11.1   14.62   17.25   10.16   17.07   11.55   11.48   11   11.67   11.35   18.02   12.17   11.72   11.92   16.47   18.61   16.61   17.88   11.73   13.9   17.03   14.56   11.98   17.28   14.96   17.04    
9.61   12.32   14.88   15.54   12.95   12.85   11.18   16.93   12.83   12.41   17.15   14.69   11.28   16.87   15.69   12.85   10.4   13.68   17.75   13.3   9.67   16.35   10.67   15.89   14.6   11.12   18.05   11.8   11.35   15.15   16.32   15.48   16.26   18.62   17.3   17.03   18.6   11.05   16.62   9.68   16.56   9.86   17.15   10.36   9.94   18.44   18.39   9.81   13.42   13.8   17.13   15.96   17.47   18.32   10.44   17.66   15.17   10.09   10.07   14.37   13.19   17.41   13.54   11.82   17.72   15.47   13.99   10.71   13.56   16.31   12.22   15.98   18.29   15.54   12.91   11.94   11.33   14.07   13.9   12.43   10.83   14.84   16.03   13.24   16.43   12.72   17.02   10.36   17.86   14.03   16.75   11.62   15.06   12.73   15.65   13.97   13.14   14.51   15.46   10.51    
13.08   17.92   17.19   13.83   14.95   15.16   10.06   10.86   17.28   11.91   10.88   10.25   15.87   9.95   10.24   15.75   18.19   12.5   12.74   16.4   12.22   17.48   11.57   17.32   10.42   13.11   10.76   18.31   14.03   12.17   13.47   12.77   16.05   15.78   12.39   16.37   15.58   15.77   9.82   15.93   16.31   17.61   12.7   11.7   18.08   10.94   11.69   16.32   10.81   15.26   17.15   10.66   16.1   18.59   15.51   11   12.93   18.62   9.74   11.22   11.14   11.42   16.72   18.19   18.01   9.85   12.14   16.63   16.23   18.59   14.31   18.19   16.96   11.63   15.45   12.64   14.98   11.94   15.38   12.44   9.95   9.81   12.04   17.56   11.61   10.68   12.38   9.96   10.94   12.59   18.32   14.01   17.29   13.11   14.96   13.62   15.83   18.61   15.59   17.17    
18.13   15.64   16.1   12.45   18.27   15.64   17.09   17.79   15.91   11.22   12.49   14.65   14.74   12.38   18.37   16.79   14.97   12.22   10.43   13.5   17.45   11.04   15.71   12.95   11.88   15.26   15.48   15.05   12.79   11.45   14.19   13.82   15.87   15.39   10.6   11.25   11.21   14.16   16.73   15.12   16.98   10.67   15.3   11.86   15.32   15.86   10.5   14.45   17.89   15.79   17.37   12.54   15.37   13.95   16.92   15.8   11.19   12.02   13.84   17.64   11.98   11.12   14.33   15.89   11.23   15.46   15.54   17.42   11.62   10.75   15.33   17.86   13.18   17.9   15.25   10.82   12.91   12.36   16.74   17.6   15.72   18.68   10.42   10   11.23   16.23   13.25   17.37   16.58   11.01   16.87   17.59   12.31   9.65   11.08   12.22   17.01   13.84   18.69   13.05    

Physical Properties by Parcel
5.6   5.5   5.4   5.3   5.5   5.3   5.6   5.3   5.5   5.4   5.3   5.3   5.3   5.2   5.4   5.4   5.4   5.3   5.4   5.4   5.4   5.2   5.3   5.4   5.3   5.6   5.4   5.5   5.2   5.6   5.5   5.5   5.4   5.5   5.4   5.4   5.4   5.3   5.3   5.4   5.4   5.3   5.4   5.4   5.3   5.4   5.4   5.2   5.3   5.3   5.4   5.6   5.4   5.5   5.5   5.2   5.3   5.4   5.6   5.5   5.3   5.5   5.5   5.2   5.3   5.4   5.2   5.5   5.6   5.3   5.3   5.3   5.5   5.3   5.5   5.5   5.5   5.3   5.3   5.4   5.4   5.5   5.4   5.5   5.4   5.2   5.4   5.4   5.3   5.4   5.4   5.4   5.5   5.5   5.4   5.3   5.5   5.3   5.6   5.5    
5.4   5.3   5.4   5.3   5.3   5.5   5.3   5.6   5.3   5.3   5.6   5.5   5.3   5.5   5.4   5.5   5.6   5.5   5.4   5.4   5.5   5.5   5.3   5.6   5.6   5.4   5.4   5.4   5.4   5.6   5.4   5.6   5.4   5.2   5.5   5.4   5.5   5.5   5.6   5.3   5.3   5.5   5.3   5.2   5.3   5.5   5.5   5.3   5.6   5.5   5.3   5.4   5.2   5.3   5.3   5.4   5.4   5.3   5.5   5.5   5.4   5.3   5.2   5.6   5.4   5.4   5.5   5.3   5.5   5.5   5.3   5.3   5.3   5.2   5.3   5.4   5.4   5.4   5.4   5.5   5.2   5.4   5.3   5.4   5.6   5.3   5.6   5.3   5.4   5.3   5.5   5.6   5.5   5.3   5.4   5.3   5.4   5.2   5.6   5.3    
5.4   5.5   5.2   5.5   5.4   5.5   5.3   5.5   5.5   5.2   5.5   5.5   5.5   5.6   5.5   5.3   5.3   5.6   5.3   5.4   5.4   5.5   5.2   5.3   5.5   5.3   5.2   5.4   5.4   5.5   5.2   5.6   5.3   5.4   5.5   5.2   5.4   5.4   5.5   5.3   5.3   5.6   5.4   5.6   5.3   5.5   5.5   5.2   5.5   5.6   5.5   5.2   5.5   5.3   5.4   5.4   5.2   5.5   5.5   5.2   5.4   5.4   5.5   5.6   5.5   5.5   5.4   5.5   5.4   5.4   5.6   5.5   5.4   5.3   5.4   5.5   5.3   5.2   5.3   5.5   5.5   5.3   5.6   5.6   5.2   5.4   5.4   5.2   5.3   5.4   5.3   5.4   5.3   5.5   5.5   5.4   5.2   5.3   5.3   5.3    
5.6   5.6   5.6   5.4   5.4   5.3   5.3   5.5   5.5   5.4   5.5   5.5   5.6   5.3   5.4   5.4   5.4   5.4   5.6   5.5   5.2   5.4   5.2   5.4   5.5   5.4   5.4   5.4   5.2   5.6   5.3   5.4   5.4   5.6   5.5   5.4   5.4   5.3   5.3   5.4   5.4   5.4   5.2   5.4   5.3   5.3   5.3   5.2   5.4   5.5   5.4   5.4   5.5   5.4   5.5   5.3   5.4   5.4   5.6   5.3   5.4   5.3   5.5   5.4   5.3   5.3   5.5   5.4   5.6   5.4   5.4   5.4   5.5   5.3   5.5   5.4   5.4   5.5   5.5   5.4   5.4   5.3   5.5   5.4   5.5   5.6   5.3   5.5   5.3   5.4   5.4   5.4   5.4   5.4   5.5   5.6   5.4   5.5   5.6   5.5    
5.2   5.4   5.4   5.3   5.2   5.4   5.4   5.4   5.4   5.4   5.5   5.3   5.2   5.5   5.3   5.6   5.4   5.3   5.6   5.2   5.6   5.3   5.2   5.3   5.5   5.6   5.4   5.4   5.3   5.2   5.5   5.3   5.4   5.3   5.6   5.3   5.5   5.5   5.6   5.5   5.4   5.2   5.4   5.5   5.4   5.3   5.5   5.4   5.4   5.3   5.5   5.2   5.3   5.5   5.2   5.5   5.3   5.5   5.3   5.5   5.3   5.2   5.6   5.3   5.4   5.3   5.3   5.6   5.2   5.3   5.5   5.2   5.2   5.5   5.3   5.5   5.6   5.6   5.5   5.3   5.2   5.5   5.2   5.3   5.4   5.3   5.3   5.2   5.2   5.4   5.6   5.6   5.4   5.4   5.6   5.3   5.4   5.4   5.4   5.3    
5.4   5.3   5.4   5.4   5.4   5.5   5.3   5.4   5.3   5.2   5.3   5.4   5.5   5.6   5.5   5.5   5.2   5.3   5.3   5.6   5.5   5.2   5.5   5.5   5.5   5.6   5.5   5.5   5.6   5.5   5.5   5.3   5.5   5.5   5.2   5.4   5.3   5.4   5.4   5.4   5.4   5.3   5.5   5.3   5.4   5.5   5.3   5.5   5.4   5.6   5.6   5.5   5.5   5.6   5.3   5.5   5.2   5.4   5.5   5.5   5.4   5.5   5.4   5.5   5.5   5.5   5.5   5.4   5.4   5.3   5.2   5.5   5.3   5.4   5.5   5.3   5.3   5.5   5.5   5.3   5.3   5.4   5.5   5.2   5.3   5.4   5.6   5.4   5.4   5.5   5.5   5.2   5.5   5.2   5.4   5.3   5.3   5.5   5.4   5.6    
5.2   5.2   5.3   5.3   5.5   5.3   5.6   5.4   5.2   5.3   5.2   5.2   5.3   5.4   5.3   5.4   5.5   5.5   5.4   5.4   5.3   5.5   5.3   5.6   5.3   5.6   5.3   5.3   5.4   5.4   5.2   5.4   5.6   5.4   5.3   5.5   5.4   5.3   5.3   5.4   5.5   5.4   5.4   5.4   5.4   5.5   5.3   5.4   5.2   5.3   5.5   5.3   5.3   5.6   5.6   5.3   5.3   5.5   5.5   5.3   5.2   5.2   5.5   5.5   5.6   5.5   5.3   5.5   5.2   5.5   5.6   5.6   5.2   5.4   5.4   5.3   5.2   5.6   5.3   5.4   5.5   5.3   5.2   5.3   5.4   5.3   5.5   5.6   5.3   5.4   5.6   5.5   5.2   5.2   5.4   5.3   5.2   5.6   5.3   5.5    
5.5   5.3   5.2   5.5   5.2   5.6   5.5   5.6   5.4   5.6   5.3   5.4   5.3   5.5   5.4   5.2   5.4   5.4   5.6   5.3   5.5   5.5   5.3   5.3   5.3   5.3   5.5   5.2   5.2   5.4   5.4   5.4   5.5   5.4   5.6   5.3   5.5   5.6   5.5   5.6   5.3   5.5   5.4   5.4   5.6   5.4   5.3   5.3   5.5   5.4   5.4   5.3   5.4   5.5   5.6   5.4   5.5   5.3   5.3   5.4   5.6   5.5   5.2   5.3   5.5   5.3   5.4   5.4   5.5   5.4   5.4   5.5   5.4   5.5   5.6   5.3   5.6   5.3   5.4   5.3   5.4   5.5   5.6   5.5   5.2   5.4   5.5   5.5   5.2   5.3   5.5   5.3   5.5   5.5   5.2   5.5   5.2   5.3   5.3   5.2    
5.3   5.4   5.3   5.6   5.5   5.6   5.2   5.3   5.3   5.5   5.3   5.5   5.4   5.3   5.5   5.5   5.5   5.5   5.3   5.5   5.4   5.5   5.5   5.5   5.2   5.2   5.6   5.4   5.2   5.4   5.5   5.4   5.2   5.5   5.6   5.3   5.3   5.3   5.5   5.2   5.5   5.6   5.5   5.3   5.5   5.6   5.6   5.5   5.5   5.3   5.4   5.2   5.5   5.4   5.2   5.4   5.2   5.5   5.4   5.5   5.3   5.5   5.5   5.4   5.6   5.4   5.6   5.5   5.6   5.2   5.3   5.2   5.3   5.3   5.3   5.3   5.5   5.3   5.6   5.3   5.6   5.5   5.4   5.6   5.2   5.4   5.3   5.3   5.4   5.3   5.3   5.4   5.5   5.4   5.2   5.3   5.2   5.4   5.4   5.4    

Ha by Parcels
5   5   6   7   7   6   7   5   7   

Cost of m3 in each parcel
2.07   1.92   2   1.91   1.86   1.98   2.06   2.15   1.83   