Instance: 82
width: 10
long: 10
Parcels: 9
Crops: 19
Water: 342000

Chemical Properties by Parcel
10.4   17.55   17.29   13.11   10.4   18.24   15.5   10.85   15.03   12.99   16.61   17.26   14.34   16.38   13.88   14.48   12.35   10.05   17.47   15.81   10.76   9.93   16.53   15.7   13.07   17.52   16.26   15.02   12.73   9.73   13.65   12.03   10.99   13.04   11.79   13.91   18.67   15.96   18.35   14.19   14.85   11.36   9.85   17.87   16.91   13.6   16.58   14.31   16.45   14.32   18.63   15.98   17.53   13.33   17.16   17.72   13.45   15.32   16.9   12.77   11.41   10.66   10.9   11.13   13.85   13.07   13.14   14.65   11.2   17.7   11.44   12.67   13.31   16.06   13.7   16.23   10.35   13.18   14.42   12.75   17.86   10.75   18.24   13.95   14.95   10.64   11.03   15.01   12.06   11.62   15.21   10.67   11.91   17.51   10.83   13.54   18.14   11.1   13.65   11.07    
9.86   15.67   18.68   11.43   11.38   17.15   16.55   13.15   13.39   10.11   15.71   11.02   17.74   14.57   15.82   18.07   13.21   16.97   17.14   18.09   12.62   13.55   17.91   10.1   10.32   10.46   13.9   9.7   14.75   17.09   18.41   16.15   10.46   14.39   11.88   18.25   13.42   16.38   11.91   11.52   10.35   15.76   18.26   17.68   18.53   13.56   14.73   15.44   11.45   14.79   9.63   9.97   10.55   17.16   14.93   13.74   15.35   11.26   18.47   11.42   17.86   10.26   13.19   17.97   10.12   18.2   10.28   11.76   12.14   9.65   18.33   15.38   11.28   11.79   15.55   15.1   12.94   15.76   15.39   9.85   11.74   17.84   16   17.13   10.41   17.22   15.75   17.34   13.67   16.23   12.81   9.71   15.31   13.61   16.11   15.85   14.81   18.29   13.02   12.73    
12.2   13.67   13.04   16.68   15.83   14.92   11.5   16.91   12.39   17.51   10.95   17.31   17.17   14.82   13.64   18.58   14.97   9.8   11.27   16.56   14.27   16.25   17.61   13.77   12.67   16.88   12.3   14.94   10.15   14.62   14.4   15.85   15.42   13.47   12.52   12.51   18.24   10.61   15.62   12.74   18.53   18.24   15.06   13.49   12.31   14.72   12.55   16.96   16.29   16.44   14.11   12.53   12.88   15.39   17.08   15.57   15.66   9.97   17.68   17.54   9.91   10.89   11.68   11.14   13.5   12.8   15.67   17.78   12.84   13.84   17.63   17.18   10.21   10.03   11.82   15.75   9.65   10.27   17.67   17.2   14.31   17.07   9.97   13.52   16.89   9.69   15.16   14.75   10.59   11.35   18.7   17.27   11.44   13.19   11.34   10.71   10.11   9.67   10.28   14.56    
9.85   16.87   18.41   18.21   16.31   15.29   17.45   13.14   12.21   15.03   12.73   9.69   13.92   10.72   16.36   10.8   13.25   16.15   10.25   9.9   12.24   14.41   13.91   14.99   14.78   10.29   18.07   11.2   11.41   12.25   11.56   16.71   11.9   16.64   10.45   13.48   16.31   12.39   16.64   16.78   15.8   15.29   15.23   10.52   13.74   13.5   10.43   12.2   12.79   15.5   18.33   12.76   13.37   18.36   16.44   9.74   14.33   14.72   13.77   15.38   15.95   11.11   13.98   12.37   16.1   12.22   17.3   12.04   17.79   16.43   15.48   14.66   11.66   13.72   16.42   17.56   15.38   13.07   16.44   16.43   15.19   17.64   11.24   17.91   9.86   11.19   18.2   18.21   11.41   10.62   10   11.13   11.64   11.45   14.28   16.71   14.78   17.56   15.39   11.92    
13.12   18.43   10.32   15.14   10.89   10.63   15.73   9.7   15.35   16.95   12.77   18.29   10.87   14.28   16.79   11.4   18.32   15.65   16.54   11.94   10.46   14.66   13.59   13.54   11.58   14.07   18.45   10.18   17.49   11.11   12.67   10.08   17.79   12.46   13.19   15.29   11.45   15.03   11.65   12.77   15.39   16.33   16.06   13.19   11.81   18.07   12.83   10.15   15.96   13.72   12.95   14.41   9.76   14.88   18.64   17.66   14.15   16.11   10.34   13.13   18.2   16.73   18.01   18.46   10.45   17.5   12.6   9.91   12.68   10.57   18.23   13.47   15.73   17.13   17.39   16.28   17.77   18.2   13.04   16.84   10.26   14.99   11.16   13.76   11.58   9.79   14.58   15.01   12.04   16.3   10.07   13.02   12.13   17.68   12.32   16.72   17.55   17.91   9.96   12.93    
14.12   12.08   15.49   12.8   18.16   14.19   14.25   12.66   14.31   13.56   18.57   12.91   12.59   14.83   10.52   15.62   16.47   14.96   13.47   17.2   9.97   14.71   12.07   11.98   10.66   14.24   10.93   16.25   15.8   10.98   13.76   12.61   14.41   18   13.84   15.01   10.71   11.76   14.03   17.68   13.5   9.68   12.73   10.04   18.65   13.35   10.28   12.15   12.09   17.81   17.62   12.25   11.45   13.92   12.61   15.84   9.92   11.31   17.04   15.08   13.35   18   11.91   15.13   15.96   13.29   9.91   17.21   14.65   13.82   11.71   13.05   16.58   14.6   10.09   18.04   12.59   14.16   14.56   15.61   16.51   14.72   14.51   13.13   15.93   15.48   17.46   18.16   16.05   17.31   16.82   16.96   13.12   11.53   16.42   9.93   15.64   16.45   11.96   12.86    
11   15   11.33   10.38   9.8   12.17   14   12.99   17.95   14.91   17.51   15.1   12.4   13.3   15.74   15.14   12.11   16.96   16.84   14.33   18.52   15.36   16.54   14.59   12.79   13.22   10.34   18.67   10.03   13.63   16.9   14.34   15.58   12.42   12.82   15.53   11.01   13.19   15.22   14.67   15.06   17.15   11.94   10.12   10.43   15.3   12.31   17.72   18.46   10.24   18.24   11.75   12.19   12.82   15.92   13.83   13.83   13.91   15.11   11.12   12.36   12.96   18.06   13.37   10.96   12.43   17.92   12.13   12.86   14.56   17.67   14.94   18.67   11.24   14.9   18.27   16.86   12.61   16.14   9.87   12.9   14.21   17.15   9.86   15.18   11.91   12.7   14.07   14.11   10.01   17.74   12.29   18.12   13.43   18.1   18.04   9.94   13.04   14.4   18.65    
13.68   18.64   14.28   13.39   14.14   12.53   12.62   16.88   10.47   14.6   17.33   17.79   10.43   18.04   17.53   15.19   17.38   11.05   17.35   17.73   15.09   13.36   17.33   17.59   18.44   14.96   16.2   12.26   17.34   17.18   15.07   10.38   13.75   12.39   14.7   12.52   15.64   11.39   15.07   12.46   14.91   18.57   17.25   9.87   13.14   18.38   18.39   16.12   13.2   9.61   18.14   16.87   13.13   14.62   18.25   9.79   11.41   18.08   15.25   17.19   14.5   17.12   13.72   9.95   10.22   10.14   14.51   15.73   16.27   15.13   14.25   11.03   12.69   17.5   16.35   15.78   13.06   11.16   16.9   17.25   10.67   14.58   11.08   14.54   17.84   16.36   10.93   10.81   16.63   14.03   10.78   16.75   11.86   9.63   9.61   11.01   13.6   16.71   17.42   11.93    
18.41   15.13   14.33   16.23   18.33   15.32   16.17   14.86   12.22   12.05   11.22   12.59   18.06   17.87   16.99   9.75   12.7   14.09   17.32   16.74   15.59   18.05   15.39   13.21   10.97   16.12   16.22   9.64   18.02   17.33   11.52   11.09   17.59   18.24   12.15   10.49   17.8   15.6   10.24   11.56   12.59   12.17   16.27   17.58   15.48   15.74   16.56   13.29   13.63   13.1   14.9   12.86   15.18   9.99   12.86   9.94   16.96   9.63   10.41   11.97   10.91   11.73   18.07   12.98   10.95   13.8   16.67   14.22   18.43   14.62   10.33   10.66   17.15   11.08   18.14   16.18   16.14   15.28   13.4   18.15   12.86   10.4   10.8   16.31   13.24   17.88   10.24   18.31   17.61   12.3   15.77   10.33   17.98   11.36   11.25   11.78   15.83   13.47   11.12   14.04    

Physical Properties by Parcel
5.4   5.2   5.4   5.3   5.5   5.3   5.6   5.4   5.4   5.4   5.4   5.5   5.6   5.6   5.5   5.4   5.4   5.3   5.4   5.3   5.3   5.6   5.5   5.6   5.5   5.4   5.4   5.5   5.4   5.2   5.4   5.4   5.2   5.2   5.5   5.5   5.5   5.5   5.6   5.4   5.4   5.3   5.4   5.4   5.3   5.2   5.3   5.2   5.2   5.2   5.2   5.5   5.6   5.2   5.3   5.4   5.5   5.6   5.6   5.2   5.3   5.5   5.3   5.3   5.2   5.3   5.5   5.5   5.3   5.5   5.2   5.3   5.3   5.4   5.3   5.5   5.2   5.6   5.3   5.2   5.5   5.5   5.5   5.5   5.5   5.2   5.4   5.3   5.5   5.3   5.5   5.3   5.6   5.5   5.3   5.3   5.5   5.3   5.5   5.6    
5.4   5.6   5.4   5.5   5.5   5.6   5.3   5.3   5.3   5.5   5.4   5.6   5.6   5.4   5.6   5.2   5.4   5.3   5.4   5.4   5.5   5.4   5.4   5.6   5.4   5.4   5.5   5.5   5.4   5.3   5.2   5.5   5.6   5.4   5.3   5.2   5.5   5.4   5.3   5.6   5.5   5.4   5.4   5.3   5.2   5.6   5.4   5.5   5.3   5.5   5.4   5.3   5.4   5.6   5.3   5.4   5.2   5.6   5.6   5.4   5.5   5.5   5.5   5.5   5.3   5.4   5.4   5.5   5.3   5.6   5.5   5.6   5.5   5.2   5.3   5.5   5.3   5.5   5.6   5.2   5.5   5.6   5.5   5.4   5.2   5.5   5.4   5.2   5.3   5.4   5.2   5.3   5.3   5.4   5.5   5.4   5.4   5.3   5.5   5.4    
5.3   5.2   5.5   5.4   5.5   5.3   5.6   5.4   5.3   5.5   5.6   5.5   5.2   5.3   5.3   5.3   5.3   5.4   5.6   5.4   5.2   5.4   5.2   5.6   5.6   5.4   5.5   5.4   5.3   5.3   5.5   5.6   5.5   5.4   5.5   5.3   5.5   5.5   5.4   5.4   5.4   5.5   5.3   5.2   5.2   5.5   5.4   5.5   5.2   5.3   5.6   5.5   5.3   5.3   5.3   5.5   5.4   5.3   5.3   5.3   5.5   5.4   5.5   5.4   5.4   5.3   5.3   5.4   5.5   5.3   5.4   5.2   5.6   5.4   5.3   5.6   5.5   5.5   5.2   5.4   5.2   5.4   5.4   5.6   5.2   5.5   5.5   5.5   5.3   5.5   5.6   5.4   5.4   5.4   5.3   5.4   5.4   5.2   5.6   5.3    
5.4   5.5   5.5   5.5   5.4   5.6   5.2   5.3   5.5   5.4   5.4   5.3   5.5   5.3   5.3   5.3   5.2   5.5   5.4   5.4   5.4   5.5   5.4   5.3   5.6   5.4   5.5   5.5   5.3   5.4   5.4   5.3   5.3   5.5   5.5   5.2   5.3   5.4   5.6   5.4   5.3   5.4   5.6   5.3   5.4   5.2   5.4   5.4   5.3   5.3   5.2   5.6   5.5   5.6   5.5   5.5   5.5   5.5   5.2   5.4   5.3   5.5   5.5   5.2   5.4   5.3   5.3   5.4   5.5   5.4   5.5   5.2   5.6   5.5   5.4   5.3   5.5   5.5   5.3   5.5   5.5   5.5   5.3   5.3   5.4   5.2   5.2   5.6   5.5   5.4   5.6   5.4   5.5   5.2   5.3   5.3   5.4   5.2   5.4   5.5    
5.3   5.3   5.2   5.4   5.5   5.5   5.3   5.5   5.5   5.3   5.3   5.6   5.3   5.2   5.4   5.6   5.2   5.2   5.3   5.5   5.5   5.6   5.5   5.3   5.4   5.4   5.5   5.3   5.2   5.5   5.5   5.3   5.3   5.5   5.4   5.4   5.6   5.5   5.4   5.3   5.6   5.3   5.5   5.3   5.4   5.6   5.5   5.5   5.5   5.5   5.6   5.4   5.6   5.4   5.3   5.4   5.5   5.2   5.5   5.5   5.5   5.3   5.4   5.4   5.3   5.4   5.5   5.4   5.6   5.5   5.3   5.3   5.6   5.5   5.5   5.6   5.6   5.4   5.4   5.2   5.3   5.5   5.5   5.5   5.2   5.4   5.3   5.3   5.5   5.3   5.5   5.5   5.2   5.3   5.3   5.6   5.5   5.5   5.5   5.2    
5.6   5.4   5.5   5.3   5.5   5.2   5.5   5.4   5.6   5.6   5.3   5.4   5.4   5.5   5.4   5.6   5.2   5.3   5.4   5.4   5.2   5.5   5.5   5.4   5.4   5.5   5.4   5.3   5.5   5.6   5.5   5.4   5.5   5.6   5.2   5.2   5.3   5.3   5.3   5.4   5.5   5.4   5.5   5.4   5.4   5.5   5.5   5.6   5.5   5.5   5.2   5.4   5.6   5.4   5.3   5.2   5.6   5.3   5.4   5.6   5.2   5.6   5.4   5.5   5.3   5.4   5.4   5.5   5.4   5.3   5.3   5.4   5.6   5.5   5.6   5.4   5.3   5.4   5.6   5.5   5.3   5.4   5.3   5.2   5.6   5.4   5.6   5.3   5.4   5.5   5.3   5.4   5.5   5.4   5.4   5.6   5.3   5.3   5.3   5.3    
5.3   5.4   5.3   5.6   5.5   5.5   5.2   5.3   5.2   5.5   5.2   5.4   5.3   5.5   5.3   5.4   5.4   5.3   5.4   5.3   5.6   5.5   5.5   5.5   5.4   5.4   5.6   5.6   5.6   5.5   5.3   5.6   5.4   5.6   5.2   5.5   5.5   5.5   5.2   5.3   5.5   5.3   5.4   5.2   5.5   5.6   5.3   5.3   5.5   5.4   5.4   5.3   5.3   5.4   5.4   5.5   5.5   5.5   5.2   5.6   5.2   5.3   5.4   5.3   5.5   5.4   5.6   5.4   5.3   5.3   5.3   5.6   5.4   5.5   5.3   5.5   5.5   5.6   5.3   5.2   5.4   5.2   5.4   5.5   5.3   5.3   5.4   5.3   5.4   5.5   5.4   5.6   5.4   5.5   5.5   5.6   5.5   5.5   5.6   5.6    
5.6   5.3   5.6   5.6   5.4   5.2   5.4   5.3   5.2   5.4   5.4   5.3   5.6   5.5   5.4   5.3   5.2   5.3   5.6   5.5   5.4   5.4   5.3   5.5   5.3   5.6   5.5   5.4   5.4   5.4   5.4   5.5   5.5   5.3   5.6   5.5   5.5   5.2   5.3   5.6   5.4   5.4   5.3   5.5   5.4   5.4   5.5   5.5   5.4   5.5   5.6   5.5   5.3   5.6   5.4   5.5   5.3   5.5   5.5   5.2   5.4   5.4   5.3   5.5   5.4   5.4   5.4   5.5   5.6   5.3   5.3   5.4   5.2   5.4   5.4   5.5   5.4   5.6   5.3   5.2   5.3   5.3   5.5   5.2   5.5   5.4   5.3   5.6   5.2   5.4   5.5   5.5   5.3   5.5   5.2   5.3   5.3   5.3   5.2   5.5    
5.2   5.6   5.5   5.3   5.4   5.4   5.4   5.5   5.3   5.5   5.4   5.3   5.3   5.5   5.3   5.5   5.5   5.3   5.3   5.2   5.2   5.5   5.3   5.5   5.3   5.5   5.4   5.3   5.5   5.5   5.4   5.6   5.2   5.4   5.5   5.2   5.3   5.3   5.3   5.4   5.4   5.2   5.3   5.5   5.5   5.4   5.5   5.5   5.5   5.5   5.5   5.3   5.5   5.4   5.2   5.4   5.4   5.4   5.2   5.6   5.2   5.3   5.2   5.3   5.5   5.5   5.5   5.6   5.4   5.4   5.3   5.3   5.4   5.3   5.5   5.6   5.3   5.3   5.5   5.4   5.5   5.5   5.4   5.5   5.4   5.3   5.4   5.5   5.6   5.5   5.4   5.6   5.2   5.6   5.6   5.6   5.3   5.4   5.3   5.2    

Ha by Parcels
6   5   7   7   7   7   6   6   6   

Cost of m3 in each parcel
2.08   1.92   1.86   2.17   2.2   1.97   2.09   1.81   2.03   