Instance: 88
width: 10
long: 10
Parcels: 9
Crops: 19
Water: 330000

Chemical Properties by Parcel
11.15   13.97   11.52   13.92   9.64   13.18   13.99   17.62   13.02   16.51   11.38   14.68   10.88   12.54   11.22   17.23   17.49   15.92   15.65   17.17   16.76   14.04   17.54   15.89   9.62   16.08   17.22   10.78   18.1   13.37   13.99   11.31   9.88   14.76   18.27   11.82   16.1   11.51   11.33   12.18   14.97   17.26   16.54   13.39   17.77   10.13   18.17   15.38   11.54   13.67   9.91   17.26   13.23   16.17   18.27   10.53   17.04   10.7   10.07   11.15   16.61   9.97   11.43   11.85   11.55   18.07   10.64   9.63   16.02   13.54   18.07   17.21   15.12   16.62   9.95   13.2   14.51   13.2   11   12.69   10.39   17.49   15.53   12.85   16.39   9.62   10.91   13.5   10.84   12.03   12.36   12.76   13.63   13.31   18.19   13.96   10.78   12.8   12.81   16.72    
17.44   10.24   17.16   12.6   15.78   14.41   18.43   15.19   18.41   13.99   17.74   16.29   11.19   13.31   16.29   15.16   15.09   11.44   12.93   18.08   11.86   15.92   17.41   16.86   17.52   13.38   11.25   15.17   12.55   15.18   11.04   11.59   10.86   14.29   15.68   12.3   12.71   17.31   10.47   18.66   14.55   15.02   9.98   17.18   11.95   9.85   12.06   17.13   14.03   18.27   17.9   17.76   14.54   11.8   17.99   14.08   10.81   14.95   16.67   14.09   15.82   14.41   13.53   12.75   17.94   16.01   14.37   13.73   15.81   13.07   17.09   17.08   9.92   11.51   18.12   18.17   14.68   11.83   11.95   18.1   18.24   11.53   11.25   18.18   17.28   9.78   14.51   16.62   17.71   14.39   12.52   16.66   10.41   14.67   15.17   9.62   12.82   11.13   16.95   14.92    
10.14   13.01   15.05   17.39   18.54   17.27   16.26   10.45   15.12   11.53   10.96   14.27   14.87   17.35   16.94   10.16   15.24   17.94   12.33   16.55   11.61   11.79   11.38   16.26   15.11   13.89   15.12   13.58   18   13.85   9.81   11.62   16.06   18.1   13.16   10.2   14.95   12.49   13.56   15.09   11.61   18.17   11.81   13.1   14.27   13.28   10.41   13.22   10.21   11.51   14.29   17.15   17.64   15.7   15.6   10.37   12.48   9.9   17.14   10   12.11   17.65   12.66   14.99   15.79   16.71   14.77   12.98   11.04   10.93   12.55   16.93   9.66   13.29   13.1   12.87   13.13   13.07   12.75   10.14   16.77   18.09   15.92   11.94   16.1   17.28   10.85   15.46   15.55   18.42   11.23   14.33   12.1   15.22   18.25   12.36   17.59   11.41   12.21   12.36    
10.1   16.25   17.53   17.65   16.26   18.4   15.17   14.75   11.73   10.3   15.86   12.92   18.63   14.84   10.68   14.57   12.2   13.64   14.36   14.7   17   13.19   12.55   13.67   14.38   13.11   11.49   13.85   16   13.17   17.06   18.65   12.19   13.35   16.16   15.6   13.61   16.35   14.96   16.31   13.32   14   15.75   16.78   14.75   12.49   14.19   14.65   16.52   14.28   17.14   10.41   17.66   11.42   17.16   11.02   16.11   17.54   14.86   17.49   18.46   11.14   16.18   14.83   15.68   17.61   13.79   9.7   15.67   11.53   16.21   15.76   14.4   12.41   15.56   14.02   14.8   9.73   12.12   15.54   11.58   17.67   13.96   17.2   14.65   13.86   11.43   14.36   11.21   16.83   17.73   15.8   11.91   11.12   11.57   15.39   17.45   11.1   18.68   11.62    
13.52   11.12   11.84   14.92   14.45   16.3   11.1   11.38   17.27   15.26   12.45   14.99   13.06   10.34   18.49   16.23   17.26   12.62   14.76   11.26   10.15   11.32   15.97   17.94   16.03   18.32   14.38   12.32   11.77   14.81   12.32   12.94   10.59   18.6   11.61   12.71   11.56   17.09   14.18   13.19   15.13   11.8   16.01   15.63   13.57   10.57   12.39   14.29   11.03   12.89   14.52   10.21   18.57   15.72   13.87   18.22   15.05   12.53   12.42   12.45   10.4   12.74   9.76   10.64   11.1   18   10.58   15.17   15.15   9.83   16.35   10.89   18.51   12.28   10.03   10.77   14.66   11.37   15.98   12.85   14.66   13.2   16.47   13.97   14.84   13.37   16.12   16.81   12.33   14.23   17.56   11.77   13.74   17.05   17.59   15.82   9.66   16.43   14.73   13.48    
9.94   18.4   12.9   14.72   18.68   9.8   15.47   15.3   12.48   16.75   13.63   11.54   17.48   13.73   16.29   15.91   15.05   18.54   11.57   12.34   17.56   10.57   11.81   12.12   9.94   15.11   9.97   11.91   11.82   17.03   11.03   17.83   14.57   13.28   11.09   17.1   11.53   12.99   15.15   15.8   12.41   12.63   11.64   15.03   14.43   9.77   12.99   16.81   12.09   10.04   16.46   13.96   18.4   18.23   12.87   18.69   15.53   13.34   15.71   11.54   16.93   17   10.71   10.9   13.46   18.54   16.78   17.46   12.75   11.54   12.83   15.44   17.2   14.42   12.4   12.57   13.27   11.47   13.17   18.63   17.74   14.35   12.5   17.11   16.95   16.84   16.06   12.04   17.59   15.35   12.4   13.33   17.84   13.67   13.45   15.28   17.14   11.73   15.47   13.79    
16.77   16.78   10.06   17.86   10.49   11.29   10.9   10.01   15.99   14.82   15.24   18.11   12.5   10.68   10.08   15.78   11.44   12.92   17.54   16.88   12.81   15.29   11.4   16.44   18.4   15.31   17.92   15.88   10.86   13.21   9.61   14.04   17.02   13.28   10.63   18.68   9.61   18.27   13.27   14.79   11.48   17.05   15.1   17.04   11.03   10.9   12.87   15.34   16.35   14.78   16.8   13.65   11.56   15.43   12.7   16.48   15.6   13.55   17.22   17.63   15.74   13.73   17.19   18.56   12.72   16.6   11.21   12.62   13.46   13.35   17.26   16.98   17   9.68   9.66   15.98   11.81   15.76   13.08   15.79   11.73   11.1   16.79   10.51   12.34   11.77   18.6   14.07   13.3   12.58   16.48   12.7   15.62   13.35   11.52   10.48   12.12   11.1   13.23   13.6    
10.64   16.88   13.5   13.46   18.52   10.67   18.53   14.19   16.68   17.43   14.93   13.52   9.83   12.28   9.75   11.4   16.88   18.61   10.65   14.93   17.1   15.03   14.17   10.08   16.79   17.36   14.37   17.53   18.12   17.37   13.74   14.39   17.58   14.76   18.31   12.76   15.81   15.03   16.68   13.28   11.46   11.44   16   15.5   15.54   14.7   16.57   12.34   13.51   12.18   15.89   14.08   11.42   11.26   15.12   11.03   11.67   12.21   18.6   11.16   18.19   10.56   17.56   16.37   16.76   10.91   12.39   10.13   12.06   15.71   9.96   11.05   12.47   16.3   14.09   10.52   17.15   13.51   18.32   12.6   14.46   13.26   9.98   12.59   9.95   15.33   13.04   14.22   11.22   13.51   14.88   12.75   14.87   16.2   13.6   16.68   14.15   14.71   13.09   17.23    
11.17   14.61   16.6   14.1   17.45   10.22   16.08   13.54   18.68   10.18   16.6   13.03   10.25   13   14.12   13.86   11.64   17.65   12.32   12.43   11.45   15.75   18.68   11.82   14.66   13.32   15.72   17.35   10.44   18.43   16.21   16.25   14.91   12.87   11.62   14.22   16.11   17.16   13.75   10.52   12.25   12.2   16.81   11.78   15.85   17.89   16.25   11.69   14.62   10.24   11.84   18.37   16.54   13.63   12.84   11.37   15.32   13.4   18.34   10.02   12.71   16.27   17.85   16.68   15.78   12.93   12.58   16.95   18.33   15.71   11.59   18.39   11.83   16.67   11.95   9.8   16.83   11.62   17.76   13.65   16.57   17.28   15.75   13.4   11.12   18.04   16.98   10.57   10.2   14.94   9.78   11.19   9.93   13.33   15.03   14.56   17.46   12.81   16.38   13.46    

Physical Properties by Parcel
5.4   5.5   5.3   5.4   5.3   5.3   5.5   5.5   5.3   5.4   5.3   5.5   5.3   5.6   5.3   5.5   5.3   5.4   5.4   5.4   5.3   5.5   5.4   5.3   5.2   5.3   5.6   5.4   5.4   5.2   5.3   5.4   5.3   5.5   5.4   5.4   5.5   5.5   5.3   5.4   5.2   5.3   5.5   5.3   5.4   5.3   5.4   5.5   5.3   5.3   5.5   5.6   5.5   5.4   5.2   5.3   5.4   5.5   5.3   5.3   5.3   5.4   5.3   5.5   5.2   5.4   5.3   5.2   5.3   5.5   5.6   5.3   5.3   5.4   5.4   5.3   5.5   5.4   5.4   5.6   5.4   5.4   5.3   5.6   5.4   5.5   5.4   5.4   5.5   5.5   5.3   5.4   5.2   5.2   5.4   5.4   5.6   5.4   5.4   5.2    
5.5   5.2   5.5   5.6   5.3   5.5   5.2   5.4   5.4   5.4   5.3   5.6   5.3   5.5   5.5   5.2   5.4   5.4   5.2   5.5   5.4   5.6   5.4   5.4   5.5   5.5   5.5   5.5   5.5   5.6   5.5   5.5   5.3   5.4   5.3   5.5   5.4   5.3   5.3   5.6   5.3   5.6   5.2   5.5   5.4   5.6   5.6   5.5   5.6   5.3   5.5   5.6   5.6   5.3   5.3   5.5   5.3   5.3   5.4   5.3   5.4   5.2   5.6   5.2   5.4   5.2   5.2   5.5   5.4   5.2   5.3   5.2   5.4   5.4   5.3   5.5   5.2   5.5   5.3   5.4   5.2   5.5   5.3   5.3   5.3   5.4   5.3   5.2   5.4   5.4   5.4   5.4   5.5   5.3   5.3   5.3   5.4   5.3   5.2   5.5    
5.4   5.5   5.3   5.3   5.3   5.4   5.3   5.5   5.5   5.2   5.5   5.2   5.4   5.5   5.3   5.5   5.4   5.3   5.5   5.5   5.5   5.3   5.4   5.3   5.5   5.6   5.5   5.5   5.4   5.3   5.5   5.2   5.3   5.3   5.4   5.3   5.3   5.6   5.3   5.5   5.4   5.4   5.5   5.5   5.4   5.4   5.2   5.4   5.4   5.4   5.3   5.3   5.3   5.3   5.2   5.4   5.3   5.2   5.5   5.3   5.4   5.3   5.5   5.4   5.4   5.3   5.2   5.4   5.5   5.3   5.4   5.5   5.3   5.2   5.6   5.3   5.4   5.3   5.4   5.4   5.5   5.2   5.4   5.4   5.4   5.3   5.5   5.4   5.3   5.3   5.3   5.3   5.4   5.3   5.5   5.3   5.3   5.5   5.3   5.4    
5.2   5.5   5.6   5.6   5.2   5.3   5.2   5.2   5.5   5.6   5.4   5.5   5.5   5.3   5.6   5.5   5.2   5.6   5.4   5.6   5.5   5.4   5.4   5.4   5.4   5.3   5.3   5.3   5.5   5.2   5.6   5.5   5.5   5.5   5.6   5.3   5.4   5.2   5.5   5.4   5.2   5.4   5.3   5.3   5.3   5.4   5.4   5.4   5.2   5.3   5.4   5.2   5.3   5.3   5.5   5.2   5.2   5.2   5.3   5.4   5.4   5.4   5.4   5.5   5.4   5.4   5.3   5.5   5.5   5.2   5.4   5.4   5.4   5.4   5.5   5.2   5.6   5.3   5.4   5.3   5.6   5.6   5.5   5.6   5.2   5.4   5.5   5.5   5.4   5.2   5.3   5.2   5.3   5.4   5.6   5.3   5.2   5.6   5.5   5.4    
5.4   5.4   5.4   5.3   5.5   5.5   5.4   5.3   5.6   5.3   5.2   5.5   5.3   5.5   5.2   5.4   5.6   5.2   5.3   5.3   5.4   5.4   5.5   5.6   5.4   5.3   5.4   5.5   5.4   5.2   5.5   5.4   5.6   5.4   5.5   5.4   5.5   5.3   5.4   5.5   5.2   5.3   5.3   5.4   5.4   5.4   5.5   5.6   5.5   5.5   5.2   5.5   5.2   5.5   5.5   5.3   5.5   5.5   5.4   5.4   5.5   5.4   5.3   5.5   5.5   5.4   5.4   5.4   5.4   5.4   5.5   5.4   5.3   5.4   5.4   5.5   5.5   5.6   5.4   5.2   5.4   5.3   5.3   5.2   5.5   5.5   5.4   5.2   5.6   5.5   5.5   5.3   5.3   5.5   5.5   5.3   5.6   5.5   5.5   5.2    
5.6   5.4   5.4   5.5   5.3   5.6   5.4   5.3   5.4   5.6   5.3   5.6   5.2   5.3   5.3   5.4   5.3   5.3   5.6   5.3   5.3   5.3   5.5   5.4   5.5   5.3   5.5   5.3   5.3   5.4   5.4   5.4   5.5   5.5   5.2   5.5   5.3   5.3   5.5   5.4   5.4   5.2   5.3   5.5   5.3   5.5   5.2   5.5   5.4   5.3   5.5   5.6   5.2   5.4   5.3   5.5   5.4   5.3   5.2   5.3   5.6   5.2   5.4   5.5   5.3   5.4   5.3   5.6   5.5   5.4   5.3   5.2   5.5   5.3   5.4   5.4   5.3   5.4   5.6   5.3   5.3   5.3   5.3   5.2   5.5   5.6   5.6   5.4   5.5   5.4   5.3   5.6   5.4   5.4   5.4   5.5   5.5   5.3   5.4   5.5    
5.3   5.5   5.4   5.4   5.5   5.3   5.4   5.2   5.4   5.5   5.5   5.5   5.5   5.3   5.3   5.5   5.6   5.5   5.4   5.3   5.6   5.3   5.3   5.2   5.2   5.4   5.5   5.4   5.5   5.4   5.6   5.3   5.2   5.5   5.3   5.3   5.2   5.6   5.6   5.4   5.3   5.3   5.2   5.3   5.3   5.5   5.5   5.3   5.5   5.3   5.3   5.5   5.4   5.5   5.4   5.4   5.4   5.2   5.3   5.3   5.5   5.4   5.5   5.3   5.4   5.5   5.4   5.5   5.2   5.6   5.4   5.2   5.4   5.6   5.5   5.6   5.4   5.5   5.2   5.2   5.2   5.5   5.4   5.4   5.3   5.3   5.4   5.4   5.5   5.4   5.3   5.5   5.6   5.5   5.5   5.5   5.3   5.4   5.2   5.5    
5.6   5.3   5.5   5.4   5.5   5.3   5.2   5.6   5.5   5.3   5.5   5.4   5.4   5.4   5.3   5.5   5.5   5.2   5.3   5.2   5.5   5.2   5.2   5.4   5.5   5.3   5.5   5.2   5.3   5.6   5.4   5.5   5.3   5.3   5.4   5.3   5.3   5.3   5.2   5.6   5.4   5.4   5.5   5.5   5.3   5.5   5.5   5.3   5.3   5.4   5.2   5.3   5.3   5.3   5.5   5.6   5.5   5.5   5.3   5.6   5.4   5.6   5.4   5.3   5.4   5.3   5.3   5.5   5.5   5.4   5.2   5.3   5.2   5.4   5.4   5.5   5.3   5.5   5.6   5.4   5.5   5.5   5.5   5.5   5.3   5.2   5.4   5.4   5.4   5.5   5.5   5.4   5.6   5.5   5.5   5.4   5.2   5.4   5.5   5.4    
5.3   5.2   5.3   5.5   5.5   5.3   5.6   5.3   5.3   5.6   5.3   5.6   5.4   5.2   5.3   5.2   5.5   5.6   5.3   5.6   5.6   5.3   5.3   5.2   5.3   5.6   5.4   5.4   5.3   5.3   5.4   5.3   5.5   5.3   5.4   5.5   5.2   5.3   5.4   5.5   5.3   5.3   5.4   5.3   5.3   5.2   5.5   5.2   5.4   5.2   5.3   5.4   5.5   5.2   5.3   5.3   5.5   5.4   5.6   5.4   5.3   5.2   5.4   5.3   5.5   5.4   5.3   5.5   5.4   5.4   5.5   5.6   5.3   5.4   5.3   5.5   5.3   5.4   5.2   5.5   5.4   5.6   5.5   5.3   5.3   5.6   5.4   5.3   5.5   5.2   5.3   5.3   5.6   5.4   5.6   5.4   5.5   5.6   5.4   5.4    

Ha by Parcels
6   7   6   5   6   6   5   7   7   

Cost of m3 in each parcel
2.11   1.94   1.86   1.84   2.16   2.05   2.03   1.94   2.15   