Instance: 90
width: 10
long: 10
Parcels: 9
Crops: 19
Water: 324000

Chemical Properties by Parcel
13.51   16.21   15.6   17.12   10.62   17.15   10.91   11.74   14.53   17.07   14.86   18.33   14.58   14.38   14.61   9.97   14.71   18.32   10.26   11.92   17.08   16.16   13.33   15.27   17.1   15.38   11   11.26   9.85   15.41   14.64   18.64   16.92   18.02   10.48   13.38   15.48   12.61   12.6   15.17   15.21   18.53   18.18   12.58   10.08   11.21   10.48   17.73   14.32   14.47   18.7   14.15   9.69   13.09   16.29   16.03   13.3   13.21   12.69   11.53   11.19   14.03   10.83   17.51   12.51   18.25   12.35   18.24   14.97   17.35   16.04   15.59   18.1   15.65   18.6   17.8   11.37   11.13   17.58   12.33   10.23   14.88   16.63   13.76   12.44   18.3   14.89   13.91   11.29   17.07   16.75   16.08   11.08   10.2   16.67   17   17.62   10.38   13.52   18.36    
18.12   13.28   13.24   10.98   17.55   11.51   13.05   12.14   14.56   12.22   10.69   13.01   14.58   15.58   10.82   11.6   15.11   18.31   10.19   11.33   15.5   11.53   13.2   11.01   10.84   17.38   13.22   15.15   15.43   18.55   12.65   10.27   15.7   17.63   17.98   16.19   16.45   16.75   9.72   12.25   16.5   17.72   14.86   11.42   13.97   15.36   17.62   18.29   13.82   11.3   18.28   16.75   10.36   11.84   12.17   14.48   17.5   9.85   16.64   16.93   10.39   14.57   18.23   12.67   14.77   10.73   13.26   15.63   16.72   11.05   14.18   18.58   11.18   10.88   12.77   12.67   16.23   17.92   18.35   18.19   17   11.39   16.48   17.68   11.85   12.72   11.67   18.62   15.34   12.89   17.92   18.28   18.02   11.23   15.03   16.38   12.18   11.05   16.44   11.86    
11.93   10.94   13.66   10.21   12.67   10.21   13.67   9.9   16.7   18.39   12.41   9.74   13.05   16.69   12.29   9.92   15.41   12.34   10.31   17.68   16.23   12.65   12.46   13.38   15.85   10.31   13.91   9.78   17.56   16.55   17.96   13.48   15.75   14.62   11.72   15.98   13.71   15.7   16.82   14.33   16.37   16.92   15.13   15.75   16.23   16.33   13.11   17.36   17.97   11.85   17.49   15.4   10.69   11.71   13.31   16.75   15.29   10.67   16.83   16.31   15.77   14.05   12.68   13.07   11.15   18.55   11.32   10.29   15.04   13.51   18   17.84   11.95   11.79   12.93   11.49   16.08   10.06   15.72   12.59   13.96   15.15   15.57   15.45   18.67   18.02   12.9   17.07   17.04   15.47   17.82   12.72   10.21   16.03   14.45   11.97   10.93   11.63   18.45   11.6    
18.63   16.18   16.24   10.09   11.78   15.46   11.73   18.64   12.46   18.64   16.17   11.16   10.49   18.11   12   15.92   12.65   10.09   15.7   13.61   13.75   17.49   18.24   15.94   15.6   15   9.68   10.08   11.77   11.12   15.14   14.52   11.04   14.18   14.74   9.85   17.65   9.73   11.44   17.33   13.83   13.03   10.11   16.09   17.35   14.55   17.14   17.1   13.98   9.72   14.96   12.2   10.59   12.71   11.69   16.33   17.56   17.9   11.1   11.89   15.45   18.21   12.21   13.73   14.84   16.66   11.14   18.16   18.32   12.8   14.34   17.8   12.17   9.72   17.66   9.74   14.8   14.17   15.03   14.99   18.33   11.71   18.53   18.37   14.3   16.86   17.02   10.68   12.64   16.4   9.78   15.08   17.27   14.98   15.25   15.5   13.25   10.27   18.25   14.84    
10.5   13.49   17.99   13.52   15.22   17.42   17.93   17.25   13.91   12.17   18   11.8   11.9   11.9   12.67   12.04   15.16   10.64   11.36   15.34   18.52   17.66   14.1   10.79   14.31   13.28   16.81   18.04   12.46   16.11   9.73   10.04   17.25   16.08   14.52   11.08   15.59   9.85   14.5   14.97   12.94   11.19   14.42   14.81   16.97   18.12   11.66   16.71   14.38   9.66   15.15   10.45   13.72   17.64   11.91   15.04   17.65   9.63   17.82   17.5   15.66   10.86   12.41   13.89   15.54   9.91   12.28   16.33   13.37   12.33   10.48   16.72   11.26   14.61   18.11   16.48   10.13   16.83   17.25   12.97   13.81   10.32   16.33   15.67   17.28   13.02   16.67   9.82   15.29   16.21   17.72   13.48   13.35   15.31   15.57   18.56   13.63   15.75   12.69   15.9    
11.86   13.69   17.12   15.89   12.29   12.54   13.28   15.14   17.21   10.21   12.61   15.16   16.33   17.63   14.69   10.93   16.15   13.59   15.5   17.38   17.92   10.83   18.33   18.37   16.09   15.25   10.65   17.96   17.17   14.63   15.94   12.19   15.49   15.25   11.46   17.59   16.59   16.93   11.92   11.07   17.51   17.79   9.91   17.65   16.55   12.06   9.65   18.46   16.32   17.56   17.42   15.7   10.75   14.38   16.1   18.04   10.83   13.33   14.85   10   18.05   17.35   9.93   14.69   18.26   12.59   11.64   13.17   14.23   16.29   9.74   11.72   15.01   17.82   13.97   11.25   18.43   12.91   14.96   15.42   14.07   12.89   11.09   13.73   15.83   10.76   10.35   12.34   14.87   13.1   16.28   12.62   16.74   10.7   16.11   10.18   17.02   15.09   16.79   14.29    
10.45   15.09   15.71   10.57   14.83   16.71   14.29   15.89   16.11   18.03   15.35   18.09   13.86   14.03   16.37   13.9   13.89   17.47   15.98   14.83   14.08   10.19   14.67   17.71   10.88   14.86   17.77   13.95   16.98   14.4   13.4   10.13   17.73   10.11   16.45   14.53   11.65   18.4   14.65   16.76   16.8   15.2   17.05   15.23   15.79   10.05   13.81   10.44   12.2   13.25   11.04   9.71   16.51   14.36   13.26   15.92   16.14   17.66   17.36   18.54   11.33   16.08   17.78   14.29   17.09   12.98   14.13   11.78   12.66   9.77   11.83   11.24   11.63   14.03   16.03   13.69   16.01   13.47   18.66   14.31   18.08   15.88   15.1   16.23   13.61   18.6   13.93   10.15   17.38   16.58   12.66   10.95   17.2   12.77   12.09   14.54   12.22   12.6   14.7   11.71    
16.35   13.26   13.39   12.53   18.26   13.76   13.67   17.72   14.15   12.16   17.03   14.27   15.95   16.47   13.63   16.36   18.11   14.35   18.31   9.62   9.66   9.66   15.54   16.14   15.94   15.73   15.92   16.1   15.05   14.6   14.75   17.31   11.43   18.57   16.68   17.82   11.52   15.73   17.02   16.29   10.8   17.9   12.75   15.54   10.46   10.71   15.71   10.2   18.11   15.15   13.51   13   14.33   14.96   14.59   10.54   12.56   13.59   13.68   12.37   12.04   11.64   14.13   11.29   16.7   13.79   16.1   9.7   10.87   10.78   16.11   11.72   10.02   18.18   18.04   17.69   13.7   17.44   9.91   11.79   15.36   17.38   15.79   15.63   14.42   18.03   13.5   16.74   12.47   12.95   18.31   17.62   11.64   12.21   14.3   14.3   15.38   12.87   15.34   13.48    
10.08   15.67   13.25   17.84   18.38   9.63   13.44   9.64   13.56   14.58   11.27   16.78   10.65   15.51   15.92   10.05   11.42   9.99   17.09   18.66   15.3   11.68   10.73   16.59   14.4   10.68   17.99   11.53   18.11   18.07   15.37   17.66   16.28   12.51   12.8   12.6   17.49   16.68   15.65   14.9   16.71   12.03   16.38   18.18   10.87   10.66   15.71   18.62   16.59   11.05   9.65   17.33   17.44   10.73   15.28   15.97   13.57   12.11   16.86   14.6   9.89   12.38   14.26   11.85   15.66   13.89   10.09   16.4   9.95   18.63   17.2   15.29   18.52   15.8   13.9   17.32   11.06   17.29   10.64   16.71   9.97   13.39   9.76   13.81   10.24   12.81   13.06   10.63   10.97   12.04   13.39   17.83   12.59   12.62   15.83   18.46   16.46   13.28   15.65   15.87    

Physical Properties by Parcel
5.6   5.4   5.4   5.3   5.6   5.2   5.4   5.2   5.4   5.4   5.5   5.4   5.6   5.2   5.2   5.3   5.5   5.5   5.2   5.2   5.4   5.4   5.6   5.5   5.3   5.5   5.5   5.2   5.6   5.4   5.3   5.5   5.5   5.5   5.4   5.3   5.4   5.5   5.2   5.2   5.5   5.3   5.2   5.2   5.3   5.4   5.3   5.2   5.2   5.6   5.3   5.4   5.4   5.6   5.4   5.5   5.3   5.4   5.4   5.5   5.2   5.5   5.3   5.3   5.3   5.2   5.4   5.5   5.5   5.6   5.3   5.4   5.3   5.4   5.5   5.4   5.3   5.5   5.4   5.3   5.4   5.5   5.5   5.4   5.3   5.2   5.3   5.4   5.4   5.3   5.4   5.5   5.2   5.5   5.4   5.6   5.4   5.6   5.6   5.2    
5.4   5.6   5.3   5.4   5.3   5.6   5.5   5.2   5.3   5.4   5.4   5.3   5.5   5.3   5.2   5.3   5.3   5.3   5.4   5.2   5.5   5.4   5.4   5.3   5.5   5.4   5.3   5.3   5.3   5.2   5.4   5.6   5.4   5.2   5.2   5.3   5.4   5.5   5.3   5.4   5.5   5.5   5.2   5.4   5.6   5.5   5.6   5.4   5.4   5.4   5.3   5.4   5.2   5.4   5.6   5.3   5.3   5.4   5.5   5.5   5.4   5.3   5.2   5.4   5.5   5.4   5.2   5.5   5.6   5.4   5.3   5.2   5.3   5.5   5.3   5.5   5.4   5.4   5.2   5.4   5.2   5.4   5.4   5.3   5.2   5.6   5.5   5.5   5.3   5.3   5.3   5.2   5.6   5.4   5.3   5.4   5.3   5.5   5.3   5.5    
5.3   5.5   5.4   5.5   5.5   5.5   5.4   5.5   5.6   5.5   5.6   5.2   5.5   5.3   5.5   5.4   5.2   5.4   5.3   5.6   5.6   5.4   5.4   5.4   5.5   5.3   5.3   5.4   5.6   5.5   5.2   5.6   5.6   5.5   5.3   5.4   5.3   5.3   5.5   5.4   5.4   5.5   5.4   5.4   5.4   5.2   5.6   5.2   5.5   5.5   5.4   5.5   5.5   5.5   5.2   5.5   5.5   5.5   5.4   5.3   5.5   5.2   5.3   5.4   5.3   5.2   5.4   5.3   5.5   5.4   5.3   5.5   5.5   5.3   5.6   5.5   5.3   5.3   5.3   5.4   5.2   5.5   5.5   5.2   5.2   5.3   5.5   5.4   5.6   5.3   5.6   5.4   5.3   5.6   5.3   5.2   5.4   5.3   5.4   5.3    
5.5   5.4   5.3   5.3   5.2   5.5   5.4   5.4   5.6   5.2   5.6   5.3   5.5   5.3   5.2   5.3   5.4   5.4   5.2   5.5   5.6   5.5   5.5   5.5   5.4   5.4   5.3   5.3   5.3   5.4   5.4   5.4   5.5   5.6   5.5   5.3   5.5   5.3   5.3   5.4   5.3   5.5   5.2   5.5   5.6   5.2   5.5   5.6   5.3   5.4   5.2   5.4   5.2   5.3   5.3   5.6   5.5   5.3   5.2   5.5   5.2   5.3   5.5   5.5   5.2   5.5   5.5   5.4   5.3   5.3   5.3   5.2   5.4   5.5   5.5   5.5   5.3   5.5   5.5   5.4   5.6   5.5   5.5   5.3   5.5   5.3   5.2   5.5   5.4   5.3   5.3   5.5   5.6   5.4   5.6   5.4   5.6   5.4   5.5   5.3    
5.3   5.6   5.2   5.4   5.2   5.3   5.3   5.5   5.3   5.4   5.4   5.5   5.4   5.4   5.3   5.4   5.3   5.5   5.3   5.5   5.5   5.6   5.4   5.6   5.4   5.6   5.5   5.4   5.3   5.3   5.5   5.3   5.5   5.5   5.3   5.6   5.3   5.3   5.5   5.3   5.6   5.4   5.4   5.6   5.6   5.6   5.2   5.4   5.3   5.3   5.2   5.4   5.4   5.4   5.4   5.5   5.3   5.3   5.2   5.5   5.5   5.3   5.2   5.6   5.3   5.5   5.5   5.3   5.5   5.4   5.3   5.4   5.6   5.3   5.6   5.5   5.2   5.3   5.2   5.2   5.6   5.5   5.3   5.3   5.4   5.3   5.3   5.6   5.4   5.4   5.3   5.3   5.4   5.2   5.5   5.2   5.3   5.4   5.5   5.5    
5.4   5.3   5.2   5.3   5.5   5.5   5.2   5.5   5.6   5.6   5.4   5.4   5.6   5.2   5.5   5.6   5.5   5.4   5.5   5.6   5.4   5.3   5.2   5.4   5.4   5.5   5.5   5.5   5.3   5.6   5.3   5.2   5.4   5.4   5.3   5.3   5.4   5.4   5.5   5.3   5.3   5.3   5.4   5.5   5.4   5.5   5.5   5.5   5.3   5.4   5.2   5.3   5.2   5.3   5.2   5.5   5.3   5.4   5.3   5.6   5.3   5.5   5.6   5.4   5.5   5.4   5.6   5.5   5.6   5.5   5.4   5.2   5.3   5.3   5.3   5.6   5.5   5.5   5.3   5.4   5.6   5.4   5.5   5.3   5.3   5.3   5.2   5.5   5.3   5.6   5.5   5.6   5.3   5.5   5.3   5.2   5.6   5.5   5.4   5.4    
5.3   5.5   5.5   5.4   5.4   5.4   5.5   5.5   5.5   5.6   5.5   5.4   5.4   5.6   5.4   5.5   5.4   5.3   5.5   5.6   5.5   5.2   5.3   5.3   5.3   5.4   5.6   5.5   5.2   5.5   5.5   5.5   5.5   5.5   5.5   5.3   5.2   5.2   5.3   5.5   5.4   5.6   5.2   5.4   5.6   5.6   5.6   5.3   5.3   5.2   5.4   5.5   5.3   5.3   5.5   5.4   5.5   5.3   5.5   5.4   5.2   5.3   5.2   5.2   5.2   5.2   5.5   5.5   5.5   5.4   5.2   5.4   5.3   5.4   5.4   5.5   5.2   5.5   5.5   5.2   5.6   5.3   5.3   5.3   5.3   5.5   5.4   5.3   5.2   5.4   5.2   5.3   5.5   5.5   5.4   5.3   5.4   5.2   5.4   5.4    
5.4   5.5   5.3   5.4   5.5   5.4   5.3   5.3   5.2   5.5   5.4   5.6   5.2   5.4   5.4   5.2   5.5   5.5   5.5   5.6   5.5   5.6   5.5   5.4   5.2   5.4   5.4   5.4   5.4   5.5   5.4   5.3   5.3   5.3   5.5   5.2   5.3   5.4   5.4   5.5   5.4   5.3   5.2   5.3   5.5   5.5   5.2   5.5   5.5   5.5   5.5   5.3   5.3   5.4   5.4   5.5   5.2   5.6   5.5   5.5   5.4   5.5   5.5   5.2   5.2   5.3   5.2   5.6   5.3   5.5   5.3   5.4   5.4   5.4   5.5   5.4   5.5   5.2   5.4   5.5   5.3   5.6   5.3   5.4   5.5   5.6   5.2   5.4   5.4   5.3   5.5   5.3   5.5   5.6   5.4   5.2   5.4   5.2   5.3   5.5    
5.2   5.4   5.6   5.5   5.6   5.5   5.4   5.4   5.3   5.5   5.4   5.5   5.5   5.4   5.5   5.3   5.5   5.6   5.5   5.3   5.3   5.4   5.5   5.4   5.6   5.2   5.5   5.3   5.5   5.6   5.3   5.5   5.2   5.2   5.3   5.3   5.5   5.2   5.6   5.4   5.5   5.5   5.4   5.3   5.5   5.6   5.3   5.3   5.6   5.4   5.4   5.4   5.3   5.4   5.4   5.2   5.3   5.2   5.5   5.4   5.5   5.3   5.4   5.5   5.5   5.5   5.5   5.6   5.5   5.3   5.5   5.2   5.5   5.2   5.4   5.4   5.4   5.3   5.5   5.5   5.3   5.2   5.6   5.3   5.3   5.2   5.3   5.4   5.6   5.4   5.5   5.3   5.3   5.3   5.6   5.6   5.4   5.4   5.3   5.2    

Ha by Parcels
6   6   5   7   5   5   7   7   6   

Cost of m3 in each parcel
1.86   1.87   2.14   2.05   2.07   1.98   2.06   1.89   2.14   