Instance: 85
width: 10
long: 10
Parcels: 9
Crops: 19
Water: 294000

Chemical Properties by Parcel
15.27   10.34   15.57   9.81   17.22   10.33   18.55   12.49   13.01   13.78   10.78   12.18   14.25   11.42   16.03   13.25   17.49   11.92   13.47   17.28   18.57   16.91   12.39   17.49   11.09   16.65   10.76   13.71   14.37   15.15   10.76   11.32   12.76   12.12   18.34   13.51   15.52   14.52   17.8   15.68   9.72   13.91   12.25   11.27   15.58   11.63   11.88   18.09   16.64   9.85   15.29   15.89   10.52   14   11.34   13.62   16.47   10.13   10.6   9.73   12.38   17.38   15.31   18.52   10.53   15.37   9.89   16.78   17.4   10.26   17.37   11.07   13.89   12.17   12.52   16.25   10.61   14.83   10.12   18.05   14.5   13.94   10   10.81   15.86   9.6   17.01   10.06   14.09   10.97   17.9   12.93   18.44   15.93   14.99   15.3   14.53   11.28   16.65   13.07    
11.87   14.89   13.28   17.94   10.72   11.48   9.86   16.76   14.45   11.15   17.04   15.38   14.95   13.67   17.8   17.66   14.9   13.92   9.91   10.36   13.62   16.77   15.77   15.63   13.5   17.86   12.54   18.32   10.48   14.05   10.26   13.93   14.07   16.03   13.85   13.3   15.12   17.73   14.74   13.15   10.35   13.58   12.02   14.44   11.09   17.95   17.77   15.7   17.81   14.12   9.92   17.7   15.1   14.69   14.9   12.21   14.54   15.12   10.54   18.58   17.82   13.18   13.19   13.33   18.6   12.5   12.5   16.75   15.74   10.25   17.58   17.95   10.62   14.27   14.53   11.42   15.76   17.11   17.19   17.67   11.22   17.75   10.97   15.05   12.39   18.37   17.25   10.5   12.7   14.19   14.5   12.35   10.51   13   16.29   14.52   10.93   11.43   15.18   10.36    
10.7   17.78   9.87   11.22   12.33   15.7   9.91   13.7   17.49   10.19   17.04   13.74   9.95   11.81   13.73   12.16   15.14   15.35   11.68   13.07   12.18   18.11   15.01   16.1   11.87   13.23   12.97   10.8   9.67   12.62   11.39   9.84   13.72   17.48   11.78   11.54   11.39   18.46   10.89   10.28   10.98   16.3   11.67   18.29   12.82   17.37   18.27   16.82   10   13.39   15.18   9.78   18.66   17.94   12.26   15.91   10.45   14.3   10.21   17.75   11.04   14.71   13.8   12.93   9.86   12.78   10.96   13.23   17.69   10.89   17.85   18.52   17.28   13.53   17   11.21   16.45   13.8   16.06   16.71   12.34   18.54   17.79   11.42   12.62   12.13   10.5   15.01   13.46   13.46   15.45   12.06   16.16   16.92   18.13   12.53   9.65   17.62   11.1   14.32    
11.72   13.66   10.53   15.82   18.53   17.8   17.73   10.48   15.35   14.39   14.49   17.45   14.11   16   18.22   10.07   17.99   15.95   13.22   15.54   14.19   9.97   12.81   10.44   14.44   11.21   14.51   18.63   15.9   12.81   12.18   11.38   9.86   16.48   10.34   9.81   10.85   17.88   13.51   16.82   15.28   12.41   17.86   14.95   16.94   12.44   14.13   12.03   15.67   12.19   11.15   16.29   10.12   18.56   16.05   13.74   10.95   11.5   16.76   11.55   10.86   15.8   12.32   10.92   11.42   11.33   18.13   18.52   15.87   18.57   9.78   14.88   15   13.35   14.79   15.87   11.77   16.94   15.44   18.31   11.79   15.39   17.78   11.43   16.04   17.65   13.66   18.01   15.93   15.99   17.82   10.31   17.87   12.21   16.28   10.36   15.54   9.87   17.12   10.4    
12.5   14.05   13.65   10.65   15.79   15.95   11.4   18.42   9.9   10.98   14.59   9.91   16.32   14.9   17.46   14.36   11.61   14.43   10.32   18.13   10.01   10.65   13.32   18.25   11.83   9.98   12.26   14.66   17.84   17.57   15.06   13.76   18.55   14.63   10.39   15.98   13.18   10.93   10.44   14.87   12.59   17.63   14.13   16.51   17.3   13.33   18.05   15.79   15.87   12.4   11.47   11.37   12.96   17.39   10.03   13.72   14.06   10.08   9.85   10.06   12.61   17.57   16.64   13.39   15.7   16.88   13.45   13.7   17.49   14.73   12.56   13.41   11.29   11.25   18.65   10.44   13.04   11.56   12.43   10.85   14.22   12.19   18.51   16.47   9.88   17.18   11.68   14.84   10.72   10.94   16.53   16.83   11.95   15.24   18.39   14.75   9.91   12   12.89   15.46    
12.38   12.06   11.96   10.32   18.19   12.48   14.06   14.42   13.38   15.75   12.62   14.09   12.41   17.81   11.3   14.85   12.86   10.51   16.89   12.84   13.26   10.23   17.28   15.41   14.93   15.86   16.27   18.47   16.96   14.73   16.14   13.54   13.59   17.91   11.48   15.13   11.9   16.07   12.68   17.65   15.52   10.3   17.05   18.38   10.51   17.92   18.65   15.23   17.29   16.95   11.25   16.07   17.39   11.01   11.82   13.81   9.93   14.73   13.44   18.38   15.7   14.06   13.33   18.23   10.78   10.79   15.82   16.85   17.13   14.68   10.32   16.98   13.42   10.71   15.28   16.24   11.95   10.29   15.14   14.05   10.45   13.96   17.96   11.81   9.87   12.64   15.2   15.28   16.21   18.46   16.49   12   17.35   16.02   14.02   14.68   16.75   15.99   12.75   15.77    
17.52   17.25   10.79   14.98   13.28   17.07   15.87   15.65   11.29   16.16   14.24   17.75   15.7   18.54   17.13   17.67   10.63   15.55   10.15   15.96   13.21   17.83   11.97   14.06   10.53   16.83   17.01   13.32   17.34   12.18   13.24   16.29   17.48   14.18   11.33   12.03   17.02   12.05   12.34   18.38   17.63   17.29   14.15   17.24   10.44   18.35   11.03   10.47   17.75   10.36   13.66   14.34   18.65   17.95   16.89   10.74   13.4   11.31   15.24   9.91   17.36   15.47   11.51   15.31   11.63   12.62   9.63   18.07   14.28   10.55   18.69   11.93   17.37   13.16   13.89   10.43   17.24   11.53   18.01   11.79   10.67   13.63   12.23   11.61   11.49   12.64   13.08   17.72   14.93   12.06   15.14   12.85   9.69   16.81   17.89   10.48   10.49   17.4   18.49   12.91    
15.87   17.06   11.95   17.72   17.16   13.52   14.79   16.55   9.92   15.1   18.11   12.02   18.65   14.88   15.9   11.29   17.87   10.27   16.56   14.81   11.31   11.06   18.5   16.49   13.32   13.47   15.49   15.15   14.31   12.75   13.23   10.19   12.13   18.13   11.88   17.6   18.54   15.44   18.16   15.51   13.21   13.85   14.19   10.34   18.43   13.07   10.56   14.17   12.21   18.23   10.59   15.3   16.55   11.64   13.36   14.79   15.16   17.72   9.84   10.71   9.88   15.6   17.76   11.89   15.72   17.7   18.58   17.63   12.63   14.19   15.11   17.78   17.92   10.61   18.55   13.44   15.27   13.27   10.54   12.49   13.45   16.88   16.67   18.36   16.35   12.6   18.44   12.01   13.44   16.71   13.18   18.01   18   10.38   12.4   18.26   16.67   18.34   15.28   13.55    
11.61   14.56   14.11   17.02   14.39   17.05   12.85   13.5   12.7   15.61   11.63   17.86   18   10.62   14.41   11.96   12.42   17.51   16.41   13   17.81   14.59   15.07   13.29   12.21   11.39   14.15   13.49   12.49   10.19   11.96   12.41   13.65   15.22   10.01   17.46   12.24   16.9   14.88   11.77   13.93   14.73   15.01   14.64   16   15.12   14.43   16.83   10.36   13.4   14.13   18.23   16.06   14.37   13.88   13.25   14.06   9.74   16.39   14.82   11.65   12.38   15.48   17   18.09   10.95   13.88   14.48   13.52   17.83   15.95   15.19   11.08   10.12   13.63   9.79   12.11   18.5   11.01   16.1   18.24   18.15   14.84   16.77   18.46   13.1   18.13   17.36   14.84   13.62   13.44   15.79   14.16   15.87   17.41   10.46   12.7   11.14   15.76   10.64    

Physical Properties by Parcel
5.2   5.5   5.2   5.3   5.2   5.3   5.5   5.4   5.5   5.5   5.5   5.5   5.4   5.4   5.6   5.3   5.5   5.5   5.4   5.4   5.3   5.4   5.4   5.2   5.3   5.5   5.3   5.6   5.3   5.5   5.4   5.6   5.4   5.4   5.3   5.3   5.5   5.6   5.3   5.4   5.4   5.4   5.6   5.5   5.4   5.2   5.3   5.4   5.4   5.6   5.3   5.3   5.2   5.3   5.5   5.6   5.5   5.2   5.4   5.2   5.4   5.5   5.2   5.2   5.5   5.3   5.4   5.6   5.2   5.4   5.6   5.3   5.3   5.5   5.5   5.4   5.5   5.5   5.5   5.5   5.2   5.4   5.6   5.5   5.5   5.5   5.2   5.4   5.2   5.2   5.4   5.4   5.5   5.4   5.2   5.2   5.6   5.2   5.3   5.4    
5.4   5.4   5.5   5.5   5.4   5.5   5.6   5.6   5.4   5.4   5.3   5.4   5.5   5.3   5.6   5.5   5.5   5.5   5.4   5.3   5.4   5.3   5.2   5.4   5.3   5.5   5.4   5.2   5.3   5.5   5.6   5.3   5.5   5.4   5.4   5.4   5.4   5.4   5.5   5.4   5.5   5.3   5.4   5.5   5.4   5.4   5.4   5.3   5.3   5.5   5.6   5.4   5.6   5.3   5.4   5.4   5.3   5.5   5.3   5.4   5.6   5.5   5.6   5.4   5.5   5.3   5.3   5.5   5.2   5.3   5.5   5.2   5.5   5.3   5.5   5.3   5.5   5.5   5.2   5.6   5.3   5.4   5.3   5.3   5.5   5.5   5.3   5.5   5.5   5.3   5.2   5.3   5.2   5.4   5.5   5.5   5.4   5.5   5.5   5.5    
5.4   5.5   5.2   5.4   5.5   5.4   5.4   5.5   5.5   5.5   5.2   5.4   5.6   5.2   5.3   5.6   5.6   5.6   5.4   5.4   5.2   5.5   5.3   5.3   5.6   5.5   5.4   5.5   5.3   5.2   5.3   5.2   5.2   5.3   5.3   5.5   5.6   5.6   5.5   5.5   5.3   5.5   5.6   5.5   5.5   5.4   5.2   5.5   5.5   5.4   5.6   5.2   5.4   5.5   5.3   5.2   5.4   5.5   5.2   5.3   5.4   5.3   5.2   5.4   5.5   5.4   5.5   5.3   5.3   5.4   5.4   5.5   5.4   5.4   5.2   5.3   5.3   5.5   5.4   5.3   5.4   5.3   5.6   5.4   5.5   5.4   5.3   5.4   5.6   5.3   5.4   5.3   5.5   5.4   5.4   5.5   5.6   5.5   5.6   5.2    
5.2   5.4   5.5   5.5   5.2   5.4   5.5   5.3   5.3   5.6   5.3   5.4   5.6   5.3   5.5   5.4   5.4   5.3   5.2   5.4   5.4   5.5   5.3   5.4   5.6   5.4   5.4   5.5   5.4   5.5   5.3   5.5   5.3   5.6   5.3   5.6   5.4   5.3   5.5   5.3   5.3   5.2   5.4   5.5   5.4   5.3   5.5   5.6   5.3   5.5   5.5   5.5   5.4   5.5   5.5   5.4   5.4   5.4   5.5   5.6   5.5   5.3   5.6   5.3   5.4   5.4   5.6   5.6   5.4   5.2   5.2   5.3   5.3   5.3   5.6   5.3   5.4   5.5   5.4   5.4   5.6   5.6   5.6   5.2   5.5   5.5   5.4   5.4   5.2   5.4   5.3   5.5   5.5   5.3   5.5   5.3   5.3   5.4   5.5   5.5    
5.6   5.5   5.3   5.5   5.4   5.4   5.5   5.4   5.5   5.3   5.4   5.6   5.6   5.3   5.5   5.6   5.4   5.3   5.5   5.5   5.3   5.4   5.6   5.2   5.5   5.5   5.4   5.5   5.3   5.2   5.5   5.5   5.6   5.5   5.5   5.4   5.5   5.4   5.4   5.4   5.5   5.4   5.6   5.2   5.3   5.3   5.2   5.5   5.2   5.6   5.2   5.4   5.2   5.5   5.5   5.4   5.2   5.6   5.3   5.2   5.3   5.6   5.4   5.4   5.5   5.5   5.6   5.5   5.5   5.6   5.4   5.5   5.3   5.5   5.3   5.5   5.3   5.4   5.5   5.5   5.4   5.3   5.5   5.2   5.5   5.5   5.3   5.4   5.4   5.4   5.3   5.4   5.5   5.3   5.6   5.5   5.4   5.6   5.3   5.5    
5.3   5.3   5.3   5.4   5.5   5.4   5.5   5.5   5.4   5.4   5.5   5.2   5.6   5.4   5.3   5.4   5.3   5.3   5.6   5.5   5.4   5.3   5.4   5.4   5.5   5.2   5.3   5.3   5.4   5.2   5.2   5.3   5.5   5.5   5.5   5.6   5.2   5.5   5.3   5.5   5.6   5.5   5.6   5.2   5.4   5.4   5.6   5.5   5.3   5.5   5.3   5.3   5.2   5.2   5.5   5.6   5.4   5.4   5.3   5.5   5.5   5.5   5.5   5.5   5.6   5.4   5.3   5.4   5.5   5.4   5.5   5.4   5.3   5.5   5.3   5.6   5.4   5.6   5.3   5.3   5.2   5.3   5.4   5.5   5.3   5.2   5.3   5.4   5.5   5.4   5.5   5.3   5.3   5.3   5.5   5.3   5.4   5.4   5.3   5.3    
5.5   5.4   5.5   5.2   5.5   5.2   5.4   5.3   5.2   5.6   5.4   5.2   5.5   5.3   5.3   5.4   5.4   5.4   5.5   5.3   5.3   5.2   5.5   5.3   5.4   5.3   5.4   5.5   5.6   5.4   5.5   5.4   5.3   5.3   5.5   5.6   5.3   5.4   5.4   5.6   5.3   5.3   5.3   5.5   5.4   5.3   5.3   5.3   5.5   5.2   5.3   5.5   5.4   5.3   5.2   5.5   5.4   5.4   5.3   5.3   5.2   5.6   5.6   5.5   5.3   5.3   5.3   5.6   5.5   5.2   5.4   5.4   5.3   5.3   5.6   5.3   5.4   5.5   5.6   5.6   5.3   5.2   5.3   5.5   5.4   5.2   5.4   5.4   5.3   5.3   5.5   5.4   5.4   5.4   5.3   5.3   5.3   5.3   5.3   5.2    
5.3   5.5   5.3   5.3   5.3   5.5   5.5   5.3   5.6   5.4   5.6   5.5   5.3   5.3   5.3   5.3   5.5   5.4   5.3   5.2   5.2   5.2   5.2   5.2   5.2   5.4   5.2   5.2   5.3   5.4   5.5   5.5   5.2   5.4   5.4   5.3   5.3   5.3   5.3   5.4   5.5   5.4   5.2   5.3   5.5   5.6   5.5   5.5   5.4   5.5   5.3   5.5   5.3   5.4   5.5   5.5   5.3   5.6   5.6   5.4   5.3   5.5   5.4   5.2   5.4   5.5   5.3   5.6   5.4   5.5   5.5   5.2   5.4   5.6   5.4   5.5   5.5   5.6   5.6   5.3   5.2   5.6   5.2   5.4   5.4   5.2   5.3   5.4   5.4   5.5   5.5   5.2   5.4   5.3   5.4   5.5   5.2   5.3   5.4   5.4    
5.3   5.4   5.5   5.3   5.2   5.5   5.5   5.3   5.5   5.4   5.3   5.4   5.5   5.5   5.5   5.6   5.4   5.4   5.5   5.3   5.6   5.5   5.5   5.5   5.3   5.5   5.4   5.4   5.5   5.6   5.3   5.3   5.5   5.4   5.4   5.3   5.5   5.2   5.2   5.2   5.5   5.4   5.3   5.3   5.2   5.3   5.3   5.3   5.3   5.6   5.2   5.3   5.5   5.4   5.5   5.3   5.4   5.5   5.5   5.6   5.2   5.6   5.2   5.5   5.6   5.5   5.5   5.5   5.3   5.5   5.3   5.5   5.6   5.6   5.3   5.2   5.6   5.5   5.4   5.5   5.4   5.3   5.3   5.5   5.2   5.4   5.3   5.4   5.4   5.6   5.6   5.3   5.5   5.3   5.2   5.5   5.6   5.3   5.4   5.3    

Ha by Parcels
7   6   5   5   5   5   6   5   5   

Cost of m3 in each parcel
1.99   1.88   1.81   1.88   2.16   1.99   1.86   1.94   2.12   