Instance: 83
width: 10
long: 10
Parcels: 9
Crops: 19
Water: 336000

Chemical Properties by Parcel
12.04   17.87   15.42   13.47   12.54   12.37   9.8   17.03   16.74   12.01   12.86   13.35   13.54   11.99   16.75   10.64   15.29   9.94   15.54   11.31   15.31   15.11   13.91   13.29   11.34   14.39   10.78   13.51   13.05   13.41   12.57   13.84   15.5   16.24   12.23   10.89   11.19   16.36   16.2   15.55   13.52   17.35   9.78   11.02   9.74   10.24   15.91   13.26   16.28   16.88   10.52   15.36   17.97   17.31   13.16   16.17   9.8   15.83   16   14.72   13.45   18.44   15.28   16.03   14.37   12.48   17.69   11.97   10.25   12.29   12.65   9.8   16.29   16.1   10.58   17.53   18.09   10.74   10.59   13.38   17.92   15.02   15.99   17.52   10.38   16.14   15.69   11.52   14.96   17.63   13.3   14.67   10.77   16.76   13.09   17   10.05   11.44   17.28   14.71    
16.49   11.43   17.37   13.08   9.85   12.7   17.25   13.77   18.14   13.56   12.55   18.28   17.45   15.79   16.71   11.89   11.54   10.99   10.05   15.54   15.47   11.38   10.98   17.75   14.24   10.21   13.08   17.94   14.7   17.12   15.3   17.51   17.78   13.91   18.19   13.12   11.29   12.73   13.19   10.53   10.41   16.37   10.68   13.31   18.59   17.3   15.63   13.94   18.05   17.12   14.68   14.39   17.11   11.96   10.97   12.61   17.89   16.43   15.77   18.63   13.66   17.22   15.03   18.27   15.66   10.7   11.07   11.97   18.6   15.63   11.9   10.38   13.84   15.26   13.74   14.04   14.01   10.94   13.11   13.48   16.18   14.3   12.08   9.9   12.81   14.41   16.71   10.71   14.07   10.91   10.45   18.33   17.84   13.01   11.76   12.11   18.37   13.45   15.62   14.46    
10.23   13.63   18.48   12.8   14.05   16.2   16.5   12.93   15.13   10.79   14.17   14.17   12.77   16.02   15.38   16.75   15.96   12.35   11.04   14.41   16.74   12.78   12.74   11.6   11.46   17.52   15.97   15.63   15.08   16.32   11.01   12.99   14.16   11.45   14.38   11.53   13.02   15.52   11.57   12.17   18.55   15.26   11.16   10.19   18.18   10.27   10.3   16.99   14.69   17.79   17.03   11.3   17.85   15.92   11.17   11   11   16.57   16.7   10.69   10.86   13.28   12.6   12.57   11.47   13.22   9.79   14.03   12.08   16.85   12.01   15.78   11.15   18.07   15.41   14.03   11.52   15.7   10.39   13.13   9.78   18.24   13.01   13.22   15.22   14.38   16.82   18.32   16.35   18.65   10.6   10.3   13.49   10.18   16.65   16.16   17.22   10.14   12.94   13.75    
12.41   12.67   17.1   10.4   16.96   10.04   12.41   9.84   10.22   12.29   16.31   13.97   16.31   13.65   10.27   12.99   15.18   13.37   15.29   14.96   15.03   17   15.28   11.86   17.75   12.67   10.08   11.58   13.9   13.25   16.18   17.56   16.48   9.94   15.07   10.74   14.96   9.89   13.18   15.72   13.51   12.48   12.94   14.37   16.98   15.14   13.51   16.58   9.95   12.36   13.79   14.86   10.93   15.17   17.66   14.05   10.49   18.3   14.24   17.83   11.8   15.09   14.95   17.5   9.71   14.7   11.04   10.28   17.65   16.12   15.25   10.87   14.84   11.69   14.74   10.62   14.17   11.14   17.26   11.8   13.94   13.3   17.81   18.65   15.65   16.46   12.96   12.48   16.79   12.87   17.45   10.98   14.89   12.72   10.39   11.48   14   15.87   10.97   18.39    
10.95   18.33   17.92   17.05   18.58   12.11   16.13   13.32   13.86   12.58   12.63   14.19   15.14   17.51   10.13   14.34   11.68   11.98   13.02   12.6   16.6   18.6   13.22   17.82   13.04   13.43   14.84   11.44   11.74   17.17   15.5   12.5   10.78   15.64   17.34   17.46   12.25   10.01   12.9   15.15   13.81   14.64   9.72   13.06   11.75   11.72   11.73   11.35   15.26   17.4   12   15.47   17.65   13.69   15.04   14.73   15.21   9.99   15.93   17.64   10.22   15.99   18.05   16.87   16.19   16.73   16.8   10.93   10.8   13.73   12.72   10.06   18.55   13.73   18.01   17   13.59   10.67   10.48   10.06   16.02   15.37   17.41   10.42   17.48   14.72   10.39   15.12   18.33   15.09   11.87   14.28   12.38   15.14   12.79   10.57   10.38   17.33   10.89   13.68    
14.76   9.74   11.3   14.68   13.89   14.92   17.56   14.65   14.64   13.03   15.37   10.71   14.75   13.64   12.95   12.89   16.62   12.44   14.71   15.38   15.45   17.55   15.09   14.91   17.06   14.35   12.97   13.18   12.41   14.6   10.07   12.41   18.14   16.73   11.67   13.23   10.17   13.94   11.41   14.83   14.25   13.72   14.74   17.37   16.83   14.05   10.05   17.57   14.68   18.37   14.88   15.67   12.17   16.37   15.23   15.58   11.8   12.58   16.3   18.21   15.96   11.72   13.63   17.04   12.93   15.4   11.99   14.2   10.54   12.07   10.23   11.51   17.56   14.68   15.56   12.88   18.23   9.65   14.73   10.85   12.8   17.24   11.16   11.7   14.84   17.85   9.67   17.43   14.36   16.92   12.68   9.96   16.14   12.13   18.66   10.42   16.46   17.4   13.69   13.34    
10.88   14.06   14.62   18.49   10.14   11.18   13.56   16.65   14.78   11.22   10.15   11.63   14.07   17.42   18.04   10.9   13.47   11.65   14.8   11.73   12.64   11.46   16.64   13.85   12.94   11.02   9.69   16.19   18.17   15.47   11.04   15.87   10.23   13.67   13.66   18.59   18.1   17.09   15.6   14.87   16.17   9.86   14.97   13.2   15.93   10.35   16.37   11.73   14.42   16.73   12.25   17.76   17.59   18.44   12.05   14.89   11.55   10.04   9.96   14.34   17.77   16.33   18.56   17.57   14.26   10.63   13.85   17.54   13.57   17.25   9.86   11.41   15.76   16.15   17.3   15.4   18.17   13.53   13.53   18.35   18.47   14.74   14.96   10.28   10.77   17.54   15.19   13.26   11.34   16.85   16.41   14.4   13.91   11.66   17.66   10.41   10.74   14.31   14.33   17.92    
18.24   13.38   10.43   12.18   16.29   11.69   13.11   13.6   13.22   10.56   13.42   15.07   12.98   10.05   11.78   13.6   11.53   16.06   18.31   13.54   10   9.84   17.1   15.39   12.04   10.6   14.74   15.91   14.24   13.16   18.23   10.58   17.13   9.69   15.25   16.43   11.09   13.73   11.27   15.38   10.03   13.68   14.32   18.01   14.56   10.51   12.95   11.45   13.89   12.22   11.1   18.6   17.17   12.3   10.58   14.16   14.48   16.15   14.03   15.71   12.72   14.94   12.05   13.41   10.23   16.56   17.99   10.99   9.94   14.98   14.07   14.61   16.76   16.61   18.04   14.74   9.75   14.25   15.71   15.92   16.85   17.92   13.91   14.11   9.77   15.26   13.95   12.79   10.49   15.97   14.58   13.99   18.04   16.71   17.27   11.62   10.33   13.78   15.53   14.34    
13.83   16.13   9.8   17.37   12.37   14.65   15.88   14.7   12.37   13.64   15.02   12.99   14.5   18.55   14.25   12.17   10.45   16.13   12.87   17.17   13.28   11.04   11.13   11.94   17.11   10.07   12.03   17.58   13.84   17.66   16.4   16.26   11.97   15.66   11.06   13.97   12.37   18.01   13.91   14.44   13.47   18.56   12.08   13.64   9.74   14   11.54   14.68   10.6   10.8   16.21   17.76   16.07   16.24   18.44   12.28   12.99   13.57   9.93   16.85   9.78   12.15   13.2   12.3   9.92   18.06   15.13   13.5   14.91   16.02   12.09   16.02   11.31   17.31   11.74   17.86   14.7   9.86   9.9   16.27   15.81   10.75   15.11   15.75   10.75   11.68   11.82   11.19   15.43   17.86   16.83   9.61   18.43   16.28   10.64   17.8   18.2   9.94   16.61   14    

Physical Properties by Parcel
5.5   5.6   5.6   5.3   5.5   5.4   5.6   5.4   5.5   5.5   5.6   5.2   5.6   5.3   5.4   5.6   5.3   5.5   5.6   5.3   5.5   5.6   5.6   5.3   5.6   5.3   5.5   5.5   5.3   5.4   5.2   5.4   5.4   5.5   5.4   5.5   5.3   5.5   5.5   5.3   5.4   5.4   5.5   5.6   5.2   5.6   5.4   5.4   5.6   5.3   5.5   5.4   5.6   5.3   5.6   5.4   5.5   5.6   5.4   5.3   5.5   5.6   5.5   5.2   5.5   5.5   5.5   5.3   5.6   5.5   5.6   5.4   5.3   5.3   5.3   5.4   5.3   5.6   5.4   5.2   5.4   5.4   5.6   5.5   5.3   5.3   5.2   5.3   5.5   5.5   5.5   5.5   5.2   5.5   5.4   5.2   5.4   5.4   5.5   5.2    
5.5   5.3   5.2   5.3   5.4   5.3   5.4   5.2   5.5   5.4   5.3   5.4   5.6   5.2   5.3   5.5   5.2   5.3   5.5   5.3   5.5   5.5   5.5   5.3   5.2   5.4   5.5   5.3   5.3   5.5   5.3   5.4   5.2   5.4   5.4   5.4   5.3   5.4   5.4   5.6   5.3   5.4   5.6   5.5   5.5   5.5   5.3   5.2   5.3   5.3   5.5   5.5   5.5   5.6   5.4   5.3   5.6   5.5   5.4   5.5   5.6   5.5   5.3   5.5   5.2   5.4   5.5   5.5   5.2   5.6   5.3   5.4   5.4   5.2   5.4   5.2   5.5   5.4   5.4   5.6   5.3   5.3   5.5   5.6   5.5   5.4   5.5   5.2   5.6   5.3   5.4   5.5   5.4   5.3   5.4   5.3   5.5   5.4   5.2   5.5    
5.4   5.5   5.3   5.5   5.4   5.6   5.3   5.5   5.3   5.3   5.4   5.4   5.5   5.3   5.6   5.2   5.5   5.3   5.3   5.5   5.3   5.2   5.2   5.4   5.5   5.4   5.6   5.3   5.3   5.2   5.6   5.4   5.3   5.5   5.4   5.3   5.2   5.5   5.5   5.3   5.2   5.3   5.2   5.3   5.4   5.4   5.3   5.5   5.4   5.3   5.3   5.5   5.5   5.2   5.4   5.4   5.6   5.4   5.5   5.5   5.5   5.5   5.5   5.5   5.5   5.2   5.3   5.2   5.5   5.5   5.4   5.5   5.6   5.4   5.3   5.4   5.3   5.5   5.3   5.4   5.5   5.5   5.3   5.4   5.6   5.5   5.4   5.4   5.3   5.2   5.4   5.4   5.4   5.2   5.6   5.2   5.3   5.5   5.2   5.5    
5.4   5.5   5.6   5.4   5.4   5.2   5.3   5.3   5.3   5.3   5.2   5.4   5.5   5.4   5.4   5.6   5.5   5.4   5.2   5.5   5.5   5.4   5.3   5.4   5.5   5.4   5.5   5.4   5.5   5.6   5.6   5.3   5.4   5.3   5.3   5.5   5.4   5.5   5.4   5.6   5.5   5.5   5.4   5.4   5.3   5.4   5.5   5.4   5.4   5.6   5.6   5.4   5.4   5.4   5.6   5.6   5.3   5.5   5.6   5.4   5.3   5.4   5.6   5.3   5.5   5.4   5.6   5.2   5.4   5.6   5.6   5.5   5.6   5.5   5.5   5.2   5.3   5.3   5.2   5.4   5.3   5.4   5.3   5.5   5.3   5.4   5.4   5.3   5.5   5.2   5.4   5.3   5.4   5.3   5.5   5.5   5.6   5.4   5.4   5.3    
5.6   5.3   5.5   5.3   5.5   5.5   5.4   5.2   5.2   5.3   5.3   5.3   5.3   5.2   5.5   5.3   5.3   5.3   5.5   5.6   5.5   5.3   5.3   5.3   5.6   5.5   5.3   5.6   5.5   5.3   5.3   5.2   5.5   5.2   5.5   5.4   5.4   5.3   5.5   5.3   5.4   5.5   5.2   5.6   5.3   5.5   5.5   5.5   5.4   5.2   5.4   5.5   5.2   5.4   5.3   5.4   5.3   5.5   5.5   5.3   5.3   5.5   5.4   5.3   5.4   5.3   5.5   5.5   5.4   5.5   5.2   5.4   5.2   5.6   5.4   5.5   5.2   5.3   5.3   5.2   5.4   5.5   5.5   5.4   5.3   5.5   5.6   5.4   5.2   5.3   5.5   5.2   5.2   5.3   5.5   5.5   5.6   5.5   5.6   5.4    
5.4   5.5   5.5   5.4   5.5   5.5   5.5   5.3   5.3   5.3   5.2   5.2   5.2   5.3   5.4   5.3   5.6   5.4   5.6   5.2   5.3   5.3   5.2   5.4   5.2   5.4   5.4   5.3   5.4   5.5   5.5   5.5   5.6   5.2   5.4   5.2   5.5   5.6   5.3   5.4   5.4   5.6   5.4   5.4   5.4   5.5   5.4   5.2   5.6   5.6   5.4   5.3   5.3   5.2   5.2   5.2   5.3   5.5   5.2   5.4   5.3   5.3   5.4   5.5   5.5   5.6   5.4   5.6   5.2   5.5   5.3   5.6   5.4   5.2   5.2   5.6   5.5   5.3   5.5   5.4   5.5   5.6   5.2   5.4   5.5   5.3   5.3   5.5   5.3   5.5   5.6   5.3   5.3   5.4   5.5   5.3   5.4   5.6   5.3   5.6    
5.3   5.3   5.4   5.5   5.5   5.3   5.2   5.4   5.4   5.5   5.3   5.5   5.2   5.5   5.2   5.2   5.4   5.3   5.5   5.5   5.5   5.5   5.3   5.3   5.5   5.6   5.5   5.6   5.2   5.5   5.3   5.6   5.6   5.4   5.6   5.3   5.2   5.5   5.5   5.5   5.3   5.4   5.5   5.3   5.4   5.2   5.5   5.3   5.2   5.2   5.3   5.5   5.2   5.5   5.5   5.4   5.6   5.3   5.3   5.4   5.4   5.5   5.4   5.4   5.5   5.4   5.4   5.4   5.6   5.3   5.5   5.4   5.5   5.3   5.3   5.6   5.5   5.4   5.6   5.2   5.3   5.4   5.2   5.6   5.4   5.5   5.5   5.5   5.5   5.6   5.3   5.2   5.3   5.4   5.5   5.5   5.4   5.2   5.2   5.3    
5.3   5.4   5.4   5.4   5.4   5.2   5.4   5.4   5.4   5.3   5.4   5.3   5.4   5.5   5.5   5.4   5.6   5.5   5.4   5.4   5.5   5.4   5.3   5.6   5.3   5.5   5.4   5.2   5.5   5.4   5.4   5.3   5.4   5.4   5.3   5.4   5.4   5.2   5.4   5.5   5.4   5.3   5.3   5.4   5.4   5.4   5.3   5.4   5.5   5.2   5.4   5.5   5.5   5.4   5.5   5.4   5.4   5.5   5.5   5.4   5.2   5.5   5.5   5.3   5.4   5.3   5.4   5.4   5.6   5.3   5.3   5.4   5.3   5.5   5.3   5.5   5.2   5.4   5.4   5.4   5.2   5.3   5.3   5.4   5.2   5.3   5.3   5.5   5.5   5.6   5.3   5.5   5.3   5.6   5.5   5.2   5.4   5.3   5.4   5.2    
5.5   5.5   5.4   5.5   5.4   5.4   5.3   5.4   5.5   5.2   5.4   5.5   5.6   5.5   5.2   5.6   5.4   5.6   5.5   5.3   5.4   5.3   5.3   5.4   5.5   5.6   5.4   5.4   5.5   5.5   5.5   5.2   5.5   5.4   5.3   5.4   5.5   5.5   5.4   5.6   5.3   5.5   5.2   5.4   5.4   5.3   5.3   5.3   5.6   5.3   5.3   5.3   5.3   5.5   5.3   5.5   5.4   5.5   5.5   5.3   5.4   5.4   5.6   5.3   5.3   5.4   5.4   5.4   5.6   5.4   5.4   5.5   5.2   5.2   5.2   5.6   5.3   5.2   5.4   5.3   5.5   5.4   5.5   5.6   5.3   5.4   5.5   5.2   5.2   5.4   5.3   5.3   5.4   5.6   5.2   5.4   5.3   5.5   5.6   5.6    

Ha by Parcels
6   7   7   6   6   5   7   7   5   

Cost of m3 in each parcel
2.12   2.2   1.83   2.08   1.95   2.01   2.1   2.1   2.17   