Instance: 81
width: 10
long: 10
Parcels: 9
Crops: 19
Water: 318000

Chemical Properties by Parcel
16.06   16.19   14.35   14.51   13.59   12.6   14.92   18.39   14.81   18.14   18.43   13.46   15.06   17.85   11.17   16.44   10.21   13.24   11.9   10.28   15.65   11.08   14.58   15.89   14.63   14.38   15.27   11.62   18.15   15.77   13.92   18.63   17.88   11.25   18.52   15.76   14.14   16.28   15.13   11.32   9.86   11.32   12.89   17.11   15.78   17.03   18.63   15.49   12.51   17.08   13.64   10.8   14.93   10.61   14.73   10.12   11.49   12.39   10.04   15.44   14.95   9.7   15.53   18.15   15.34   12.55   15.36   13.94   17.06   15.14   13.87   10.9   14.57   14.22   16.87   12.64   15.82   11.45   15.31   12.72   13.45   18.18   16.75   18.65   12.75   16.83   15.28   14.55   16.43   15.7   18.47   16.99   11.76   14.94   12.77   14.86   14.43   11.26   13.14   11.61    
14.87   15.12   16.7   18.01   11.33   11.73   16.59   15.06   14.03   15.23   9.9   16.84   11.25   18.17   10.51   16.38   10.82   18.07   17.24   15.5   12.39   9.71   10.02   18.12   18.43   15.86   12   16.77   10.98   11.34   17.49   17.73   12.69   12.91   13.12   13.89   13.61   16.92   10.42   14.49   18.47   11.95   16.93   13.35   14.5   11.92   9.64   14.1   14.14   9.62   10.78   12.08   18.27   14.36   11.14   15   18.02   10.07   14.04   11.17   17.15   15.68   17.84   12.92   11.06   11.36   9.82   11.24   13.76   12.58   16.91   14.56   14.14   9.98   13.2   17.08   16.54   11.57   11.57   14.81   10.75   14.48   12.12   14.82   17.03   15.32   16.54   10.39   15.23   13.69   17.42   12.93   12.58   18.1   17.15   13.53   13.66   17.59   12.75   10.35    
10.21   11.03   13.82   16.42   13.79   10.13   16.52   10.57   17.71   14.25   13.43   12.48   18.14   14.91   16.93   15.12   18.56   18.23   13.76   15.64   9.9   13.25   14.62   12.05   16.83   15.29   15.08   11.41   9.7   11.48   13.35   12.84   9.92   17.81   12.12   11.09   15.58   10.97   13.59   11.49   11.28   17.26   16.8   10.72   16.61   12.62   17.12   16.35   18.6   16.06   17.31   13.91   15.66   12.41   13.33   18.3   18.31   13.93   9.94   18.13   15.73   14.95   11.09   13.46   17.47   12.44   12.73   10.2   15.43   10.79   16   16.87   11.92   10.47   15.44   16.32   13.5   17.35   16.75   12.45   18.09   17.81   11.36   15.63   13.37   10.69   16.95   12.09   13.91   14.29   11.01   17.55   18.62   11.91   12.38   14.78   16.09   17.97   10.25   11.75    
13.79   11.09   11.93   16.91   13.05   18.17   14.78   11.18   14.95   15.08   18.46   10.12   17.82   9.69   18.11   17.47   15.51   14.2   14.14   12.1   12.91   16.79   15.24   11.77   16.38   10.26   16.29   11.92   17.48   13.76   15.02   17.61   15.2   14.9   12.75   14.12   13.33   14.29   17.33   12.59   10.88   17.71   12.02   16.01   13.09   12.32   17.64   14.85   17.28   18.08   11.34   12.2   10.22   13.85   11.56   14.8   13.13   11.57   10.39   17.32   10.81   14.23   17.6   16.07   10.29   12.66   15.79   16.03   10.87   11.8   18.01   12.76   12.79   13.79   18.4   13.03   9.96   12.42   17.93   12.21   12.3   17.18   16.03   10.31   15.74   15.85   13.55   12.2   10.88   12.16   18.02   11.72   12.14   11.18   14.83   14.66   16.4   16.03   13.38   18.39    
13.7   11.99   10.72   14.98   11.72   15.11   12.13   17.09   15.87   9.82   17.92   14.08   11.42   11.28   14.98   11.69   18.08   13.33   17.87   14.59   13.3   18.14   16.07   11.71   12.69   13.65   14.48   18.47   16.03   16.91   12.54   12.08   10.37   10.56   12.91   14.74   11.59   17.99   14.19   15.26   17.41   17.08   15.07   11.33   17.14   10.85   11.62   17.58   12.93   18.49   15.06   12.32   15.86   14.12   17.19   13.84   17.14   13.32   12.77   13.44   16.08   16.44   14.96   10.88   13.99   17.84   18.52   15.63   10.35   17.39   10.75   14.02   10.34   16.06   12.02   11.48   16.42   13.83   18.47   13.34   13.16   9.77   10.68   17.02   18.01   13.6   10.11   15.56   15.96   13.96   10.43   12.59   14.93   12.71   11.23   12.2   12.33   15.93   17.59   11.11    
14.59   11.39   9.72   16.16   17   17.1   10.66   15.97   11.92   15.17   15.66   14.74   12.98   13.03   12.07   12.3   16.71   14.9   15.12   15.86   15.7   18.5   14.02   10.56   14.16   14.04   11.37   14.21   18.37   12.85   10.21   16.01   11.22   14.47   12.42   17.66   10.96   12.55   10.4   13.01   13.86   11.98   17.29   15.49   12.02   12.02   17.67   15.07   13.39   9.86   11.49   10.2   18.62   15.5   14.76   14.82   18.33   14.42   17.08   12.96   10.9   14.29   14.15   15.8   13.44   12.19   15.33   11.74   11.26   18.58   17.05   9.77   9.81   10.88   14.92   12.31   16.04   16.55   18.03   17.64   12.96   16.65   11.04   15.47   18.34   15.28   18.58   12.12   18.34   11.34   17.23   12.46   12.54   18   13.56   13.25   15.83   11.63   15.3   16.88    
13.85   11.09   12.54   9.88   14.52   14.58   15.08   10.98   14.57   15.74   10.01   15.08   10.65   13.74   14.02   11.28   17.8   16.4   17.89   11.92   17.79   13.01   13.32   17.44   9.86   13.2   13   10.82   18.32   15.18   18.32   18.05   11.3   12.71   16.66   16.09   12.98   13.48   17.4   16.07   17.81   14.21   17.33   12.26   16.29   14.4   13.89   15.17   13.84   14.29   11.58   14.16   15.63   14.89   12.41   15.16   13.57   11.39   17.75   16.87   12.14   16.01   14.28   16.6   10.83   10.36   16.77   18.41   16.25   18.4   13.03   16.17   10.98   17.87   11.32   15.3   15.73   17.75   17.11   11.29   17.23   10.62   12.2   16.08   16.72   18.38   18.03   13.73   17.02   12.65   15.56   18.67   11.86   10.56   13.16   17.77   13.87   17.97   16.56   14.87    
10.23   13.85   13.69   13.38   13.88   13.1   14.93   14.95   13.71   11.33   11.17   10.24   14.36   15.68   17.94   14.66   11.15   15.71   12.53   12.7   10.15   14.25   14.33   17.31   14.11   15.03   12.73   13.08   10.62   12.56   15.63   11.04   17.25   11.67   18.27   14.65   10.51   12.78   10.79   15.4   11.96   17.82   15.31   17.98   12.64   10.97   16.16   13.12   18.2   14.55   10.62   16.4   14.3   10.72   16.43   18.35   16.26   10.93   17.94   9.62   11.77   18.61   14.59   17.52   15.02   12.18   17.04   17.42   14   12.35   18.35   10.28   10.98   15.14   12.85   11.37   10.75   18.16   17.35   14.04   11.03   12.82   12.71   10.36   13.5   15.17   15.03   13.96   9.67   17.13   12.72   12.43   14.59   12.8   14.96   12.96   11.8   17.94   11.43   17.44    
16.3   18.07   9.94   14.94   14.32   13.44   12.37   17.06   18.39   17.72   16.1   13.07   11.12   17.64   11.47   16.52   16.1   13.54   11.69   17.99   16.69   17.25   13.67   11.36   13.6   15.84   15.84   13.32   11.95   10.43   10.86   12.29   10.62   11.77   17.08   10.68   12.05   10.83   12.12   14.79   16.13   15.32   14.34   17.87   16.37   15.75   11.89   12.79   16.52   17.35   12.36   16.08   13.08   10.7   12.73   12.3   16.49   17.34   17.17   9.97   10.92   10.32   11.62   17.77   16.36   9.84   13.34   14.02   16.55   17.47   13.68   18.44   16.57   16.25   14   11.56   11.7   18.63   18.47   11.07   13.15   16.58   10.83   13.94   12.4   15.82   15.44   13.62   11.41   17.76   14.96   10.45   9.78   12.86   15.83   15.18   12.2   12.59   16.08   18.42    

Physical Properties by Parcel
5.3   5.3   5.3   5.5   5.5   5.3   5.4   5.4   5.5   5.3   5.5   5.6   5.3   5.3   5.5   5.4   5.5   5.2   5.5   5.4   5.4   5.5   5.5   5.5   5.2   5.4   5.6   5.3   5.4   5.3   5.5   5.5   5.4   5.4   5.2   5.5   5.3   5.3   5.4   5.3   5.4   5.3   5.2   5.4   5.2   5.3   5.5   5.2   5.5   5.5   5.2   5.6   5.2   5.5   5.4   5.4   5.3   5.6   5.3   5.4   5.5   5.4   5.2   5.4   5.3   5.4   5.3   5.6   5.3   5.4   5.4   5.5   5.5   5.4   5.3   5.5   5.3   5.5   5.3   5.4   5.4   5.4   5.2   5.6   5.5   5.5   5.4   5.4   5.2   5.3   5.4   5.3   5.6   5.4   5.6   5.6   5.3   5.4   5.3   5.5    
5.2   5.4   5.2   5.6   5.4   5.3   5.5   5.3   5.6   5.2   5.3   5.6   5.3   5.4   5.6   5.2   5.3   5.4   5.5   5.3   5.4   5.2   5.4   5.3   5.5   5.3   5.3   5.5   5.5   5.3   5.4   5.2   5.4   5.5   5.3   5.3   5.5   5.2   5.6   5.6   5.3   5.6   5.4   5.5   5.3   5.3   5.4   5.3   5.3   5.4   5.3   5.4   5.5   5.5   5.6   5.3   5.5   5.4   5.4   5.6   5.2   5.3   5.4   5.5   5.6   5.5   5.3   5.3   5.6   5.5   5.3   5.4   5.3   5.4   5.5   5.3   5.4   5.5   5.5   5.6   5.3   5.4   5.5   5.2   5.5   5.6   5.3   5.2   5.4   5.5   5.3   5.2   5.3   5.2   5.3   5.5   5.4   5.3   5.5   5.5    
5.3   5.4   5.2   5.5   5.3   5.5   5.3   5.5   5.6   5.3   5.3   5.3   5.5   5.4   5.2   5.6   5.6   5.2   5.5   5.4   5.5   5.4   5.5   5.3   5.3   5.2   5.5   5.4   5.4   5.4   5.4   5.4   5.4   5.3   5.5   5.4   5.3   5.5   5.5   5.4   5.2   5.2   5.3   5.5   5.6   5.5   5.3   5.4   5.3   5.5   5.5   5.3   5.3   5.6   5.4   5.5   5.4   5.5   5.6   5.5   5.5   5.3   5.5   5.4   5.3   5.2   5.6   5.3   5.5   5.4   5.3   5.5   5.6   5.2   5.4   5.4   5.6   5.2   5.3   5.6   5.2   5.4   5.6   5.2   5.4   5.3   5.6   5.6   5.2   5.6   5.4   5.5   5.5   5.5   5.2   5.2   5.4   5.6   5.5   5.3    
5.3   5.3   5.4   5.5   5.5   5.5   5.3   5.2   5.5   5.5   5.2   5.5   5.4   5.6   5.4   5.5   5.3   5.4   5.3   5.2   5.2   5.6   5.5   5.5   5.4   5.5   5.4   5.4   5.3   5.2   5.5   5.3   5.4   5.4   5.4   5.5   5.4   5.4   5.5   5.3   5.6   5.4   5.3   5.6   5.4   5.4   5.6   5.3   5.3   5.4   5.3   5.4   5.5   5.3   5.6   5.6   5.3   5.5   5.2   5.3   5.5   5.2   5.3   5.4   5.4   5.6   5.2   5.3   5.4   5.5   5.4   5.5   5.6   5.4   5.2   5.6   5.3   5.5   5.5   5.3   5.5   5.3   5.5   5.3   5.2   5.4   5.5   5.6   5.5   5.4   5.4   5.3   5.3   5.4   5.5   5.3   5.3   5.3   5.3   5.3    
5.5   5.4   5.2   5.5   5.5   5.5   5.3   5.2   5.3   5.2   5.2   5.4   5.6   5.3   5.5   5.5   5.3   5.3   5.3   5.4   5.6   5.6   5.6   5.6   5.6   5.2   5.4   5.3   5.2   5.3   5.5   5.3   5.4   5.5   5.4   5.4   5.5   5.4   5.5   5.4   5.3   5.3   5.4   5.6   5.3   5.6   5.2   5.4   5.5   5.2   5.3   5.4   5.3   5.3   5.6   5.5   5.5   5.6   5.3   5.3   5.3   5.4   5.5   5.3   5.3   5.3   5.5   5.6   5.5   5.4   5.3   5.5   5.5   5.4   5.3   5.2   5.3   5.5   5.5   5.4   5.4   5.3   5.5   5.4   5.3   5.4   5.5   5.5   5.2   5.6   5.6   5.5   5.4   5.4   5.2   5.6   5.4   5.4   5.5   5.2    
5.4   5.5   5.2   5.5   5.5   5.5   5.3   5.5   5.4   5.4   5.5   5.2   5.4   5.5   5.4   5.4   5.5   5.4   5.6   5.4   5.6   5.4   5.3   5.6   5.4   5.5   5.4   5.3   5.5   5.3   5.6   5.4   5.4   5.4   5.6   5.6   5.3   5.3   5.3   5.2   5.2   5.3   5.5   5.4   5.2   5.4   5.5   5.3   5.3   5.4   5.5   5.5   5.4   5.2   5.5   5.3   5.5   5.6   5.5   5.5   5.3   5.5   5.6   5.6   5.3   5.5   5.4   5.5   5.4   5.5   5.6   5.3   5.3   5.2   5.5   5.3   5.4   5.4   5.6   5.4   5.4   5.4   5.5   5.4   5.6   5.3   5.4   5.5   5.3   5.3   5.3   5.4   5.6   5.4   5.2   5.3   5.5   5.4   5.2   5.3    
5.6   5.3   5.5   5.5   5.5   5.2   5.5   5.3   5.4   5.3   5.4   5.6   5.3   5.4   5.3   5.4   5.3   5.5   5.2   5.2   5.3   5.5   5.4   5.5   5.3   5.4   5.5   5.3   5.4   5.5   5.3   5.5   5.3   5.2   5.3   5.5   5.3   5.3   5.5   5.3   5.5   5.6   5.4   5.4   5.3   5.4   5.5   5.2   5.2   5.5   5.5   5.2   5.5   5.3   5.5   5.2   5.6   5.4   5.4   5.5   5.3   5.4   5.3   5.4   5.6   5.2   5.4   5.3   5.5   5.4   5.3   5.2   5.3   5.4   5.6   5.6   5.5   5.4   5.4   5.5   5.2   5.6   5.3   5.4   5.3   5.6   5.4   5.4   5.4   5.5   5.3   5.4   5.3   5.5   5.5   5.2   5.2   5.3   5.2   5.2    
5.3   5.6   5.4   5.3   5.6   5.3   5.5   5.6   5.5   5.4   5.3   5.4   5.4   5.6   5.4   5.6   5.4   5.6   5.5   5.3   5.6   5.4   5.6   5.3   5.5   5.5   5.4   5.4   5.5   5.5   5.3   5.2   5.6   5.5   5.3   5.2   5.3   5.5   5.5   5.3   5.5   5.5   5.5   5.6   5.5   5.3   5.3   5.4   5.2   5.3   5.5   5.5   5.4   5.3   5.5   5.5   5.2   5.3   5.6   5.6   5.3   5.4   5.5   5.5   5.3   5.5   5.4   5.5   5.2   5.4   5.5   5.6   5.4   5.3   5.3   5.3   5.5   5.3   5.2   5.5   5.4   5.5   5.2   5.4   5.3   5.4   5.3   5.6   5.5   5.4   5.4   5.6   5.4   5.4   5.5   5.3   5.6   5.6   5.3   5.4    
5.5   5.3   5.5   5.4   5.4   5.5   5.3   5.4   5.4   5.5   5.6   5.4   5.5   5.4   5.5   5.3   5.4   5.5   5.4   5.4   5.5   5.4   5.2   5.5   5.6   5.5   5.5   5.2   5.4   5.4   5.2   5.5   5.4   5.3   5.6   5.5   5.4   5.4   5.2   5.3   5.5   5.2   5.4   5.5   5.3   5.5   5.4   5.5   5.3   5.5   5.3   5.2   5.5   5.6   5.6   5.4   5.4   5.5   5.6   5.3   5.5   5.4   5.2   5.5   5.3   5.2   5.4   5.5   5.3   5.4   5.3   5.4   5.2   5.5   5.2   5.5   5.4   5.3   5.4   5.6   5.4   5.6   5.5   5.4   5.6   5.3   5.5   5.4   5.4   5.6   5.6   5.3   5.3   5.6   5.3   5.5   5.3   5.3   5.3   5.5    

Ha by Parcels
6   6   5   5   7   7   7   5   5   

Cost of m3 in each parcel
2.18   1.99   1.83   1.81   2.16   2.18   1.84   1.88   1.81   