Instance: 87
width: 10
long: 10
Parcels: 9
Crops: 19
Water: 330000

Chemical Properties by Parcel
17.89   17.77   13.4   12.84   11.72   18.42   12.73   13.3   17.32   10.23   13.74   10.44   18.56   12.61   17.91   11.77   11.67   16.93   10.74   18.16   12.81   18.52   11.36   11.48   13.26   14.55   15.22   17.28   9.72   13.22   11.89   15.09   18.64   18.03   14.21   14.79   11.01   14.25   16.87   16.89   13.11   12.3   11.96   11.59   18.54   11.46   15.82   16.42   11.68   11.43   16.29   16.11   11.59   17.01   13.23   13.93   18.16   17.72   15.81   12.47   15.06   15.33   14.82   14.93   11.45   17.09   11.78   10.51   13.05   13.18   13.97   16.56   13.82   10.96   13.57   13.97   17.09   16.9   14.45   12.1   13.56   11.71   15.91   15.93   16.12   9.64   16.73   13.74   15.04   10.81   12.53   12.45   17.41   10.52   13.48   11.64   15.93   10.69   9.81   16.21    
12.29   14.88   11.78   11.06   13.15   15.61   11.07   11.01   12.93   10.48   9.63   13.49   13.28   15.65   14.16   14.9   11.92   13.48   14.43   16.85   18.17   15.23   13.62   17.28   16.12   16.88   15.32   12.76   12   11.71   12.9   12.4   10.96   14.4   17.5   17.43   14.4   14.5   15.56   12.28   10.43   14.11   10.42   12.51   12.12   13.25   11.68   14.87   16.14   15.69   17.75   13.38   18.23   9.73   9.68   17.68   12.8   15   11.03   9.94   12.96   13.21   13.54   13.25   18.24   17.68   14.22   16.69   11.92   17.75   18.33   11.89   15.17   16.45   17.33   13.6   16.11   15.87   14.67   9.84   10.34   13.85   17.33   14.32   16.41   12.15   11.55   12.01   11.75   17.66   13.58   16.15   16.36   9.61   13.54   18.34   15.07   18.18   12.46   13.7    
16.25   10.12   17.22   10.97   13.61   12.5   10.76   12.39   10.89   18.3   11.86   10.51   14.57   15.42   16.41   11.39   16.1   9.67   12.13   18.32   15.31   18.04   16.82   17.14   9.74   9.76   9.7   18.46   13.62   13.27   10.57   11.19   15.28   16.37   15.71   18.42   9.76   14.04   17.96   9.95   15.4   13.22   10.75   17.33   10.92   12.4   12.82   14.58   11.12   10.92   13.08   10.45   17.62   11.34   18.03   15.59   17.24   15.08   10.37   11.98   10.05   11.15   9.98   15.6   12.32   12.7   9.8   14.06   16.31   13.96   14.1   15.63   16   13.1   15.27   18.66   16.88   10.11   18.44   10.61   11.66   16.06   13.74   14.8   12.84   9.99   14.58   12.09   14.7   16.4   16.24   10.4   12.25   12.17   11.35   16.41   13.32   17.62   16.83   18.66    
11.99   18.36   18.63   18.21   15.45   17.08   15.68   13.38   9.66   15.7   14.61   16.27   13.27   15.73   11.49   9.71   10.18   13.73   17.18   14   17.34   16.27   12.55   12.06   18.37   11.63   15.15   13.19   17.75   16.56   11.7   10.06   15.32   16.14   11.09   10.64   10.44   15.13   17.84   17.93   17.48   9.66   16.83   11.83   10.82   15.79   15   15.34   17.62   18.53   12.48   17.27   12.83   13.97   12.38   15.66   16.55   17.48   14.7   17.92   11.7   10.33   12.48   15.91   18.68   16.08   17.54   17.98   17.59   15.38   15.68   10.41   18.31   17.79   15.19   12.14   14.62   17.56   15.68   13.52   13.29   15.39   15.64   17.38   10.95   15.14   13.15   9.6   18.67   13.76   17.92   13.87   16.04   11.64   11.15   12.18   16.68   16.2   16.65   13.21    
10.63   13.85   15.83   10.81   15.67   17.46   14.72   14.49   14.97   18.18   9.99   11.43   14.46   14.62   10.85   13.25   16.28   16.92   10.24   16.67   12.6   10.44   11.7   13.93   18.22   12.79   13.02   14.49   14.39   14.81   10.35   14.51   13.21   14.88   13.75   14.03   15.14   9.9   10.28   18.24   14.27   15.95   11.43   13.76   14.9   18.38   11.68   10.85   14.1   15.15   13.15   15.14   13.81   17.01   16.04   10.67   16.93   13.48   11.38   18.08   16.73   13.97   12.46   18.51   15.73   18.34   15.75   16.35   10.48   17.02   18.64   13.16   15.01   11.67   12.19   11.28   13.82   10.74   12.58   10.51   17.14   18.23   12.9   16.27   18.41   15.66   10   13.52   17.79   9.99   15.46   15.86   11.46   10.98   14.22   16.74   10.53   10.86   16.44   15.78    
11.64   10.92   18.62   10.18   15.97   11.1   17.21   10.18   12.71   14.78   17.7   12.78   13.19   18.06   14.18   15.79   10.93   15.93   13.13   16.26   10.77   14.95   13.63   15.21   14.77   11.77   17.22   15.49   10.42   10.34   12.61   12.79   15.74   14.08   17.41   16.31   17.38   11.24   12.84   16.99   11.2   17.13   17.22   12.75   17.7   18.53   16.19   17.66   17.98   11.37   13.46   9.8   10.1   13.36   11.03   17.85   13.26   15.25   9.92   9.74   10.48   16.23   13.16   11.1   11.87   16.09   12.82   16.68   11   9.7   15.77   13.26   16.3   11.01   17.11   13.87   11.95   15.69   12.22   12.47   12.09   11.5   11.11   13.67   17.14   18.2   9.62   10.09   17.94   11.55   17.36   16.66   11.21   13.26   15.25   16.14   17.39   10.42   15.35   16.15    
13.78   17.47   18.06   17.18   9.71   11.87   17.82   16.65   17.32   9.61   10.61   9.77   16.6   14.49   17.4   18.37   15.37   10.41   9.75   12.31   13.66   13.77   16.32   17.65   15.77   9.99   13.25   17.82   17.33   10.44   16.99   11.82   12.85   11.69   15.63   10.91   14.62   11.59   11.72   10.31   10.19   18.45   12.69   17.84   13.15   17.1   14.56   11.89   16.06   9.99   15.14   11.01   18.44   15.03   11.3   18.29   11.57   11.14   16.79   13.56   11.08   13.48   18.55   11.5   9.83   14.43   17.26   12.94   15.07   17.86   15.53   12.89   14.98   11.98   17.47   10.98   11.29   17.23   12.34   14.97   17.66   18.22   15.06   10.2   14.92   16.15   18.05   13.21   17.75   10.77   18.05   18.39   16.23   11.91   18.01   10.65   10.71   16.85   12.99   16.75    
14.76   13.3   10.37   17.78   15   9.94   12.43   10.62   14.41   16.51   17.04   17.19   17.76   12.44   13.62   12.87   12.96   18.6   12.95   18.27   16.19   16.67   16   10.56   9.97   16.36   12.36   10.15   11.06   15.78   17.38   14.79   13.11   18.64   11.44   17.95   13.53   17.28   18   11.2   15.39   14.52   11.07   16.27   13.27   11.19   15.97   10.03   17.94   14.29   12.27   15.72   10.35   10.97   11.8   14.28   16.34   17.55   11.64   12.82   10.63   12.61   12.99   15.13   14.26   17.82   15.05   12.75   12.21   17.37   11.22   14.71   9.86   16.12   14.83   15.75   9.86   18.1   14.29   12.47   18.47   16.47   12.56   12.5   17.87   12.93   14.17   9.69   13.49   12.23   14.54   16.02   10.85   9.78   9.82   14.05   12.83   17.95   18.07   11.59    
11.72   16.88   10.63   10.21   16.08   15.93   15.76   17.55   10   15.91   18.26   14.06   10.71   18.01   10.61   16.03   15.42   10.72   14.24   16.61   17.92   10.95   10.85   9.87   18.41   16.39   12.49   17.05   17.39   14.74   15.68   15.1   11.8   13.44   12.29   13   11.7   17.07   11.93   12.08   13.62   16.09   11.91   14.17   12.68   14.32   15.02   13.72   16.97   13.12   13.18   10.5   18.65   16.1   9.79   15.42   12.86   17.89   16.96   13.12   9.86   13.38   9.66   17.87   12.9   18.33   18.53   13.41   16.76   10.37   15.7   13.37   17.47   17.85   12.2   14.8   15.35   10.82   12.03   17.65   11.15   12.61   14.01   10.1   13.6   13.55   15.91   10.8   12.82   14.29   11.73   13.27   10.56   16.91   18.58   14.52   16.44   18.19   14.86   18.53    

Physical Properties by Parcel
5.2   5.4   5.5   5.4   5.4   5.5   5.4   5.4   5.5   5.5   5.2   5.3   5.6   5.4   5.3   5.4   5.6   5.3   5.2   5.5   5.2   5.2   5.6   5.5   5.5   5.5   5.4   5.5   5.4   5.6   5.4   5.5   5.5   5.3   5.5   5.2   5.4   5.6   5.3   5.2   5.2   5.4   5.5   5.6   5.2   5.4   5.6   5.6   5.2   5.4   5.2   5.6   5.5   5.3   5.4   5.6   5.4   5.3   5.4   5.6   5.6   5.4   5.3   5.5   5.3   5.2   5.6   5.2   5.5   5.5   5.5   5.6   5.4   5.4   5.4   5.2   5.6   5.4   5.2   5.4   5.4   5.5   5.4   5.5   5.4   5.3   5.3   5.6   5.3   5.4   5.5   5.3   5.2   5.6   5.6   5.4   5.4   5.3   5.5   5.2    
5.6   5.2   5.5   5.2   5.5   5.4   5.6   5.2   5.5   5.4   5.2   5.5   5.2   5.4   5.4   5.4   5.4   5.6   5.4   5.4   5.4   5.3   5.4   5.6   5.2   5.6   5.3   5.2   5.2   5.4   5.2   5.2   5.5   5.2   5.5   5.3   5.3   5.4   5.3   5.3   5.3   5.5   5.3   5.4   5.2   5.4   5.4   5.5   5.5   5.5   5.4   5.4   5.2   5.6   5.3   5.4   5.3   5.3   5.4   5.6   5.5   5.3   5.4   5.4   5.5   5.4   5.4   5.6   5.5   5.2   5.6   5.5   5.2   5.2   5.3   5.5   5.4   5.5   5.2   5.3   5.5   5.2   5.3   5.5   5.3   5.3   5.2   5.6   5.4   5.6   5.2   5.2   5.5   5.4   5.2   5.5   5.5   5.5   5.2   5.3    
5.6   5.5   5.3   5.5   5.3   5.5   5.2   5.6   5.6   5.4   5.5   5.6   5.3   5.5   5.4   5.5   5.2   5.3   5.6   5.5   5.2   5.6   5.3   5.2   5.3   5.6   5.5   5.6   5.6   5.4   5.4   5.6   5.4   5.4   5.3   5.5   5.5   5.3   5.4   5.2   5.6   5.4   5.3   5.4   5.5   5.6   5.2   5.4   5.2   5.6   5.5   5.3   5.3   5.5   5.6   5.6   5.5   5.5   5.4   5.4   5.4   5.2   5.4   5.5   5.6   5.5   5.3   5.2   5.5   5.3   5.5   5.5   5.3   5.6   5.5   5.5   5.3   5.3   5.2   5.5   5.5   5.4   5.3   5.3   5.2   5.4   5.6   5.3   5.5   5.3   5.3   5.4   5.6   5.3   5.3   5.3   5.3   5.3   5.5   5.5    
5.4   5.2   5.3   5.2   5.3   5.6   5.3   5.4   5.6   5.4   5.3   5.2   5.2   5.2   5.4   5.5   5.5   5.3   5.6   5.2   5.2   5.2   5.4   5.3   5.6   5.4   5.2   5.4   5.4   5.3   5.3   5.4   5.3   5.4   5.3   5.4   5.3   5.4   5.3   5.3   5.5   5.2   5.5   5.4   5.3   5.4   5.3   5.4   5.4   5.3   5.4   5.5   5.3   5.4   5.5   5.3   5.5   5.2   5.4   5.3   5.6   5.4   5.5   5.2   5.3   5.3   5.4   5.6   5.3   5.4   5.3   5.3   5.3   5.3   5.2   5.6   5.4   5.5   5.4   5.2   5.3   5.6   5.5   5.4   5.2   5.3   5.4   5.5   5.5   5.6   5.2   5.3   5.6   5.3   5.4   5.6   5.3   5.3   5.3   5.2    
5.2   5.6   5.4   5.5   5.3   5.2   5.4   5.6   5.2   5.5   5.4   5.4   5.3   5.2   5.2   5.6   5.6   5.5   5.5   5.5   5.6   5.3   5.6   5.2   5.3   5.4   5.6   5.4   5.5   5.4   5.2   5.6   5.4   5.3   5.4   5.3   5.3   5.4   5.5   5.3   5.5   5.2   5.4   5.3   5.5   5.2   5.2   5.5   5.5   5.5   5.4   5.5   5.4   5.5   5.5   5.5   5.4   5.2   5.2   5.2   5.4   5.4   5.6   5.2   5.3   5.6   5.5   5.4   5.6   5.4   5.6   5.5   5.2   5.3   5.5   5.4   5.6   5.4   5.2   5.6   5.3   5.4   5.4   5.2   5.4   5.2   5.5   5.2   5.3   5.3   5.2   5.5   5.3   5.4   5.5   5.3   5.5   5.3   5.3   5.4    
5.6   5.3   5.4   5.3   5.5   5.4   5.3   5.5   5.6   5.6   5.4   5.2   5.5   5.6   5.5   5.5   5.4   5.4   5.3   5.5   5.3   5.2   5.4   5.5   5.5   5.3   5.4   5.4   5.5   5.4   5.2   5.6   5.2   5.5   5.6   5.3   5.5   5.5   5.5   5.6   5.5   5.5   5.5   5.6   5.3   5.2   5.3   5.3   5.6   5.4   5.6   5.3   5.2   5.4   5.4   5.5   5.3   5.4   5.5   5.3   5.2   5.3   5.6   5.4   5.5   5.2   5.5   5.2   5.3   5.2   5.3   5.4   5.5   5.5   5.2   5.4   5.3   5.5   5.5   5.2   5.4   5.2   5.2   5.6   5.4   5.3   5.2   5.5   5.5   5.3   5.6   5.5   5.3   5.5   5.5   5.3   5.5   5.6   5.2   5.6    
5.3   5.5   5.5   5.5   5.5   5.2   5.3   5.3   5.4   5.4   5.3   5.2   5.3   5.3   5.2   5.3   5.3   5.6   5.5   5.6   5.5   5.3   5.4   5.3   5.5   5.3   5.4   5.3   5.5   5.5   5.4   5.2   5.3   5.3   5.5   5.2   5.4   5.4   5.3   5.3   5.3   5.5   5.4   5.5   5.4   5.5   5.3   5.6   5.5   5.3   5.5   5.5   5.3   5.3   5.5   5.5   5.4   5.3   5.2   5.3   5.4   5.4   5.3   5.6   5.6   5.3   5.4   5.4   5.4   5.4   5.6   5.3   5.5   5.2   5.4   5.3   5.6   5.3   5.2   5.6   5.5   5.3   5.5   5.4   5.3   5.5   5.3   5.3   5.6   5.3   5.4   5.3   5.3   5.2   5.2   5.4   5.6   5.3   5.6   5.4    
5.3   5.5   5.3   5.6   5.3   5.2   5.3   5.3   5.2   5.6   5.2   5.2   5.5   5.6   5.6   5.3   5.3   5.5   5.3   5.3   5.6   5.3   5.4   5.5   5.3   5.3   5.2   5.4   5.6   5.5   5.5   5.3   5.6   5.5   5.6   5.6   5.4   5.2   5.5   5.4   5.6   5.5   5.4   5.5   5.5   5.4   5.6   5.4   5.6   5.4   5.2   5.5   5.2   5.2   5.6   5.5   5.4   5.5   5.5   5.4   5.4   5.3   5.2   5.3   5.5   5.5   5.3   5.4   5.3   5.6   5.4   5.4   5.5   5.6   5.5   5.3   5.3   5.5   5.5   5.4   5.5   5.3   5.4   5.3   5.6   5.5   5.5   5.5   5.4   5.2   5.5   5.5   5.4   5.3   5.4   5.4   5.4   5.4   5.5   5.5    
5.3   5.5   5.5   5.5   5.5   5.2   5.4   5.2   5.6   5.5   5.4   5.4   5.6   5.3   5.4   5.5   5.3   5.4   5.2   5.6   5.2   5.4   5.6   5.5   5.4   5.4   5.3   5.3   5.5   5.5   5.4   5.2   5.5   5.4   5.4   5.3   5.6   5.5   5.5   5.2   5.3   5.5   5.5   5.5   5.4   5.4   5.5   5.2   5.4   5.2   5.5   5.4   5.3   5.5   5.3   5.2   5.2   5.3   5.3   5.2   5.4   5.4   5.3   5.6   5.6   5.3   5.3   5.3   5.4   5.4   5.3   5.6   5.3   5.5   5.5   5.5   5.5   5.2   5.4   5.5   5.5   5.5   5.3   5.6   5.5   5.4   5.5   5.5   5.6   5.3   5.2   5.2   5.5   5.5   5.3   5.3   5.2   5.3   5.2   5.3    

Ha by Parcels
6   6   7   7   7   7   5   5   5   

Cost of m3 in each parcel
2.2   2.06   2.01   2.13   1.87   1.9   1.98   2.14   1.94   