588
42
9
348000
[[0,0,0,0,0,0,0,0,0],
[0,0,0,0,0,0,0,0,0],
[0,0,0,0,0,0,0,0,0],
[0,0,0,0,0,0,0,0,0],
[0,0,0,0,0,0,0,0,0],
[0,0,0,0,0,0,0,0,0],
[12.15,2.18,0.01,6.41,1.6,3.7,1.38,0.91,0.03],
[0.18,2.9,3.84,0.08,0.11,7.84,1.84,4.03,19.97],
[0.27,0.08,3.38,5.41,0.02,5.41,4.84,0.03,5.51],
[7.41,4.62,4.77,9.37,3.08,7.72,9.03,4.62,2.67],
[1.73,4.47,12.15,4.65,11.19,34.53,4.65,1.51,1.25],
[7.24,1.71,2.47,4.79,0.86,4.1,3.21,2.02,12.83],
[0.15,2.31,2.41,3.23,0.11,4.49,2.46,2.95,9.99],
[6.07,2.73,8.11,5.11,1.91,13.07,4.84,3.35,2.9],
[3.71,9.09,6.21,13.75,5.6,17.28,13.44,2.33,1.39],
[5.81,1.57,1.8,4.04,0.58,3.34,2.55,2.06,8.72],
[4.39,2.51,5.41,3.44,1.29,8.76,3.63,6.28,7.88],
[4.28,7.78,6.41,9.26,3.73,13.99,9.1,2.27,2.26],
[10.05,2.02,4.06,4.77,1.74,7.7,4.08,5.26,8.24],
[3.61,5.87,4.86,7.09,2.86,11,8.05,5.09,5.91],
[9.01,5.2,3.9,8.7,2.59,9.15,8.65,4.7,6.69],
[0,0,0,0,0,0,0,0,0],
[0,0,0,0,0,0,0,0,0],
[0,0,0,0,0,0,0,0,0],
[0,0,0,0,0,0,0,0,0],
[0,0,0,0,0,0,0,0,0],
[0,0,0,0,0,0,0,0,0],
[0,2.21,6.3,0.17,0.02,0.05,0,7.84,20.93],
[1.36,7.57,0.37,21.91,0.21,0.9,0.03,4.71,0.16],
[0.31,20.48,0.59,21.85,1.41,0.77,0.09,0.08,0.07],
[20.74,12.85,0.14,15.85,21.71,3.73,0.95,0.06,0.64],
[0.45,13.62,1.25,15.9,13.47,0.01,0.4,3.05,12.95],
[0.94,9.24,3.43,13.44,0.11,0.78,0.02,4.32,12.83],
[0.68,10.4,0.33,14.59,0.72,0.56,0.05,2.79,0.08],
[12.34,11.41,0.3,12.72,19.11,1.87,0.89,0.05,0.62],
[16.16,8.83,1.2,10.58,12.05,2.36,1.31,1.79,7.14],
[0.66,8.57,3.01,10.39,0.5,0.53,0.03,2.9,9.72],
[10.9,8.03,0.22,12.67,14.52,1.75,0.66,2.16,0.41],
[14.42,11.55,0.81,12.67,12.75,1.65,1.55,1.44,4.84],
[9.44,7.93,2.37,10.74,11.84,1.7,0.53,2.25,8.8],
[14.9,8.68,0.7,11.38,10.92,1.84,1.36,2.16,3.83],
[14.16,7.87,2.06,9.69,9.59,1.96,1.21,2.46,8.43],
[0,0,0,0,0,0,0,0,0],
[0,0,0,0,0,0,0,0,0],
[0,0,0,0,0,0,0,0,0],
[0,0,0,0,0,0,0,0,0],
[0,0,0,0,0,0,0,0,0],
[0,0,0,0,0,0,0,0,0],
[2.16,6.99,7.26,0.68,8.45,0.1,5.85,0.4,1.69],
[6.66,3.7,11.05,7.88,6.48,22.92,26.57,0,0.21],
[34.2,11.71,0.41,0.48,31.68,8.41,0.01,11.19,0.1],
[11.52,27.45,12.8,2.88,0,4.09,15.13,10.04,0.08],
[0.13,0.05,5.88,4.44,34.2,2.1,8.32,1.84,2.6],
[3.35,3.74,6.23,4.16,14.88,14.33,13.3,0.28,0.87],
[17.18,5.89,9.07,6.87,15.89,11.63,18.01,7.55,0.11],
[17.25,14.16,7.28,1.46,21.01,4.42,9.87,7.08,0.17],
[6.96,17.52,6.67,7.26,22.91,6.08,8.15,5.05,2.08],
[12.9,7.06,6.08,5.39,14.31,9.57,12.56,6.61,0.68],
[11.51,10.4,8.13,4.63,14.73,9.17,14.24,5.46,0.13],
[11.5,11.68,4.88,5.49,21.97,4.62,6.63,4.79,1.92],
[9.67,8.83,6.33,4.05,12.66,9.05,10.79,5.05,0.65],
[8.64,10.23,6.41,5.64,16.49,9.82,11.36,4.27,1.48],
[7.79,8.6,5.25,4.69,15.71,10.61,9.29,4.35,1.99],
[0,0,0,0,0,0,0,0,0],
[0,0,0,0,0,0,0,0,0],
[0,0,0,0,0,0,0,0,0],
[0,0,0,0,0,0,0,0,0],
[0,0,0,0,0,0,0,0,0],
[0,0,0,0,0,0,0,0,0],
[3.59,4.71,12.6,6.66,9.42,2.95,2.25,14.63,16.3],
[0.06,0.01,14.63,5.41,6.85,1.79,5.25,0.17,22.51],
[9.77,1.36,18.48,10.35,1.75,1.98,1.2,0.44,28.88],
[8.16,1.01,29.95,8.08,2.38,5.58,5.64,2.08,13.06],
[0.91,0.76,17.76,3.43,21.52,1.79,4.12,0.02,7.18],
[2.12,3.27,9.1,4.05,5.49,1.63,7.29,8.81,13.1],
[7.07,0.85,11.11,15.5,3.42,3.76,2.63,0.23,17.26],
[6,0.8,16.6,6.19,4.11,2.82,6.3,1.04,15.01],
[7.87,1.76,16.43,11.19,11.16,7.01,3.29,1.54,7.04],
[4.95,2.25,10.37,10.33,3.84,2.57,5.29,7.25,15.06],
[4.95,0.6,14.94,10.34,3.48,2.99,4.5,0.8,12.81],
[5.65,1.19,13.07,7.71,7.76,4.86,4.2,1.08,12.13],
[4.01,1.89,12.06,7.75,4.47,2.39,5.09,5.45,11.65],
[4.58,0.9,11.89,9.04,7.44,3.96,3.4,1,10.47],
[4.11,2.21,10.5,7.26,6.66,3.51,4.23,4.39,10.56],
[0,0,0,0,0,0,0,0,0],
[0,0,0,0,0,0,0,0,0],
[0,0,0,0,0,0,0,0,0],
[0,0,0,0,0,0,0,0,0],
[0,0,0,0,0,0,0,0,0],
[0,0,0,0,0,0,0,0,0],
[1.9,0.77,0.08,13.83,3.65,23.05,1.9,10.26,0.34],
[2.42,20.93,2.18,24.71,4.26,8.36,7.64,4.12,13.36],
[0.28,15.07,4.96,0,4,12.45,0.33,0.02,0.88],
[0,0.36,20.48,3.48,8.16,0.19,0.03,3.2,12.45],
[4.9,0.19,1.22,5.31,0.21,3.33,0.04,6.88,11.91],
[1.45,11.79,1.8,13.37,2.64,11.69,3.82,5.25,7.71],
[1.25,12.16,2.57,16.57,8.27,7.07,4.26,2.95,7.21],
[0.18,11.84,10.24,2.29,4.3,9.46,0.31,1.98,11.1],
[3.23,0.54,11.14,8.73,6.46,1.81,0.02,3.59,8.12],
[0.97,8.49,1.85,11.12,5.52,12.91,2.88,3.59,5.99],
[0.85,9.49,7.95,11.06,5.86,6.38,2.91,2.49,9.12],
[2.94,10.17,7.51,7.79,4.31,6.37,0.21,2.41,7.71],
[0.73,7.2,6.77,8.38,4.4,12.91,2.23,3.56,7.1],
[2.36,8.26,6.92,10.7,4.87,4.87,2.27,3.25,7.46],
[2.15,6.61,6.53,8.85,3.92,10.39,1.88,3.55,6.34],
[0,0,0,0,0,0,0,0,0],
[0,0,0,0,0,0,0,0,0],
[0,0,0,0,0,0,0,0,0],
[0,0,0,0,0,0,0,0,0],
[0,0,0,0,0,0,0,0,0],
[0,0,0,0,0,0,0,0,0],
[1.36,8.99,4.29,0,1.77,3.56,0.01,3.84,1.16],
[7.18,39.78,17.82,2.02,7.41,0.07,4.03,4.65,9.95],
[26.72,16.19,0.47,4.44,16.02,0.1,0.03,1.73,5.88],
[0.57,2.81,0.22,1.14,22.78,9.25,0.98,0.01,17.94],
[10.04,23.39,1.04,6.2,3.56,1.05,2.78,3.62,0],
[3.61,19.91,8.91,1.31,3.71,2.75,2.85,2.84,5.14],
[13.37,20.4,10.26,2.31,8.36,0.16,2.92,2.36,5.45],
[20.8,17.16,0.68,2.22,13.13,5.6,0.56,1.06,9.03],
[5.47,12.06,1.16,6.66,11.56,8.94,1.41,2.56,12],
[9.52,13.61,6.97,1.56,5.93,2.46,3.08,2.04,3.66],
[14.39,16.14,6.96,1.55,10.11,3.88,1.97,1.58,10.37],
[14.31,14.27,1.67,4.6,8.75,8.08,0.94,1.89,8.08],
[12.28,12.3,5.38,1.18,7.58,3.79,2.32,1.56,8.29],
[10.98,16.06,5.39,3.85,7.64,6.72,2.39,2.58,10.84],
[9.85,12.85,4.4,3.27,6.11,5.62,2.94,2.18,9.62],
[0,0,0,0,0,0,0,0,0],
[0,0,0,0,0,0,0,0,0],
[0,0,0,0,0,0,0,0,0],
[0,0,0,0,0,0,0,0,0],
[0,0,0,0,0,0,0,0,0],
[0,0,0,0,0,0,0,0,0],
[30.81,13.47,8.57,1.39,4.65,0,0.55,0.53,2.12],
[2.51,0.2,1.55,1.38,2.44,0.59,24.36,3.65,24.43],
[0.97,0.49,5.78,4.06,0.32,20.03,1.66,4.41,0],
[0,3.33,3.67,0.2,6.66,13.21,0,0.03,12.75],
[5.75,15.4,5.45,1.34,19.1,0.19,1.67,0.06,8.95],
[16.35,10.2,4.32,2.77,6.98,0.41,19.05,1.86,12.9],
[1.28,0.25,6.88,2.05,2.43,16.05,13.11,2.7,16.13],
[0.61,3.4,3.23,3.44,3.68,11.32,1.16,3.2,8.62],
[3.94,7.71,3.1,0.68,9.65,7.87,1.17,0.03,7.34],
[12.48,7.14,5.43,2.2,7.36,12.76,15.23,1.81,12.41],
[0.85,2.46,4.59,2.34,3.04,10.78,9,2.23,12.66],
[2.63,5.33,3.88,2.31,6.48,7.67,2.33,2.29,5.92],
[10,5.94,4.09,2.11,5.8,9.57,12.48,1.74,10.21],
[2.85,4,5.77,1.76,6.14,8.09,6.98,1.75,10.43],
[8.64,7.66,4.82,1.72,9.2,7.75,9.98,1.48,9.24],
[0,1.79,1.69,25.06,3.08,11.47,8.24,3.43,0.1],
[11.52,1.77,1.3,8.32,8.36,1.53,2.74,0,19.66],
[3.25,9.77,6.2,4.29,9.12,9.55,0.22,0.03,0.19],
[8.32,1.25,2.02,24.29,2.9,2.69,5.61,0.08,4.74],
[1.11,0.1,1.28,4.47,1.45,9.42,2.6,4.81,1.81],
[0.87,30.11,1.53,0.08,0.77,8.45,19.34,7.33,1.3],
[5.92,2.65,2.11,12.57,4.14,4.81,3.87,3.49,9.82],
[5.02,4.03,3.6,7.44,5.93,6.03,1.38,2.92,9.37],
[3.86,7.53,3.87,10.45,4.19,5.79,2.99,0.04,2.37],
[11.97,5.93,1.65,9.73,8.31,4.16,3.42,2.59,3.17],
[0.73,10.48,4.47,7.81,8.94,11.52,7.7,5.52,4.74],
[5.04,4.39,2.72,9.55,4.31,5.92,2.96,2.81,11.17],
[4.69,5.11,2.8,9.32,4.2,4.39,2.35,2.29,6.57],
[9.56,6.01,3.88,7.17,9.23,6.16,2.39,1.72,2.04],
[8.55,9.8,3.12,10.16,7.07,8,6.78,3.44,3.79],
[5.07,4.36,2.56,10.31,3.6,4.79,3.04,2.24,9.13],
[9.53,4.56,2.96,7.37,8.24,4.81,2.13,3.81,5.57],
[8.84,8.64,3.67,9.41,7.32,7.44,4.92,2.49,3.18],
[10.5,4.43,3.01,8.55,7.52,5.06,2.78,3.34,8.73],
[9.72,6.92,3.06,8.46,6.81,6.46,4.23,3.78,5.23],
[11.54,6.46,2.93,9.41,6.35,6.33,4.51,3.4,7.43],
[2.16,0.12,0.12,6.55,31.68,0.06,0.01,2.1,26.86],
[8.4,2.25,0.27,4.59,6.73,0.09,5.61,13.11,0.48],
[0.72,10.08,4.81,0.07,0.26,12.55,8.78,1.98,0.03],
[30.89,22.78,13.01,31.76,24.5,2.31,7.53,2.74,0.17],
[5.71,16.42,0.12,0,0.07,2.6,4.5,1.6,2.21],
[7.33,0.02,0.94,3.38,3.67,9.99,0.02,2.74,0.25],
[3.9,3.63,4.64,3.97,14.09,0.05,2.81,7.03,10.9],
[3.38,4.22,4.27,10.9,3.84,9.69,8.93,5.78,0.17],
[15.2,11.16,5.94,13.25,16,7.33,5.46,3.77,0.07],
[12.42,13.52,6.09,11.46,11.76,4.24,5.42,3.39,0.84],
[4.52,7.47,2.44,7.32,16.34,4.5,3.56,3.05,5.35],
[2.54,5.31,3.98,8.69,11.08,6.86,5.36,4.64,6.93],
[11,7.15,5.61,12.9,10.97,6.39,7.97,4.89,0.14],
[12.19,10.63,5.02,7.96,18.23,5.49,5.16,2.92,0.51],
[9.27,10.56,4.34,10.82,14.71,6.02,3.82,2.84,3.82],
[8.75,7.12,4.76,10.78,13.03,5.23,5.81,4.91,5.1],
[10.58,7.93,4.45,9.7,15,6.13,6.44,4.04,0.44],
[11.12,10.19,3.91,9.9,15.4,6.14,4,2.92,2.95],
[9.49,7.46,4.34,9.05,15.21,5.75,5.07,4.07,4.37],
[10.6,8.43,3.94,9.72,13.1,7.21,5.69,3.74,2.44],
[10.22,7.49,3.79,8.87,13.69,7.16,4.8,4.01,4.9],
[9.95,1.07,0.1,0.02,1.71,7.22,2.02,20.16,24.78],
[0.04,0.31,1.36,3.64,2.16,1.66,5.48,0,0.13],
[6.85,6.59,0.44,5.71,13.62,4.68,26.06,0.17,23.46],
[0.01,4.09,31.44,0.02,10.63,4.59,16.76,12.95,0.71],
[0.19,17.82,11.86,1.02,22.78,5.02,4.71,1.02,6.23],
[0.77,23.6,10.22,0.57,32.64,25.28,7.53,0.04,3.23],
[3.36,4.32,6.98,3.16,7.24,3.65,5.06,8.42,9.55],
[3.2,2.86,9.12,7.51,5.26,8.36,11.88,0.09,10.92],
[15.71,4.41,12.86,4.46,11.17,3.46,14.51,5.57,12.33],
[6.58,10.29,15.03,3.78,11.55,3.22,7.54,5.15,4.83],
[0.38,14.01,7.89,3.14,18.72,10.1,4.2,0.73,3.34],
[4.25,3.96,6.44,4.61,8.2,6.6,8.36,5.26,11.56],
[10.05,2.77,11.76,10.1,7.8,6.26,11.39,3.77,7.83],
[9.88,7.5,10.09,3.77,11.31,3.24,9.76,3.57,8.89],
[5.95,11.03,11.16,7.56,13.99,6.99,6.03,3.16,3.65],
[8.71,4.15,9.19,7.41,7.98,5.76,8.7,6,9.4],
[7.32,5.73,10.46,7.37,9.01,5.25,8.82,2.85,6.89],
[7.5,8.83,8.99,6.23,12.81,5.96,8.05,2.72,6.81],
[6.85,5.66,8.59,5.88,8.74,5.15,7.3,4.79,8.22],
[5.95,7.25,9.28,7.31,10.64,6.93,7.79,2.46,5.73],
[5.79,6.82,8.01,6,10.2,6.58,6.69,4.05,7.02],
[1.14,0.16,8.95,2.71,3,12.55,0.46,0.97,8.41],
[4.87,11.91,0.72,21.65,10.53,8.86,4.84,2.58,0.3],
[0.16,1.08,2.25,6.99,2.06,1.57,2.98,10.35,0.29],
[4.81,2.81,0.33,34.69,4.47,0.76,1.45,16.19,15.18],
[0.41,10.76,0.14,1.39,5.22,13.47,0.99,0.63,10.53],
[14.53,21.06,7.49,8.86,3.59,10.13,0.7,10.72,8.32],
[2.05,4.3,4.99,8.34,4.74,8.72,1.77,9.41,6.47],
[1.96,7.95,5.68,10.71,4.25,3.88,6.86,5.31,11.96],
[3.88,5.54,7.96,15.59,4.02,4.83,1.94,8.89,11.8],
[3.12,4.55,16.82,12.19,3.52,5.36,1.9,5.63,8.57],
[5.24,10.64,7.26,3.45,7.27,9.53,1.39,5.06,6.38],
[1.59,6.55,5.24,6.98,3.25,5.55,5.15,7.87,8.88],
[3.34,6.32,5.47,13.83,4.68,4.78,4.51,6.49,10.81],
[2.56,6.08,10.85,9.68,3.47,5.63,2.89,5.51,10.45],
[4.78,7,11.6,9.09,7.25,7.51,1.4,6.41,6.9],
[2.55,5.33,5.57,10.29,4.16,6.67,4.21,8.1,9.06],
[2.53,6.26,9.82,10.09,4.14,5.42,3.78,4.72,9.41],
[3.94,7.45,8.89,8.26,5.53,6.31,2.16,6.06,8.83],
[2.11,5.39,8.63,8.17,3.94,6.96,3.52,6.51,8.44],
[3.61,7.25,8.48,8.87,5.47,5.91,3.07,5.59,8.25],
[3.06,6.32,7.75,7.53,4.85,6.85,3.06,6.53,7.69],
[1.22,2.4,4.93,10.53,0.13,11.66,0,25.63,2.12],
[2.08,29.41,0.02,0.19,0.88,10.72,2.38,0.01,9.72],
[7.8,29.8,6.77,9.72,2.55,0.41,0.62,16.7,13.62],
[8.45,5.99,17.17,27.6,19.41,20.1,2.31,8.49,0.11],
[13.26,22.31,0.73,5.38,10.4,3.54,0.5,1.53,1.07],
[7.22,0.11,0.59,6.13,3.23,0.94,4.74,33.21,20.22],
[1.11,11.35,2.18,5.93,2.09,8.88,1.06,8.81,3.99],
[3.5,20.24,7.68,10.11,4.97,5.37,4.79,5.57,7.82],
[9,11.93,9.39,13.16,7.99,8.56,1,8.75,4.94],
[7.34,9.62,8.7,11.1,10.55,9.9,1.16,3.94,10.44],
[11.65,12.11,1.19,3.84,5.46,1.6,2.33,11.67,9.07],
[2.43,12.83,5.74,8.22,3.1,5.79,3.04,8.7,5.19],
[6.01,13.41,8.04,11.76,6.88,7.6,3.86,5.3,5.12],
[9.33,11.8,6.68,9.42,6.98,9.3,0.95,5.74,9.75],
[9.17,8.79,5.34,7.89,7.23,6.24,1.87,9.01,10.33],
[4.5,10.03,6.57,9.91,4.99,7.47,3.1,7.52,4.14],
[7.49,12.8,7.57,9.17,6.91,8.17,2.83,4.11,8.48],
[8.88,10.62,4.87,7.72,5.77,7.49,1.46,8.85,10.02],
[6.15,10.34,6.81,8.3,5.39,8.47,2.5,6.15,6.84],
[7.31,12.04,6.02,7.81,5.78,7.08,3.08,6.88,9.05],
[6.15,10.08,5.75,7.35,4.75,7.81,2.89,8.05,7.63],
[2.06,11.42,3.67,4.18,13.06,5.22,15.02,9.5,0.01],
[8.69,7.33,1.13,10.67,0.02,17.23,9.12,0.16,0.23],
[16.36,16.36,3.67,9.12,1.66,13.26,15.4,19.91,1.71],
[0.02,0.46,1.38,9.68,10.76,0.27,7.84,1.1,13.57],
[0.92,17.46,0.07,2.55,16.59,0,3.05,0.98,16.99],
[0.04,21,9.5,0.07,4.77,1.94,4.5,9.9,1.31],
[11.11,13.66,5.76,5.17,4.47,8.09,8.11,3.47,1.15],
[11.38,13.62,6.58,7.72,3.62,10.34,9.6,6.7,11.57],
[11.77,7.45,2.18,9.1,6.11,8.33,8.1,7.1,6.12],
[0.39,5.98,1.44,4.14,9.92,7.52,3.77,0.71,10.26],
[5.48,12.96,3.48,3.09,8.15,0.71,3.98,4.08,7.61],
[10.04,12.32,5.37,6.26,5.96,8.03,9.35,6.08,7.25],
[8.99,8.29,6.86,7.63,4.55,10.01,7.33,4.35,9.99],
[9.14,8.27,1.63,6.25,7.01,7.44,5.47,4.52,7.11],
[3.88,7.92,2.76,4.59,8.61,6.95,4,2.83,7.91],
[10.48,9.15,5.49,6.29,5.8,9.78,7.85,4.53,7.58],
[7.77,8.42,4.95,5.99,5.81,8.21,5.76,3.33,9.88],
[7.53,8.91,2.53,5.25,6.53,6.86,5.41,5.11,6],
[10.35,9.16,4.29,5.24,6.7,7.99,6.64,3.68,8.23],
[6.87,8.94,5.18,5.31,6.12,7.37,5.44,4.17,9.46],
[8.68,9.41,4.58,4.95,7.16,7.1,6.08,4.27,8.58],
[1.49,0.97,0.91,12.53,16.59,7.13,5.32,5.48,16.9],
[6.72,1.35,1.44,4.49,5.06,1.32,8.18,8.76,11.38],
[3.67,6.62,3.7,3.28,5.23,7.43,5.07,1.5,0.1],
[15.45,12.46,6.6,18.85,12.65,1.67,4.43,2.2,2.68],
[6.23,10.15,0.67,2.92,1.22,11.31,2.45,2.42,1.34],
[3.79,20.55,0.85,2.65,1.84,6.17,13.3,3.73,0.65],
[4.95,3.02,2.8,7.76,8.81,3.65,6.24,6.98,11.95],
[4.38,3.24,4.37,6.58,4.86,8.36,6.17,5.24,5.95],
[9.9,7.76,4.38,9.04,10.13,6.13,4.24,2.27,1.49],
[9.68,9.06,4.85,8.75,8.26,5.28,5.09,3.91,1.92],
[4.01,12.4,3.9,6.77,12.25,10.47,6.42,3.71,3.47],
[4.04,3.75,3.26,7.24,7.75,7.29,5.36,4.94,9.55],
[7.93,5.32,4.43,9.03,7.6,5.83,6.04,3.93,4.39],
[10.3,7.39,5.16,6.52,11.9,6.85,4.45,2.85,1.32],
[7.15,10.87,4.29,10.28,10.82,8.24,6.65,3.51,2.89],
[7.52,4.99,3.57,8.86,8.65,5.66,5.36,4.21,7.56],
[9.22,5.74,4.37,7.11,10.05,6.3,5.24,4.28,3.63],
[9,9.21,4.26,9.17,10.83,7.73,5.79,2.89,2.55],
[9.6,5.38,3.95,7.39,10.3,6.07,4.92,4.25,6.57],
[8.76,7.58,4.01,8.32,9.34,7.8,6.05,3.92,3.82],
[9.76,6.88,3.62,8.36,9.65,7.57,5.66,3.98,5.91],
[11.16,1.02,0.21,4.12,17.35,5.3,1.44,10.5,17.23],
[5.22,2.26,1.5,2.76,3.39,0.91,3.7,8.65,0.24],
[3.56,5.68,2.53,3.43,10.51,6.38,13.14,1.05,15.11],
[20.21,11.48,16.15,21.69,12.66,6.77,8.7,6.49,0.35],
[3.24,11.42,7.2,0.71,14.4,2.67,3.07,0.9,8.09],
[6.99,15.33,5.37,1.71,16.91,12.92,4.78,2.08,2.92],
[6.57,3.96,5.79,3.72,10.58,2.7,3.06,7.67,10.55],
[3.61,3.23,5.62,8.9,5.57,6.25,7.22,4.08,7.61],
[14.23,7.21,8.78,10.09,11.28,5.63,8.89,3.6,8.08],
[9.57,9.19,9.68,8.98,11.46,3.95,4.73,3.21,4.02],
[4.09,11.15,5.06,5.18,14.11,6.24,3.29,1.89,4.83],
[5.1,4.81,4.89,6.66,9.85,5.39,5.23,5.26,10.43],
[10.71,5.07,7.57,11.94,8.21,5.67,7.13,4.42,5.34],
[10.05,7.54,7.29,6.53,12.54,4.2,6.32,2.49,7.08],
[7.76,10.05,7.41,9.8,12.01,5.73,4.23,2.81,4.16],
[9.94,5.6,6.7,9.71,9.95,5.29,5.56,5.14,8.63],
[8.95,5.92,6.98,9.03,10.58,4.87,5.83,3.39,5.41],
[8.72,8.92,6.29,8.4,12.24,5.41,5.59,2.57,6.04],
[8.87,6.03,6.31,8.03,11.05,4.86,4.84,4.18,7.94],
[8.31,7.45,6.27,8.85,10.73,5.79,5.5,3.26,5.1],
[8.46,7.04,5.83,7.87,11.1,5.7,4.72,3.92,7.05],
[5.15,0.54,6.65,2,4.65,6.83,1.01,17.03,12.5],
[2.96,6.86,0.73,10.94,5.28,9.57,10.31,1.76,0.16],
[5.37,6.89,2.46,12.68,6.92,5.97,13.49,7.89,14.1],
[3.37,6.86,19.04,22.61,14.66,4.81,8.86,9.77,8.41],
[0.59,9.82,7.14,2.41,11.4,6.84,2.36,1.63,5.78],
[7.97,14.91,5.97,4.79,16.94,12.94,3.96,6.73,4.24],
[3.3,4,5.31,5.18,5.08,7.07,4.96,10.24,5.8],
[4.34,6,6.24,9.45,5.15,6.91,9.52,4.27,9.91],
[9.52,5.68,10.91,15.12,8.99,4.59,9.14,7.6,11.4],
[4.2,8.23,13.22,10.48,10.53,4.66,4.61,5.39,5.68],
[3.59,9.92,5.8,3.06,11.37,8.11,2.56,4.48,4.39],
[4.06,5.45,5.71,6.41,5.8,7.09,6.55,8.4,9.34],
[6.73,5.47,8.79,12.43,6.98,6.26,8.34,6.03,8.52],
[6.22,7.78,9.27,10.08,8.8,4.65,6.32,5.4,8.96],
[4.75,9.04,9.76,8.25,10.82,6.3,3.87,5.36,4.98],
[5.94,5.31,7.82,9.54,6.89,7.22,6.41,8.14,8.47],
[5.07,6.9,9.01,9.48,7.36,6.09,6.5,4.71,7.29],
[5.99,8.8,7.84,8.41,9.51,5.77,5.32,5.49,7.31],
[4.78,6.1,8.05,7.84,7.08,7.24,5.39,6.75,7.52],
[5.14,7.92,7.98,8.24,8.23,6.63,5.68,5.14,6.44],
[4.9,6.95,7.36,7.08,7.83,7.55,4.91,6.59,6.77],
[0.79,1.29,4.82,5.27,2.5,8.08,0.33,14.42,4.2],
[2.51,15.07,0.41,13.22,5.58,6.56,2.55,1.83,7.83],
[6.06,16.8,3.41,5.65,4.61,1.86,1.49,9.27,10.6],
[13.08,3.13,13.25,20.9,9.71,11.3,1.29,8.64,9.35],
[7.55,11.72,0.8,2.69,5.5,6.74,1.47,0.79,9.97],
[7.67,13.12,3.98,5.08,6.81,9.43,2.41,16.71,10.38],
[1.51,7.77,3.99,7.49,3.23,5.95,1.16,8.21,5.65],
[3.55,12.93,7.58,8.65,4.39,3.59,4.94,4.45,9.21],
[7.81,8.04,10.13,12.49,5.76,6.69,1.26,7.2,8.99],
[9.13,6.23,11.67,9.71,6.88,7.3,1.94,3.78,8.87],
[7.4,11.23,4.59,3.38,8.18,6.77,2.56,7.05,8.18],
[2.47,9.07,5.96,6.76,3.41,4.26,3.96,7.73,6.85],
[5.53,9.05,8.38,11.22,5.18,5.83,3.64,4.99,8.18],
[7.84,8.09,8.48,8.5,5.51,6.52,2.18,4.7,10.17],
[8.01,7.8,8.42,7.86,7.54,7.06,2.07,6.56,8.24],
[4.24,7.19,7.06,9.12,4.27,5.82,3.6,7.21,6.8],
[6.19,8.75,9.07,8.65,5.4,6.05,3.13,3.77,8.9],
[7.2,8.78,7.15,7.23,6.34,6.46,2.07,6.49,9.78],
[5.18,7.42,7.83,7.55,4.75,6.13,3.08,5.82,7.85],
[6.02,9.29,7.7,7.67,5.88,6.12,3,5.39,8.81],
[5.19,7.98,6.92,6.93,5.18,6.2,3.12,6.76,8.09],
[3.24,5.73,8.57,5.39,7.92,16.45,10.14,13.02,1.52],
[10.02,14.71,0.66,8.18,0.52,9.57,10.76,0.14,7.64],
[8.58,16.05,3.64,6.28,1.44,7.55,8.62,12.25,13.44],
[5.37,3.19,15.61,13.96,10.48,15.14,3.93,4.36,9.92],
[7.12,13.36,0.69,2.82,9.24,2.27,1.54,0.86,9.2],
[4.5,15.06,5.15,4.57,7.95,1.02,3.08,16.65,10.92],
[7.2,10.41,5.17,5.87,3.46,10.97,8.63,5.52,3.91],
[7.93,12.41,4.93,9.6,3.47,7.88,7.76,5.17,9.75],
[7.69,7.72,7.72,9.21,4.9,9.19,5.07,6.67,9.5],
[5.03,6.66,6.82,6.81,7.91,10.34,2.27,2.37,8.82],
[8.68,11.49,2.34,3.08,7.15,1.42,2.52,7.07,8.06],
[6.65,10.66,5.31,7.43,4.39,9.08,7.63,6.55,6.47],
[7.31,8.64,7.47,9.5,4.96,9.29,5.87,4.32,8.6],
[7.27,8.22,5.19,7.07,5.48,8.65,3.58,4.7,8.89],
[7.33,8.09,5.64,5.43,7.09,7.02,2.57,5.65,8.4],
[7.23,8.35,7,7.94,5.37,9.75,6.26,5.56,6.54],
[7.19,8.82,6.33,7.51,5.3,8.29,4.56,3.46,8.91],
[7.45,8.91,4.81,6,5.49,6.91,3.5,6.46,8.61],
[7.62,8.47,6.22,6.69,5.59,8.91,5.18,4.66,7.32],
[7.28,9.32,6.12,6.56,5.51,6.89,4.31,5.11,8.91],
[7.29,8.84,6.12,6.06,5.82,7.7,4.81,5.82,7.69],
[9.61,0.97,0.61,8.36,12.79,6.24,3.69,7.88,12.59],
[4.66,1.52,2.76,4.03,3.62,1.11,5.47,8.67,8.53],
[3.5,5.52,2.46,3.34,8.06,5.3,8.78,1.17,11.96],
[13.78,8.62,11.16,15.09,8.57,4.52,7.62,4.35,2.62],
[5.3,8.09,6.91,2,9.62,7.55,2.47,2.02,5.51],
[5.33,18.03,4.95,1.93,12.4,11.67,9.57,2.57,1.97],
[6.46,3.23,4.23,6.75,7.78,3.65,4.84,7.1,10.87],
[3.58,3.04,5.61,6.41,5.02,6.23,6.17,4.71,8.78],
[10.26,6.29,7.24,7.99,8.15,5,7.51,2.64,6.57],
[8.21,7.24,7.74,7.8,8.64,5.22,4.77,3.33,3.56],
[4.61,11.2,5.37,5.33,11.86,9.48,5.18,2.68,3.68],
[5.06,3.85,4.21,6.44,7.43,5.71,5.52,5.2,10.52],
[8.05,4.55,6.67,9.41,6.29,5.2,6.58,4.21,6.55],
[8.89,6.21,6.77,5.87,9.53,5.62,5.54,2.46,5.68],
[6.7,9.53,6.53,9.79,9.9,7.36,5.83,3,3.38],
[8.45,4.56,5.51,8.58,7.44,5.1,5.78,4.69,8.92],
[8,4.96,6.29,7.31,8.21,5.35,5.33,3.8,5.91],
[7.73,8.17,5.97,8.29,9.73,6.77,6.06,2.49,4.89],
[8.76,4.9,5.52,7.1,8.54,5.23,4.99,4.32,8.04],
[7.43,6.78,5.85,8.04,8.53,6.62,5.75,3.48,5.21],
[8.37,6.4,5.23,7.76,8.77,6.36,5.43,3.94,6.95],
[8.61,0.76,5.62,3.15,11.83,4.92,1,13.1,12.34],
[8.08,4.83,1,10.22,7.16,7.58,6.87,5.86,0.31],
[4.11,5.22,2.42,10.89,7.72,5.4,9,5.26,13.55],
[13.56,8.68,12.69,22.15,11.92,8.45,5.99,6.69,6.26],
[2.17,9.27,6.44,2.22,9.93,5.46,2.08,1.14,5.99],
[7.36,11.19,4.01,5.9,12.09,9,3.64,4.73,3.1],
[7.19,3.45,5.4,5.73,8.69,5.68,3.6,8.59,7.65],
[5.49,5.38,4.51,9.89,6.59,6.19,6.8,4.77,8.42],
[10.43,7.31,8.06,14.18,8.85,5.98,6.58,5.47,9.89],
[6.85,7.75,9.84,10.51,10.63,6.11,3.46,3.86,5.26],
[4.27,9.09,4.59,4.62,10.13,6.32,2.51,3.75,5.17],
[5.84,5.65,4.85,7.31,8.23,6.06,4.8,6.97,9.15],
[8.93,6.15,6.46,12.41,7.6,6.56,6.09,5.18,7.2],
[7.46,7.74,7.25,9.66,10.13,5.5,4.77,3.94,8.32],
[6.42,8.39,7.44,9.05,10.12,6.36,3.23,4.23,5.2],
[8.39,5.89,6.37,9.94,8.43,6.75,4.75,6.56,8.24],
[7.26,6.67,6.76,9.69,8.95,6.34,4.9,4.09,6.56],
[7.37,8.79,6.12,8.89,9.86,5.84,4.3,4.32,7.04],
[7.28,6.18,6.44,8.4,9.07,6.88,4.09,5.46,7.63],
[7.38,7.71,6.08,8.89,9,6.47,4.53,4.44,6.12],
[7.5,6.92,5.89,7.89,9.08,7,3.9,5.44,6.95],
[4.47,1.68,4.44,3.53,5.01,6.46,0.67,15.59,9.04],
[1.98,10.05,0.49,9.36,3.79,6.75,7.12,1.87,5.77],
[11.32,12.24,2.59,8.61,5.49,6.4,9.89,6.89,12.36],
[11.94,4.79,16.22,16.02,11.59,8.29,8.08,7.54,7.59],
[5.1,14.32,4.76,2.32,13.02,4.58,1.78,1.16,6.64],
[5.41,10.56,3.98,3.47,11.96,9.62,5.85,11.14,7.86],
[2.76,6.75,4.41,5.53,4.04,5.69,3.59,8.19,6.53],
[5.75,10.01,7.21,7.76,4.77,5.95,7.42,3.76,8.59],
[10.64,7.5,9.6,11.84,8.74,6.4,7.79,6.8,9.01],
[9.07,8.55,10.25,8.36,10.98,5.87,4.23,4.2,6.64],
[5.32,11.29,4.29,3.09,10.75,6.1,3.31,5.45,6.42],
[4.9,7.63,5.88,5.9,5.19,5.72,5.3,7.2,7.93],
[7.34,7.69,9.02,10.18,6.67,6.36,6.94,5.01,7.58],
[8.88,8.8,7.62,8.18,9.12,5.81,5.45,4.71,8.52],
[7.29,9.32,7.64,7.36,10.26,6.38,4.33,5.71,6.37],
[6.28,6.69,7.57,8.23,6.25,6.25,5.51,6.99,7.37],
[6.92,8.69,8.42,7.93,7.52,6.28,5.44,3.92,7.43],
[7.65,9.31,6.5,7.23,9.1,6.28,5.18,5.72,7.87],
[6.18,7.58,7.35,6.86,7.06,6.45,4.64,5.75,7.33],
[6.35,9.35,7.28,7.19,7.83,6.7,5.24,4.91,7.13],
[5.84,8.15,6.59,6.41,7.39,6.91,4.65,6.22,7.12],
[2.17,3.94,6.09,3.6,5.58,11.1,8.77,9.61,2.81],
[6.71,10.08,1.06,10.82,3.89,8.75,7.19,1.72,8.99],
[6.14,11.49,2.51,5.42,3.1,5.15,8.9,10.13,14.86],
[11.91,2.16,17.35,15.17,7.02,12.73,3.25,5.86,9.62],
[5.82,10.07,0.99,1.89,7.27,4.49,1.42,0.62,9.41],
[5.17,14.09,8.71,3.82,12.6,6.34,2.06,11.22,7.32],
[5.68,8.27,5.5,6.18,4.2,8.56,6.85,6.06,5.21],
[5.82,9.29,5.67,7.94,3.49,6.2,7.06,5.25,10.22],
[7.96,5.96,9.33,10.74,4.34,7.66,5.21,6.91,11.02],
[8.06,5.24,9.93,7.4,6.15,8.19,2.43,2.79,8.17],
[6.37,10.36,4.73,2.81,8.76,4.88,2.45,5.12,7.35],
[5.3,8.63,5.52,6.24,4.19,6.97,6.89,6.63,7.38],
[6.98,6.67,8.35,9.86,4.23,7.45,5.4,4.94,9.54],
[7.36,6.55,7.03,7.48,4.76,6.81,4.09,4.62,9.77],
[7.3,7.18,8.7,6.24,7.5,6.94,2.47,4.85,7.39],
[6.48,6.76,7.52,7.98,4.71,7.69,5.73,6.11,7.81],
[6.74,6.95,7.92,7.67,4.66,6.76,4.46,3.76,9.11],
[6.75,7.64,6.91,6.33,6.12,6.27,3.61,5.63,9.01],
[6.74,6.93,7.22,6.63,5.08,7.1,4.9,5,7.96],
[6.41,7.75,7.71,6.74,5.69,6.34,4.03,4.75,8.78],
[6.33,7.56,7.17,6.06,5.84,6.69,4.48,5.6,8.04],
[8.88,0.75,4.23,7.48,9.64,6.7,2.8,9.91,10.57],
[6.3,3.87,2.2,8.12,5.67,5.69,6.33,6.52,6.49],
[3.51,6.01,2.78,8.24,6.32,5.38,6.81,3.97,12.86],
[10.35,6.94,10.28,18.39,8.95,6.59,6.19,5.24,5.39],
[4.07,7.77,7.34,2.32,7.52,10.74,1.85,2.37,4.51],
[5.65,15.79,3.82,6.07,10.39,8.78,7.18,5.45,2.46],
[7.19,3.11,4.47,7.09,6.96,5.53,4.35,7.45,8.91],
[4.58,4.71,5,7.74,5.5,6,5.88,4.72,8.93],
[8.15,6.67,7.41,11.89,7.04,5.35,6.18,4.28,8.45],
[6.43,6.55,8.3,9.27,8.64,7.71,3.83,4.16,4.49],
[4.34,10.49,5.02,5.08,9.3,9.04,4.03,4.6,4.22],
[5.64,4.71,4.58,7.11,6.61,6.17,4.95,6.1,9.4],
[7.09,5.4,6.31,10.5,6.17,5.84,5.79,4.61,7.36],
[7.03,6.61,6.86,8.32,8.35,6.54,4.53,3.81,7.03],
[5.79,8.73,6.73,9.13,8.81,7.73,4.64,4.56,4.29],
[7.58,4.97,5.78,9.33,6.76,6.17,5.02,5.61,8.31],
[6.7,5.69,6.31,8.24,7.41,6.58,4.67,4.22,6.55],
[6.73,8.29,5.92,8.54,8.38,6.83,4.9,4.22,6.01],
[7.46,5.23,5.84,7.79,7.49,6.73,4.32,5.2,7.66],
[6.68,7.22,5.81,8.23,7.61,6.96,4.93,4.44,5.88],
[7.53,6.53,5.47,7.84,7.65,7.17,4.63,5.15,6.79],
[8.47,1.94,4.25,5.01,9.2,5.57,0.77,12.21,9.35],
[6.33,8.5,0.77,10.45,6.16,5.78,5.34,4.46,5.2],
[10.11,10.93,2.96,8.17,5.99,5.31,7.43,5.27,11.34],
[14.3,7.26,12.37,18.75,11.3,8.6,6.06,5.68,6.77],
[6.64,11.47,4.93,2,13.32,4.11,1.88,0.94,5.86],
[5.87,8.6,3.01,4.43,9.35,7.82,6.07,9.4,6.83],
[6.58,6.21,4.7,6.87,6.98,5.07,2.87,7.47,7.5],
[7.31,8.65,5.68,8.54,5.99,5.27,5.77,4.4,7.95],
[11.17,8.19,8.01,12,8.93,6.2,6.08,5.3,8.38],
[9.44,8.33,8.58,9.23,10.97,6.22,3.54,3.27,6.1],
[6.22,10.29,3.7,4.33,10.22,5.31,3.54,4.94,6.43],
[7.12,7.34,5.14,6.97,7,5.16,4.18,6.44,8.12],
[9.05,7.76,7.2,11.02,7.54,6,5.46,4.69,7.07],
[9.08,8.55,6.69,8.3,10.01,5.73,4.49,3.73,7.89],
[8.09,8.93,6.38,8.42,9.8,6.29,4.01,4.87,6.12],
[8.47,6.94,6.45,9.29,7.69,5.84,4.36,6.05,7.52],
[8.07,8.16,6.89,8.62,8.67,6.04,4.44,3.69,6.92],
[8.33,9.19,5.58,7.95,9.35,6,4.6,4.85,7.29],
[7.82,7.41,6.25,7.8,8.48,6.15,3.77,5,7.52],
[7.77,8.93,5.99,8.12,8.43,6.35,4.53,4.59,6.67],
[7.65,7.95,5.6,7.45,8.31,6.52,3.96,5.5,7.17],
[5.89,3.13,4.94,2.73,5.6,10.45,6.58,12.01,7.17],
[5.04,7.56,0.84,8.23,3.03,9.98,7.82,2.06,7.94],
[8.97,9.67,2.25,9.16,4.15,6.39,10.83,9.03,13.2],
[12.95,3.6,16.18,13.75,10.06,9.62,6.67,5.65,7.61],
[4.54,11.34,3.59,1.94,10.79,3.44,1.97,1.07,7.19],
[4.06,13.53,6.77,2.87,12.69,7.26,4.41,8.42,6.51],
[5.59,7.25,5.24,4.89,4.37,9.1,6.48,6.85,6.73],
[6.23,7.88,5.79,7.86,4.07,7.38,8.49,5.04,9.4],
[9.99,5.97,8.58,11.61,7.05,7.28,7.78,6.62,9.53],
[8.85,7.19,9.15,7.21,9.29,6.82,3.84,3.31,6.58],
[4.97,11.06,4.66,2.76,10.67,4.78,2.95,4.36,6.1],
[6.28,7.51,5.42,5.92,5.44,7.8,7.34,6.99,8.1],
[7.94,6.09,8.5,9.86,5.62,7.54,7.43,5.05,8.46],
[8.25,7.4,6.61,8.02,7.69,6.22,5.57,4.71,8.26],
[7.11,8.63,7.82,6.38,9.86,6.56,3.85,4.54,6.1],
[7.4,6.45,7.44,7.84,6.13,7.79,6.86,6.39,7.81],
[7.14,7.26,7.58,7.7,6.42,6.79,5.9,3.99,7.87],
[7.15,8.45,6.3,6.89,8.4,6.21,5.13,5.25,7.52],
[7.05,7.09,6.85,6.55,6.66,7.22,5.77,5.32,7.52],
[6.52,8.2,7.24,6.83,7.29,6.72,5.44,4.58,7.4],
[6.47,7.8,6.68,6.03,7.45,7.14,5.41,5.56,7.24],
[9.61,1.58,3.4,7.13,7.84,6.23,2.26,10.06,8.46],
[5.19,6.8,1.88,8.46,5.04,4.63,5.1,5.21,7.68],
[8.1,9.45,2.86,6.59,5.35,5.84,6.08,4.33,10.76],
[11.44,6.38,10.14,15.9,9.07,6.91,6.86,4.62,5.67],
[8.68,9.36,6.2,2.32,11.12,8.9,1.66,1.9,4.69],
[4.9,13.47,3.1,4.87,8.39,7.49,7.39,8.19,5.47],
[6.89,5.29,4.1,7.19,5.88,4.95,3.56,6.95,8.01],
[6.05,7.48,5.75,6.99,5.18,5.44,5.26,4.56,8.39],
[9.16,7.28,7.18,10.43,7.38,5.83,6.13,4.34,7.5],
[9.15,7.26,7.69,8.4,9.31,7.27,3.96,3.51,5.31],
[6.43,10.88,4.24,4.87,9.39,7.84,4.21,4.99,5.38],
[6.86,6.28,4.83,6.64,5.88,5.44,4.47,6,8.44],
[7.49,6.89,6.73,9.56,6.3,5.6,5.49,4.38,7.11],
[8.56,7.49,6.48,7.44,8.62,6.42,4.46,3.57,6.89],
[7.6,8.92,5.98,8.66,8.75,7.42,4.92,4.74,5.25],
[7.84,6.04,5.84,8.62,6.43,5.6,4.79,5.46,7.58],
[7.52,7.13,6.43,7.57,7.47,6.21,4.43,3.87,6.82],
[7.75,8.72,5.46,7.86,8.22,6.78,4.98,4.49,6.34],
[7.87,6.44,5.75,7.24,7.28,6.15,4.12,4.88,7.52],
[7.18,8.27,5.72,7.73,7.39,6.77,4.88,4.51,6.38],
[7.65,7.4,5.26,7.43,7.25,6.75,4.61,5.23,7.02],
[10.26,2.75,4.37,4.01,10.14,9.83,5.26,10.2,7.55],
[6.81,6.8,0.88,8.81,5.45,9.37,6.31,3.75,7.79],
[8.25,8.91,2.47,9.56,4.96,5.89,8.71,7.23,11.46],
[13.41,5.87,13.55,15.53,9.63,8.84,5.34,4.54,6.57],
[6.48,9.91,3.95,1.85,11,3.3,1.86,0.88,7.02],
[4.81,12.23,5.46,3.6,10.2,6.26,4.87,7.52,6.26],
[8.25,6.56,5.13,5.85,7.43,8.74,5.31,6.42,7.41],
[6.88,7.14,4.8,8.43,5.42,7.09,6.95,4.99,8.75],
[9.96,6.84,7.65,11.57,7.36,6.9,6.39,5.43,8.42],
[9.13,7.2,8.25,7.91,9.59,6.67,3.28,2.71,6.2],
[6.06,10.3,4.28,3.79,10.36,4.36,3.1,4.09,6.17],
[7.79,7.28,4.88,6.63,7.36,7.57,6.05,6.3,8.24],
[8.56,6.47,7.17,10.28,6.51,7.24,6.12,4.64,7.77],
[8.37,7.44,6.16,8.11,8.68,6.05,4.69,3.88,7.63],
[7.9,8.54,6.98,7.22,9.54,6.28,3.58,4.03,5.93],
[8.71,6.67,6.55,8.49,7.54,7.53,5.67,5.67,7.84],
[7.74,7.06,6.55,8.15,7.61,6.65,4.97,3.69,7.41],
[7.79,8.53,5.75,7.42,8.68,5.96,4.54,4.56,7.01],
[8.04,7,6.08,7.2,8.05,7.1,4.85,4.72,7.68],
[7.53,8.1,6.28,7.48,7.84,6.52,4.78,4.27,6.96],
[7.74,7.71,5.9,6.77,8.22,6.98,4.72,5.02,7.26],
[11.95,2.4,3.68,6.01,9.26,8.96,6.7,8.66,7.06],
[5.95,5.67,1.66,7.49,4.58,7.87,6.38,4.38,8.58],
[6.9,8.12,2.55,7.97,4.53,5.85,7.27,6.03,10.49],
[11.21,5.43,11.32,13.93,8.03,7.37,5.9,3.85,5.87],
[8.88,8.55,5.26,2.04,9.46,7.64,1.75,1.83,5.87],
[4.22,14.27,4.8,4.06,8.9,6.29,6.18,6.85,5.25],
[8.32,5.75,4.48,6.39,6.52,7.77,6.14,6.04,7.51],
[5.95,6.41,4.99,7.18,4.76,6.72,6.33,4.84,9],
[8.48,6.36,6.9,10.46,6.31,6.49,6.16,4.61,7.57],
[9.27,6.46,7.71,7.43,8.41,7.31,3.6,3.05,5.5],
[6.52,10.57,4.74,4.26,9.62,6.67,3.82,4.34,5.32],
[7.48,6.38,4.61,6.54,6.34,7.1,6.17,5.8,8.47],
[7.37,5.96,6.66,9.27,5.6,6.66,6,4.32,7.73],
[8.21,6.71,6.08,7.41,7.69,6.59,4.54,3.8,6.8],
[7.72,8.5,6.61,7.57,8.67,7.19,4.44,4.09,5.22],
[8.12,5.94,5.93,8.2,6.49,6.94,5.95,5.15,7.87],
[7.5,6.35,6.19,7.35,6.72,6.76,4.84,3.84,7.24],
[7.51,8.18,5.61,7.38,7.82,6.63,4.9,4.37,6.23],
[8.07,6.23,5.66,6.9,7.08,6.98,5.03,4.65,7.63],
[7.21,7.63,5.96,7.21,7.04,6.86,5.03,4.27,6.67],
[7.75,7.26,5.53,6.89,7.34,7.08,5.18,4.86,7.12]]
[[0,0,0,0,0,0,0,0,0],
[0,0,0,0,0,0,0,0,0],
[0,0,0,0,0,0,0,0,0],
[0,0,0,0,0,0,0,0,0],
[0,0,0,0,0,0,0,0,0],
[0,0,0,0,0,0,0,0,0],
[0.04,0.02,0.02,0.02,0,0.02,0,0,0.02],
[0.02,0,0.04,0.02,0.08,0.02,0.01,0.08,0],
[0.02,0,0.04,0.04,0,0,0.01,0.08,0.08],
[0.02,0.04,0.02,0,0,0,0.01,0.02,0.02],
[0,0.02,0.02,0.02,0,0,0.01,0,0.01],
[0.02,0.01,0.02,0.01,0.04,0.01,0,0.05,0.01],
[0.01,0,0.03,0.02,0.04,0.01,0,0.05,0.05],
[0.01,0.02,0.02,0.03,0,0,0,0.04,0.04],
[0.01,0.02,0.01,0.01,0,0,0,0.01,0.01],
[0.02,0.02,0.02,0.02,0.03,0.01,0,0.04,0.04],
[0.01,0.02,0.02,0.02,0.03,0.01,0,0.04,0.04],
[0.01,0.02,0.02,0.02,0,0,0,0.03,0.03],
[0.02,0.02,0.02,0.02,0.03,0.01,0,0.03,0.03],
[0.01,0.01,0.02,0.02,0.02,0.01,0,0.03,0.03],
[0.01,0.02,0.02,0.02,0.02,0.01,0,0.03,0.03],
[0,0,0,0,0,0,0,0,0],
[0,0,0,0,0,0,0,0,0],
[0,0,0,0,0,0,0,0,0],
[0,0,0,0,0,0,0,0,0],
[0,0,0,0,0,0,0,0,0],
[0,0,0,0,0,0,0,0,0],
[0.01,0.02,0.01,0.01,0,0,0.02,0,0.01],
[0.02,0.04,0.04,0,0.02,0,0,0.04,0.01],
[0,0.04,0,0,0.04,0.01,0.04,0.04,0.01],
[0.04,0.04,0,0,0,0.02,0.04,0,0.02],
[0.02,0.02,0,0,0,0,0.04,0,0.04],
[0.01,0.02,0.02,0.01,0.01,0,0.01,0.03,0],
[0.01,0.03,0.03,0,0.02,0,0.04,0.03,0],
[0.03,0.03,0,0,0.02,0.01,0.03,0.02,0.02],
[0.02,0.02,0,0,0,0.01,0.03,0,0.02],
[0.01,0.02,0.02,0.01,0.02,0,0.03,0.02,0],
[0.02,0.03,0.02,0,0.02,0.01,0.03,0.02,0.02],
[0.02,0.02,0,0,0.02,0.01,0.03,0.02,0.02],
[0.02,0.02,0.02,0.01,0.01,0.01,0.02,0.02,0.02],
[0.02,0.02,0.02,0,0.01,0.01,0.03,0.02,0.02],
[0.01,0.02,0.01,0.01,0.01,0,0.03,0.01,0.01],
[0,0,0,0,0,0,0,0,0],
[0,0,0,0,0,0,0,0,0],
[0,0,0,0,0,0,0,0,0],
[0,0,0,0,0,0,0,0,0],
[0,0,0,0,0,0,0,0,0],
[0,0,0,0,0,0,0,0,0],
[0,0.04,0.01,0.04,0.02,0.02,0.02,0.02,0],
[0,0,0,0.04,0.02,0,0,0.01,0],
[0,0.08,0.02,0,0.04,0,0.02,0.01,0],
[0.01,0.08,0.02,0,0,0,0,0,0.02],
[0.01,0,0,0,0.02,0,0,0.02,0.02],
[0,0.04,0,0.03,0.01,0.01,0.01,0.01,0],
[0,0.04,0.01,0.02,0.02,0,0.01,0,0],
[0.01,0.05,0.01,0,0.03,0,0.01,0,0.01],
[0,0.05,0.02,0,0.01,0,0,0.01,0.01],
[0,0.04,0.01,0.02,0.02,0.01,0.01,0.01,0],
[0.01,0.04,0.01,0.02,0.02,0,0.01,0,0.01],
[0.01,0.04,0.02,0,0.02,0,0.01,0.01,0.01],
[0.01,0.04,0.01,0.02,0.02,0.01,0.01,0.01,0.01],
[0.01,0.03,0.01,0.02,0.02,0,0.01,0.01,0.01],
[0.01,0.04,0.01,0.01,0.02,0.01,0.01,0.01,0.01],
[0,0,0,0,0,0,0,0,0],
[0,0,0,0,0,0,0,0,0],
[0,0,0,0,0,0,0,0,0],
[0,0,0,0,0,0,0,0,0],
[0,0,0,0,0,0,0,0,0],
[0,0,0,0,0,0,0,0,0],
[0,0.02,0.02,0,0.02,0,0.02,0,0.01],
[0,0.02,0,0,0,0,0,0,0],
[0,0.01,0.01,0.02,0,0.02,0,0.02,0.02],
[0,0,0.02,0.01,0,0.02,0.02,0.04,0.04],
[0.02,0.02,0.02,0.04,0.08,0.02,0.02,0.04,0],
[0,0.01,0.01,0,0.01,0,0.01,0,0],
[0,0.02,0,0.01,0,0.02,0,0.01,0.01],
[0.01,0,0.02,0.02,0,0.01,0.01,0.02,0.02],
[0.01,0.01,0.01,0.02,0.04,0.01,0.01,0.03,0.03],
[0,0.02,0.01,0.01,0.01,0.02,0.01,0.01,0.02],
[0.01,0.02,0.02,0.02,0,0.02,0.01,0.02,0.02],
[0.01,0.01,0.02,0.02,0.03,0.01,0.01,0.02,0.02],
[0.01,0.02,0.02,0.02,0.01,0.01,0.01,0.01,0.02],
[0.01,0.02,0.02,0.02,0.02,0.02,0.01,0.02,0.02],
[0.01,0.01,0.01,0.02,0.02,0.02,0.01,0.01,0.01],
[0,0,0,0,0,0,0,0,0],
[0,0,0,0,0,0,0,0,0],
[0,0,0,0,0,0,0,0,0],
[0,0,0,0,0,0,0,0,0],
[0,0,0,0,0,0,0,0,0],
[0,0,0,0,0,0,0,0,0],
[0.01,0.08,0,0.02,0,0.04,0.08,0,0.02],
[0,0,0,0,0.04,0.02,0.02,0.04,0.02],
[0.04,0,0,0.01,0.04,0,0,0.02,0],
[0.02,0,0.04,0,0.02,0,0,0,0],
[0,0,0.02,0,0,0,0.08,0.01,0.01],
[0,0.04,0,0.01,0.04,0.02,0.04,0.03,0.01],
[0.03,0.01,0,0.01,0.03,0.01,0.01,0.02,0.01],
[0.02,0,0.04,0,0.02,0,0.01,0.01,0],
[0.01,0,0.02,0,0.02,0,0.04,0,0],
[0.02,0.03,0,0.01,0.03,0.02,0.03,0.02,0.01],
[0.02,0.01,0.03,0.01,0.02,0.02,0.01,0.02,0.01],
[0.02,0,0.03,0,0.02,0,0.03,0.02,0],
[0.02,0.02,0.02,0.01,0.03,0.02,0.03,0.02,0.01],
[0.02,0,0.02,0.01,0.02,0.01,0.03,0.02,0.01],
[0.01,0.02,0.02,0.01,0.03,0.01,0.03,0.01,0.01],
[0,0,0,0,0,0,0,0,0],
[0,0,0,0,0,0,0,0,0],
[0,0,0,0,0,0,0,0,0],
[0,0,0,0,0,0,0,0,0],
[0,0,0,0,0,0,0,0,0],
[0,0,0,0,0,0,0,0,0],
[0,0,0,0.01,0.01,0,0.01,0.02,0],
[0.04,0,0.01,0,0.02,0.01,0.01,0.04,0],
[0,0,0,0,0,0.02,0,0,0],
[0.02,0,0,0,0.01,0.08,0.02,0,0],
[0,0,0.02,0,0.01,0.04,0.04,0,0],
[0.03,0,0,0,0.01,0.01,0,0.02,0],
[0.03,0,0.01,0,0.01,0.01,0,0.04,0],
[0.01,0,0,0,0.01,0.04,0.01,0,0],
[0.01,0,0.01,0,0,0.04,0.02,0,0],
[0.03,0,0.01,0.01,0.01,0.01,0,0.03,0],
[0.02,0,0.01,0,0.01,0.03,0.01,0.04,0.01],
[0.01,0,0.01,0.01,0.01,0.03,0.02,0,0],
[0.02,0,0.01,0.01,0.01,0.03,0.01,0.03,0],
[0.02,0,0.01,0.01,0.01,0.02,0.01,0.03,0.01],
[0.02,0,0.01,0.01,0.01,0.02,0.01,0.03,0.01],
[0,0,0,0,0,0,0,0,0],
[0,0,0,0,0,0,0,0,0],
[0,0,0,0,0,0,0,0,0],
[0,0,0,0,0,0,0,0,0],
[0,0,0,0,0,0,0,0,0],
[0,0,0,0,0,0,0,0,0],
[0,0.04,0,0,0.02,0.01,0.02,0,0.04],
[0,0.04,0,0,0,0,0.04,0,0],
[0,0.04,0,0,0.01,0.02,0,0,0.08],
[0,0.02,0,0.04,0.02,0.02,0,0,0],
[0,0.01,0.04,0,0,0,0,0,0.02],
[0,0.03,0,0,0.01,0.01,0.02,0,0.03],
[0,0.03,0,0,0.01,0.01,0.02,0,0.05],
[0,0.02,0,0.03,0.01,0.01,0,0,0.04],
[0,0.02,0.04,0.02,0.01,0.01,0,0,0.02],
[0,0.03,0,0,0.01,0.01,0.02,0,0.04],
[0,0.02,0,0.02,0.01,0.01,0.02,0,0.04],
[0,0.02,0.03,0.02,0.01,0.01,0,0,0.03],
[0,0.02,0,0.02,0.01,0.01,0.02,0,0.03],
[0,0.02,0.02,0.02,0.01,0.01,0.02,0,0.03],
[0,0.02,0.02,0.02,0.01,0.01,0.01,0,0.03],
[0.01,0.01,0.01,0.02,0.02,0,0.01,0.08,0.01],
[0.04,0,0.02,0.01,0.04,0.01,0.04,0.08,0.02],
[0,0.02,0.08,0,0.04,0,0,0.04,0.04],
[0,0,0,0.04,0,0.01,0,0.08,0.02],
[0.02,0,0.02,0.02,0,0,0,0,0.02],
[0,0,0,0,0,0,0,0,0],
[0.02,0.02,0.01,0.01,0.02,0.01,0.02,0.05,0.02],
[0.02,0.02,0.03,0.01,0.03,0.01,0.02,0.04,0.02],
[0.01,0.02,0.04,0.02,0.02,0.01,0.02,0.04,0.03],
[0.03,0.03,0.02,0.02,0,0.01,0.02,0.03,0.03],
[0.02,0.01,0.01,0.02,0,0,0.02,0,0.02],
[0.01,0.01,0.02,0.01,0.02,0.01,0.01,0.04,0.02],
[0.01,0.01,0.03,0.02,0.03,0.01,0.02,0.04,0.03],
[0.02,0.02,0.03,0.02,0.01,0.01,0.01,0.03,0.03],
[0.02,0.02,0.01,0.02,0,0.01,0.01,0.02,0.02],
[0.01,0.02,0.02,0.01,0.02,0.01,0.02,0.04,0.02],
[0.02,0.02,0.02,0.02,0.02,0.01,0.02,0.03,0.02],
[0.01,0.02,0.02,0.02,0.01,0.01,0.01,0.02,0.02],
[0.02,0.02,0.02,0.02,0.02,0.01,0.01,0.03,0.02],
[0.02,0.02,0.02,0.01,0.02,0.01,0.02,0.02,0.02],
[0.01,0.02,0.02,0.01,0.02,0.01,0.02,0.03,0.02],
[0,0.02,0,0,0,0.02,0,0,0],
[0.02,0,0,0,0.02,0,0.04,0.04,0.01],
[0,0.04,0.04,0.04,0.02,0,0.02,0.01,0],
[0,0.08,0,0.02,0.08,0.01,0.04,0.04,0.01],
[0,0.04,0.02,0.02,0.04,0,0,0.02,0],
[0,0,0.04,0.04,0,0,0.04,0,0],
[0.01,0.03,0,0.02,0.01,0.01,0.02,0.02,0.01],
[0.01,0.02,0.02,0.02,0.01,0,0.02,0.02,0],
[0,0.04,0.02,0.02,0.03,0,0.02,0.02,0],
[0.02,0.04,0.02,0.02,0.04,0.01,0.02,0.02,0.02],
[0.01,0.02,0.02,0.02,0.02,0,0.02,0.01,0.02],
[0.01,0.03,0.01,0.02,0.01,0.01,0.01,0.02,0],
[0.01,0.03,0.02,0.02,0.02,0,0.02,0.02,0],
[0.02,0.03,0.02,0.02,0.03,0,0.02,0.02,0.02],
[0.01,0.03,0.02,0.02,0.03,0,0.02,0.02,0.02],
[0.01,0.03,0.02,0.02,0.02,0.01,0.02,0.02,0],
[0.01,0.03,0.02,0.02,0.02,0,0.02,0.02,0.01],
[0.01,0.03,0.02,0.02,0.02,0,0.02,0.01,0.01],
[0.01,0.03,0.02,0.02,0.02,0.01,0.02,0.02,0.01],
[0.01,0.02,0.02,0.02,0.02,0,0.02,0.02,0.01],
[0.01,0.03,0.02,0.02,0.02,0.01,0.02,0.02,0.01],
[0,0.02,0,0.08,0,0,0,0,0],
[0,0,0,0,0,0.02,0.01,0.02,0.01],
[0,0.02,0,0.08,0.02,0,0.02,0,0.01],
[0,0,0,0.01,0,0.01,0,0.04,0.04],
[0.04,0.04,0.04,0,0,0,0.02,0,0.02],
[0,0,0.02,0.08,0.02,0.01,0,0,0],
[0,0.03,0.01,0.04,0.01,0.01,0.02,0.01,0.01],
[0,0.01,0,0.04,0.01,0.01,0.01,0.01,0],
[0,0.03,0.01,0.03,0.02,0.01,0.01,0.02,0.02],
[0.02,0.03,0.02,0.01,0,0.01,0.01,0.02,0.02],
[0.02,0.02,0.03,0.04,0.04,0.01,0.01,0.02,0.01],
[0,0.02,0.01,0.04,0.01,0.01,0.01,0.01,0.01],
[0,0.03,0.01,0.03,0.01,0.01,0.01,0.01,0.01],
[0.01,0.03,0.02,0.02,0.01,0.01,0.01,0.01,0.02],
[0.01,0.03,0.02,0.02,0.03,0.01,0.01,0.02,0.02],
[0,0.03,0.01,0.03,0.01,0.01,0.01,0.01,0.01],
[0.01,0.03,0.01,0.03,0.01,0.01,0.01,0.01,0.01],
[0.01,0.03,0.02,0.03,0.02,0.01,0.01,0.02,0.01],
[0.01,0.03,0.01,0.03,0.02,0.01,0.01,0.01,0.01],
[0.01,0.02,0.01,0.03,0.02,0.01,0.01,0.02,0.01],
[0.01,0.02,0.01,0.03,0.02,0.01,0.01,0.01,0.01],
[0,0.02,0,0.02,0.04,0,0.08,0.01,0],
[0.01,0,0.02,0.08,0,0.08,0.02,0.02,0],
[0.01,0,0.04,0.04,0.04,0,0,0.02,0.01],
[0,0.01,0,0,0,0.01,0,0.02,0.04],
[0.02,0.02,0.08,0.01,0.04,0,0.04,0.01,0],
[0,0,0,0.02,0,0.01,0.04,0.04,0.01],
[0,0.04,0.01,0.04,0.02,0.03,0.04,0.01,0.01],
[0,0.01,0.02,0.04,0.02,0.03,0.01,0.02,0.01],
[0.02,0.01,0.02,0.02,0.02,0.01,0,0.01,0.02],
[0.01,0.01,0.03,0,0.02,0.01,0.02,0.02,0.02],
[0.01,0.01,0.03,0.02,0.04,0.01,0.03,0.02,0],
[0,0.02,0.02,0.03,0.02,0.02,0.02,0.01,0.01],
[0.01,0.01,0.01,0.03,0.02,0.02,0.01,0.01,0.01],
[0.01,0.01,0.03,0.01,0.02,0.01,0.01,0.01,0.01],
[0.01,0.01,0.02,0.01,0.03,0.01,0.02,0.02,0.01],
[0.01,0.02,0.01,0.02,0.02,0.02,0.02,0.01,0.01],
[0.01,0.01,0.02,0.02,0.02,0.02,0.01,0.01,0.01],
[0.01,0.01,0.02,0.01,0.03,0.01,0.02,0.02,0.01],
[0.01,0.02,0.02,0.02,0.02,0.01,0.02,0.01,0.01],
[0.01,0.01,0.02,0.02,0.02,0.01,0.02,0.02,0.01],
[0.01,0.02,0.02,0.02,0.02,0.01,0.02,0.01,0.01],
[0.02,0.04,0.02,0.01,0,0.04,0.02,0.01,0.02],
[0.04,0,0.02,0.02,0.01,0,0.04,0,0],
[0,0,0.02,0.01,0.08,0,0,0,0.02],
[0.04,0,0,0,0,0.02,0,0.02,0.02],
[0,0,0.02,0,0,0,0.08,0.02,0.01],
[0,0,0.02,0.02,0.04,0.01,0.04,0.04,0],
[0.02,0.03,0.01,0.01,0.01,0.02,0.03,0.01,0.02],
[0.02,0,0.02,0.01,0.03,0.01,0.02,0.03,0.02],
[0.02,0,0.01,0.01,0.03,0.01,0,0.01,0.01],
[0.02,0,0.02,0,0.01,0.03,0.03,0.01,0.01],
[0,0,0.03,0.01,0.02,0.02,0.04,0.02,0],
[0.02,0.02,0.01,0.01,0.02,0.01,0.02,0.02,0.02],
[0.02,0,0.01,0.01,0.02,0.01,0.01,0.03,0.02],
[0.02,0,0.02,0.01,0.02,0.02,0.02,0.01,0.01],
[0.01,0,0.02,0.01,0.02,0.02,0.03,0.02,0.01],
[0.02,0.01,0.01,0.01,0.02,0.01,0.01,0.02,0.01],
[0.02,0,0.02,0.01,0.02,0.02,0.02,0.02,0.01],
[0.01,0,0.02,0.01,0.02,0.01,0.02,0.01,0.01],
[0.02,0.01,0.02,0.01,0.02,0.02,0.02,0.02,0.01],
[0.02,0,0.02,0.01,0.02,0.02,0.02,0.02,0.01],
[0.02,0.01,0.02,0.01,0.02,0.02,0.02,0.02,0.01],
[0.02,0.02,0,0.02,0,0,0,0,0],
[0,0,0,0,0,0.01,0,0.02,0.08],
[0.01,0.02,0.01,0,0.02,0,0.02,0,0.04],
[0.02,0,0.04,0,0,0,0,0,0],
[0,0,0.01,0.04,0,0,0.08,0.02,0],
[0,0.01,0,0.04,0.02,0.02,0,0.02,0.01],
[0.01,0.02,0,0.01,0.01,0.01,0.01,0.02,0.03],
[0.02,0.02,0,0,0.02,0.01,0.02,0.02,0.04],
[0.01,0.02,0.02,0,0.01,0.02,0.01,0.01,0.03],
[0.01,0.01,0.02,0.02,0.01,0.03,0.03,0.01,0.01],
[0,0,0.02,0.03,0.01,0.02,0.04,0.01,0.01],
[0.01,0.02,0,0.01,0.01,0.01,0.01,0.01,0.03],
[0.01,0.01,0.01,0,0.01,0.01,0.01,0.02,0.03],
[0.01,0.01,0.01,0.01,0.01,0.02,0.02,0.01,0.02],
[0.01,0.01,0.03,0.02,0.01,0.02,0.02,0.01,0.01],
[0.01,0.01,0.01,0.01,0.01,0.01,0.01,0.01,0.03],
[0.01,0.01,0.01,0.01,0.01,0.02,0.02,0.02,0.03],
[0.01,0.01,0.02,0.02,0.01,0.02,0.02,0.01,0.02],
[0.01,0.01,0.01,0.01,0.01,0.02,0.02,0.01,0.02],
[0.01,0.01,0.02,0.01,0.01,0.02,0.02,0.02,0.02],
[0.01,0.01,0.02,0.01,0.01,0.02,0.02,0.01,0.02],
[0.01,0.01,0,0.02,0.01,0.01,0.01,0.04,0.01],
[0.02,0,0.01,0.01,0.02,0,0.03,0.04,0.02],
[0,0.02,0.04,0.03,0.02,0,0.01,0.02,0.03],
[0.01,0.05,0,0.02,0.04,0,0.02,0.04,0.01],
[0.01,0.03,0.01,0.01,0.03,0,0,0.01,0.01],
[0,0,0.03,0.02,0,0,0.02,0,0],
[0.01,0.02,0.01,0.01,0.02,0.01,0.02,0.04,0.02],
[0.01,0.01,0.02,0.02,0.02,0,0.02,0.03,0.02],
[0.01,0.03,0.03,0.02,0.03,0,0.01,0.03,0.02],
[0.02,0.03,0.02,0.02,0.03,0,0.02,0.02,0.02],
[0.01,0.02,0.02,0.02,0.01,0,0.02,0.01,0.02],
[0.01,0.02,0.02,0.02,0.02,0.01,0.01,0.03,0.02],
[0.01,0.02,0.02,0.02,0.03,0,0.02,0.03,0.02],
[0.01,0.03,0.02,0.02,0.03,0,0.01,0.02,0.02],
[0.01,0.03,0.02,0.02,0.02,0,0.02,0.02,0.02],
[0.01,0.02,0.02,0.02,0.02,0.01,0.01,0.03,0.02],
[0.02,0.02,0.02,0.02,0.02,0,0.01,0.02,0.02],
[0.01,0.02,0.02,0.02,0.02,0,0.01,0.02,0.02],
[0.01,0.02,0.02,0.02,0.02,0.01,0.01,0.02,0.02],
[0.01,0.02,0.02,0.02,0.02,0,0.02,0.02,0.02],
[0.01,0.02,0.02,0.02,0.02,0.01,0.01,0.02,0.02],
[0,0.01,0,0.04,0,0.01,0.01,0.01,0],
[0.01,0,0,0.01,0.01,0.01,0.02,0.02,0],
[0,0.02,0.03,0.04,0.01,0,0.01,0,0],
[0,0.04,0.01,0.01,0.04,0,0.03,0.03,0.02],
[0.04,0.03,0.02,0.01,0.03,0,0.01,0.01,0.02],
[0,0,0.02,0.04,0.01,0,0.03,0,0],
[0.01,0.02,0.01,0.03,0.01,0.01,0.01,0.01,0.01],
[0.01,0.02,0.02,0.02,0.01,0.01,0.01,0.01,0],
[0,0.03,0.02,0.02,0.02,0.01,0.02,0.02,0.01],
[0.02,0.03,0.01,0.01,0.03,0.01,0.02,0.02,0.02],
[0.02,0.02,0.02,0.03,0.03,0.01,0.02,0.02,0.02],
[0,0.02,0.01,0.03,0.01,0.01,0.01,0.01,0],
[0.01,0.03,0.02,0.02,0.02,0.01,0.02,0.02,0.01],
[0.02,0.03,0.02,0.02,0.02,0.01,0.01,0.02,0.02],
[0.01,0.03,0.02,0.02,0.03,0.01,0.02,0.02,0.02],
[0,0.02,0.01,0.02,0.02,0.01,0.02,0.02,0.01],
[0.01,0.02,0.02,0.02,0.02,0.01,0.01,0.02,0.01],
[0.01,0.02,0.02,0.02,0.02,0.01,0.02,0.02,0.01],
[0.01,0.02,0.01,0.02,0.02,0.01,0.01,0.02,0.01],
[0.01,0.02,0.02,0.02,0.02,0.01,0.02,0.02,0.01],
[0.01,0.02,0.02,0.02,0.02,0.01,0.02,0.01,0.01],
[0,0.01,0,0.04,0.03,0,0.04,0.01,0],
[0.01,0,0.01,0.04,0,0.04,0.02,0.01,0.01],
[0.01,0.01,0.03,0.04,0.02,0,0.01,0.01,0],
[0.01,0.01,0,0,0,0,0,0.02,0.03],
[0.02,0.02,0.04,0.01,0.03,0,0.02,0,0.01],
[0,0,0.01,0.04,0.01,0,0.03,0.02,0],
[0.01,0.03,0.01,0.03,0.02,0.02,0.03,0.01,0.01],
[0.01,0.01,0.02,0.04,0.02,0.02,0.01,0.01,0.01],
[0.01,0.02,0.01,0.02,0.02,0,0.01,0.01,0.01],
[0.01,0.02,0.02,0.01,0.01,0.01,0.01,0.01,0.02],
[0.01,0.01,0.02,0.02,0.03,0.01,0.02,0.02,0.01],
[0.01,0.03,0.01,0.03,0.02,0.02,0.02,0.01,0.01],
[0.01,0.02,0.01,0.02,0.02,0.01,0.01,0.01,0.01],
[0.01,0.02,0.02,0.02,0.02,0,0.01,0.01,0.01],
[0.01,0.02,0.02,0.02,0.03,0.01,0.02,0.02,0.01],
[0.01,0.02,0.01,0.02,0.02,0.01,0.02,0.01,0.01],
[0.01,0.02,0.02,0.02,0.02,0.01,0.01,0.01,0.01],
[0.01,0.02,0.02,0.02,0.03,0,0.01,0.01,0.01],
[0.01,0.02,0.02,0.02,0.02,0.01,0.02,0.01,0.01],
[0.01,0.02,0.02,0.02,0.02,0.01,0.01,0.01,0.01],
[0.01,0.02,0.02,0.02,0.02,0.01,0.02,0.01,0.01],
[0.01,0.02,0.01,0.02,0.02,0.03,0.04,0,0.01],
[0.02,0,0.01,0.04,0,0.04,0.02,0.02,0.01],
[0,0,0.02,0.02,0.04,0,0,0.01,0.01],
[0.02,0.01,0,0,0,0.01,0,0.01,0.02],
[0.01,0.01,0.04,0.01,0.02,0,0.04,0.02,0],
[0,0,0.01,0.01,0.03,0,0.03,0.03,0],
[0.01,0.02,0.01,0.03,0.01,0.03,0.03,0.01,0.01],
[0.01,0.01,0.02,0.03,0.02,0.02,0.01,0.02,0.01],
[0.02,0.01,0.01,0.01,0.02,0.01,0,0.01,0.01],
[0.01,0.01,0.02,0.01,0.01,0.02,0.02,0.02,0.02],
[0.01,0.01,0.02,0.01,0.03,0.01,0.03,0.02,0],
[0.01,0.02,0.01,0.02,0.02,0.02,0.02,0.02,0.01],
[0.02,0.01,0.01,0.02,0.01,0.02,0.01,0.02,0.01],
[0.02,0.01,0.02,0.01,0.02,0.01,0.01,0.01,0.01],
[0.01,0.01,0.02,0.01,0.02,0.02,0.02,0.02,0.01],
[0.01,0.01,0.01,0.02,0.01,0.02,0.01,0.02,0.01],
[0.02,0.01,0.02,0.01,0.01,0.02,0.01,0.02,0.01],
[0.01,0.01,0.02,0.01,0.02,0.01,0.02,0.02,0.01],
[0.01,0.01,0.01,0.01,0.01,0.02,0.02,0.02,0.01],
[0.01,0.01,0.01,0.02,0.02,0.02,0.02,0.02,0.01],
[0.01,0.01,0.01,0.02,0.02,0.02,0.02,0.02,0.01],
[0.01,0.02,0.01,0.01,0,0.02,0.02,0.01,0.01],
[0.02,0,0.01,0.02,0.01,0.01,0.03,0.01,0.04],
[0,0.01,0.02,0.01,0.04,0,0.01,0.01,0.02],
[0.02,0.01,0.03,0,0,0.01,0,0.01,0.02],
[0,0,0.01,0.02,0,0,0.05,0.01,0.01],
[0,0.01,0.01,0.02,0.02,0.01,0.04,0.02,0],
[0.01,0.03,0.01,0.01,0.01,0.01,0.02,0.01,0.02],
[0.02,0.01,0.02,0.01,0.02,0.01,0.02,0.02,0.03],
[0.02,0.01,0.02,0.01,0.02,0.01,0.01,0.01,0.02],
[0.01,0.01,0.02,0.01,0.01,0.02,0.02,0.01,0.01],
[0,0.01,0.03,0.02,0.01,0.01,0.04,0.01,0.01],
[0.01,0.02,0.01,0.01,0.02,0.01,0.02,0.02,0.02],
[0.02,0.01,0.02,0.01,0.02,0.01,0.01,0.02,0.03],
[0.01,0.01,0.02,0.01,0.02,0.01,0.02,0.01,0.02],
[0.01,0.01,0.02,0.01,0.01,0.02,0.03,0.01,0.01],
[0.02,0.02,0.02,0.01,0.01,0.01,0.01,0.01,0.02],
[0.01,0.01,0.02,0.01,0.01,0.02,0.02,0.02,0.02],
[0.01,0.01,0.02,0.01,0.02,0.01,0.02,0.01,0.01],
[0.01,0.01,0.01,0.01,0.01,0.02,0.02,0.01,0.02],
[0.01,0.01,0.02,0.01,0.01,0.01,0.02,0.02,0.02],
[0.01,0.01,0.02,0.01,0.02,0.01,0.02,0.01,0.02],
[0.01,0.01,0.01,0.03,0.01,0.01,0.02,0.03,0.01],
[0.02,0,0.01,0.02,0.02,0.02,0.02,0.03,0.02],
[0,0.02,0.03,0.03,0.02,0,0.01,0.02,0.02],
[0.01,0.04,0.01,0.02,0.03,0,0.02,0.04,0.03],
[0.03,0.02,0.02,0.01,0.03,0,0.01,0.01,0.02],
[0,0,0.02,0.03,0.01,0.01,0.02,0.01,0],
[0.01,0.02,0.01,0.02,0.02,0.01,0.02,0.03,0.01],
[0.01,0.01,0.02,0.02,0.02,0.01,0.01,0.02,0.02],
[0,0.03,0.02,0.02,0.02,0.01,0.01,0.02,0.02],
[0.02,0.03,0.01,0.01,0.03,0.01,0.01,0.02,0.02],
[0.01,0.02,0.02,0.02,0.02,0.01,0.01,0.01,0.01],
[0.01,0.02,0.01,0.02,0.02,0.01,0.01,0.02,0.01],
[0.01,0.02,0.02,0.02,0.02,0.01,0.01,0.03,0.02],
[0.01,0.02,0.02,0.02,0.02,0.01,0.01,0.02,0.02],
[0.01,0.02,0.02,0.02,0.02,0.01,0.02,0.02,0.02],
[0.01,0.02,0.01,0.02,0.02,0.01,0.01,0.02,0.02],
[0.01,0.02,0.02,0.02,0.02,0.01,0.01,0.02,0.02],
[0.01,0.02,0.02,0.02,0.02,0.01,0.01,0.02,0.02],
[0.01,0.02,0.02,0.02,0.02,0.01,0.01,0.02,0.02],
[0.01,0.02,0.02,0.02,0.02,0.01,0.01,0.02,0.02],
[0.01,0.02,0.02,0.02,0.02,0.01,0.01,0.02,0.02],
[0,0.01,0,0.03,0.02,0.01,0.03,0.02,0],
[0.01,0,0.01,0.03,0.01,0.03,0.02,0.02,0.01],
[0.01,0.02,0.03,0.03,0.02,0,0.01,0.02,0],
[0.01,0.03,0.01,0.01,0.03,0,0.02,0.02,0.02],
[0.03,0.02,0.03,0.01,0.03,0,0.02,0.01,0.02],
[0,0,0.02,0.03,0.01,0,0.03,0.02,0],
[0.01,0.03,0.01,0.03,0.02,0.02,0.02,0.02,0.01],
[0.01,0.01,0.02,0.03,0.02,0.01,0.01,0.02,0.01],
[0.01,0.02,0.02,0.02,0.02,0,0.01,0.02,0.01],
[0.02,0.02,0.02,0.01,0.03,0.01,0.02,0.02,0.02],
[0.01,0.01,0.02,0.02,0.03,0.01,0.02,0.01,0.01],
[0.01,0.02,0.01,0.03,0.02,0.01,0.02,0.02,0.01],
[0.01,0.02,0.02,0.02,0.02,0.01,0.02,0.02,0.01],
[0.02,0.02,0.02,0.01,0.02,0.01,0.01,0.01,0.01],
[0.01,0.02,0.02,0.01,0.03,0.01,0.02,0.02,0.01],
[0.01,0.02,0.01,0.02,0.02,0.01,0.02,0.02,0.01],
[0.01,0.02,0.02,0.02,0.02,0.01,0.01,0.02,0.01],
[0.01,0.02,0.02,0.02,0.02,0,0.02,0.01,0.01],
[0.01,0.02,0.02,0.02,0.02,0.01,0.02,0.01,0.01],
[0.01,0.02,0.02,0.02,0.02,0.01,0.02,0.02,0.01],
[0.01,0.02,0.02,0.02,0.02,0.01,0.02,0.01,0.01],
[0.01,0.02,0.01,0.03,0.02,0.03,0.03,0.01,0.02],
[0.02,0,0.01,0.03,0,0.03,0.02,0.02,0.02],
[0.01,0.01,0.02,0.03,0.03,0,0.01,0.01,0.01],
[0.02,0.02,0,0.01,0,0.01,0,0.02,0.02],
[0.02,0.02,0.03,0.02,0.02,0.01,0.03,0.02,0.01],
[0,0.01,0.03,0.04,0.02,0,0.02,0.02,0],
[0.01,0.03,0.01,0.03,0.01,0.03,0.02,0.01,0.02],
[0.01,0,0.01,0.03,0.02,0.01,0.01,0.02,0.01],
[0.01,0.02,0.01,0.02,0.02,0.01,0.01,0.01,0.01],
[0.01,0.02,0.02,0.01,0.01,0.02,0.02,0.02,0.01],
[0.01,0.01,0.02,0.03,0.03,0.01,0.02,0.02,0.01],
[0.01,0.02,0.01,0.02,0.02,0.02,0.02,0.01,0.01],
[0.01,0.02,0.01,0.02,0.01,0.01,0.01,0.02,0.01],
[0.01,0.02,0.02,0.01,0.02,0.01,0.01,0.02,0.01],
[0.01,0.02,0.02,0.02,0.02,0.01,0.02,0.02,0.01],
[0.01,0.02,0.01,0.02,0.01,0.02,0.01,0.01,0.02],
[0.01,0.01,0.01,0.02,0.01,0.01,0.01,0.02,0.01],
[0.01,0.01,0.02,0.02,0.02,0.01,0.01,0.02,0.01],
[0.01,0.02,0.01,0.02,0.02,0.02,0.02,0.02,0.01],
[0.01,0.01,0.02,0.02,0.02,0.01,0.01,0.02,0.01],
[0.01,0.02,0.01,0.02,0.02,0.01,0.02,0.02,0.01],
[0.01,0.02,0.01,0.02,0.02,0.02,0.03,0.01,0.01],
[0.02,0,0.01,0.03,0.01,0.03,0.02,0.02,0.03],
[0,0.01,0.02,0.02,0.03,0,0.01,0.01,0.02],
[0.02,0.02,0.02,0,0,0.01,0,0.01,0.02],
[0.01,0.01,0.03,0.02,0.02,0,0.04,0.02,0.01],
[0,0.01,0.01,0.02,0.02,0.01,0.03,0.02,0],
[0.01,0.02,0.01,0.02,0.01,0.02,0.02,0.01,0.02],
[0.01,0.01,0.01,0.02,0.02,0.02,0.01,0.02,0.02],
[0.01,0.01,0.02,0.01,0.01,0.01,0,0.01,0.02],
[0.01,0.01,0.02,0.01,0.01,0.02,0.02,0.01,0.02],
[0.01,0.01,0.02,0.02,0.02,0.01,0.03,0.02,0.01],
[0.01,0.02,0.01,0.02,0.02,0.02,0.02,0.01,0.02],
[0.01,0.01,0.01,0.01,0.01,0.01,0.01,0.02,0.02],
[0.01,0.01,0.02,0.01,0.02,0.01,0.02,0.01,0.02],
[0.01,0.01,0.02,0.01,0.02,0.01,0.02,0.01,0.01],
[0.01,0.02,0.01,0.01,0.01,0.02,0.01,0.01,0.02],
[0.01,0.01,0.02,0.01,0.01,0.02,0.02,0.01,0.02],
[0.01,0.01,0.02,0.01,0.02,0.01,0.02,0.01,0.01],
[0.01,0.01,0.02,0.01,0.01,0.02,0.02,0.01,0.02],
[0.01,0.01,0.02,0.02,0.02,0.01,0.02,0.02,0.02],
[0.01,0.01,0.02,0.02,0.02,0.01,0.02,0.01,0.01],
[0.01,0.01,0.01,0.03,0.02,0,0.03,0.03,0.01],
[0.02,0,0.01,0.03,0.01,0.02,0.02,0.03,0.01],
[0.01,0.01,0.03,0.03,0.02,0,0.01,0.02,0.02],
[0.01,0.03,0,0.01,0.03,0,0.02,0.03,0.02],
[0.02,0.02,0.03,0.01,0.03,0,0.01,0.01,0.02],
[0,0,0.02,0.02,0.01,0.01,0.02,0.01,0],
[0.01,0.02,0.01,0.02,0.02,0.02,0.02,0.02,0.01],
[0.01,0.01,0.02,0.02,0.02,0.01,0.01,0.02,0.01],
[0.01,0.02,0.02,0.02,0.02,0,0.01,0.02,0.02],
[0.02,0.02,0.02,0.01,0.02,0.01,0.02,0.02,0.02],
[0.01,0.01,0.02,0.02,0.02,0,0.02,0.01,0.01],
[0.01,0.02,0.02,0.02,0.02,0.01,0.02,0.02,0.01],
[0.01,0.02,0.02,0.02,0.02,0.01,0.01,0.02,0.02],
[0.01,0.02,0.02,0.02,0.02,0,0.01,0.02,0.02],
[0.01,0.02,0.02,0.02,0.02,0,0.02,0.02,0.01],
[0.01,0.02,0.01,0.02,0.02,0.01,0.02,0.02,0.01],
[0.01,0.02,0.02,0.02,0.02,0.01,0.01,0.02,0.02],
[0.01,0.02,0.02,0.02,0.02,0,0.02,0.02,0.01],
[0.01,0.02,0.02,0.02,0.02,0.01,0.02,0.02,0.02],
[0.01,0.02,0.02,0.02,0.02,0.01,0.02,0.02,0.01],
[0.01,0.02,0.02,0.02,0.02,0.01,0.02,0.02,0.01],
[0.01,0.02,0.01,0.02,0.02,0.02,0.02,0.01,0.01],
[0.02,0,0.01,0.02,0.01,0.02,0.02,0.03,0.01],
[0.01,0.01,0.02,0.03,0.03,0,0.01,0.01,0.01],
[0.01,0.03,0,0.01,0.02,0.01,0.02,0.02,0.02],
[0.03,0.02,0.03,0.01,0.02,0,0.03,0.02,0.02],
[0,0,0.02,0.03,0.02,0,0.03,0.02,0],
[0.01,0.02,0.01,0.02,0.01,0.02,0.02,0.02,0.02],
[0.01,0.01,0.02,0.02,0.02,0.01,0.01,0.02,0.01],
[0.01,0.02,0.01,0.01,0.02,0.01,0.01,0.02,0.01],
[0.02,0.02,0.02,0.01,0.02,0.01,0.02,0.02,0.02],
[0.01,0.01,0.02,0.02,0.02,0.01,0.02,0.02,0.01],
[0.01,0.02,0.01,0.02,0.02,0.01,0.01,0.02,0.01],
[0.01,0.02,0.01,0.02,0.02,0.01,0.01,0.02,0.01],
[0.01,0.02,0.02,0.01,0.02,0.01,0.01,0.02,0.01],
[0.01,0.02,0.02,0.02,0.02,0.01,0.02,0.02,0.01],
[0.01,0.02,0.01,0.02,0.02,0.01,0.01,0.02,0.01],
[0.01,0.02,0.02,0.01,0.02,0.01,0.02,0.02,0.01],
[0.01,0.01,0.02,0.02,0.02,0.01,0.02,0.02,0.01],
[0.01,0.02,0.01,0.02,0.02,0.01,0.02,0.02,0.01],
[0.01,0.01,0.02,0.02,0.02,0.01,0.02,0.02,0.01],
[0.01,0.02,0.01,0.02,0.02,0.01,0.02,0.02,0.01],
[0.01,0.02,0.01,0.03,0.02,0.03,0.02,0.01,0.02],
[0.01,0,0.01,0.02,0.01,0.02,0.02,0.01,0.03],
[0.01,0.01,0.02,0.03,0.03,0,0.01,0.01,0.01],
[0.01,0.03,0.02,0.01,0,0.01,0,0.02,0.02],
[0.01,0.01,0.02,0.02,0.02,0,0.03,0.02,0.01],
[0,0.01,0.03,0.03,0.02,0.01,0.02,0.02,0],
[0.01,0.02,0.01,0.02,0.01,0.02,0.02,0.01,0.02],
[0.01,0.01,0.01,0.02,0.02,0.01,0.01,0.01,0.02],
[0.01,0.02,0.02,0.01,0.02,0.01,0.01,0.01,0.02],
[0.01,0.02,0.02,0.01,0.01,0.01,0.02,0.02,0.02],
[0.01,0.01,0.02,0.02,0.02,0.01,0.03,0.02,0.01],
[0.01,0.02,0.01,0.02,0.01,0.02,0.02,0.01,0.02],
[0.01,0.02,0.01,0.02,0.01,0.01,0.01,0.01,0.02],
[0.01,0.02,0.02,0.02,0.02,0.01,0.01,0.01,0.02],
[0.01,0.02,0.02,0.02,0.02,0.01,0.02,0.02,0.01],
[0.01,0.02,0.01,0.02,0.01,0.01,0.01,0.01,0.02],
[0.01,0.02,0.01,0.02,0.01,0.01,0.02,0.01,0.02],
[0.01,0.01,0.02,0.02,0.02,0.01,0.02,0.01,0.01],
[0.01,0.02,0.01,0.02,0.01,0.01,0.02,0.01,0.02],
[0.01,0.01,0.02,0.02,0.02,0.01,0.02,0.01,0.01],
[0.01,0.02,0.02,0.02,0.02,0.01,0.02,0.01,0.01],
[0.01,0.01,0.01,0.02,0.02,0.02,0.02,0.02,0.01],
[0.02,0,0.01,0.02,0.01,0.02,0.02,0.03,0.01],
[0.01,0.01,0.03,0.02,0.03,0,0.01,0.01,0.02],
[0.01,0.03,0,0.01,0.02,0.01,0.02,0.03,0.02],
[0.02,0.02,0.02,0.01,0.02,0.01,0.02,0.01,0.01],
[0,0,0.02,0.02,0.01,0.01,0.02,0.01,0],
[0.01,0.02,0.01,0.02,0.01,0.02,0.02,0.02,0.02],
[0.01,0.01,0.02,0.02,0.02,0.01,0.01,0.02,0.02],
[0.01,0.02,0.02,0.02,0.02,0.01,0.01,0.02,0.02],
[0.02,0.02,0.02,0.01,0.02,0.01,0.02,0.02,0.02],
[0.01,0.01,0.02,0.02,0.02,0.01,0.02,0.01,0.01],
[0.01,0.02,0.01,0.02,0.02,0.01,0.01,0.02,0.02],
[0.01,0.01,0.02,0.02,0.02,0.01,0.01,0.02,0.02],
[0.01,0.02,0.02,0.02,0.02,0.01,0.01,0.02,0.02],
[0.01,0.02,0.02,0.02,0.02,0.01,0.02,0.02,0.01],
[0.01,0.02,0.01,0.02,0.02,0.01,0.01,0.02,0.02],
[0.01,0.02,0.02,0.02,0.02,0.01,0.01,0.02,0.02],
[0.01,0.01,0.02,0.02,0.02,0.01,0.01,0.02,0.01],
[0.01,0.02,0.01,0.02,0.02,0.01,0.01,0.02,0.02],
[0.01,0.01,0.02,0.02,0.02,0.01,0.02,0.02,0.01],
[0.01,0.02,0.01,0.02,0.02,0.01,0.02,0.02,0.01],
[0.01,0.01,0.01,0.02,0.02,0.02,0.02,0.01,0.02],
[0.01,0,0.01,0.02,0.01,0.02,0.02,0.02,0.02],
[0.01,0.01,0.02,0.02,0.02,0,0.01,0.01,0.01],
[0.01,0.03,0.02,0.01,0.02,0.01,0.01,0.02,0.02],
[0.02,0.01,0.02,0.01,0.02,0,0.03,0.01,0.01],
[0,0.01,0.02,0.03,0.01,0.01,0.03,0.01,0],
[0.01,0.02,0.01,0.02,0.01,0.02,0.02,0.02,0.02],
[0.01,0.01,0.01,0.02,0.01,0.01,0.02,0.02,0.02],
[0.01,0.02,0.02,0.01,0.02,0.01,0.01,0.01,0.02],
[0.02,0.02,0.02,0.01,0.02,0.01,0.02,0.02,0.02],
[0.01,0.01,0.02,0.02,0.02,0.01,0.03,0.01,0.01],
[0.01,0.02,0.01,0.02,0.01,0.01,0.02,0.01,0.01],
[0.01,0.02,0.02,0.01,0.02,0.01,0.01,0.02,0.02],
[0.01,0.02,0.02,0.01,0.02,0.01,0.02,0.01,0.02],
[0.01,0.02,0.02,0.02,0.02,0.01,0.02,0.01,0.01],
[0.01,0.02,0.01,0.02,0.02,0.01,0.01,0.01,0.02],
[0.01,0.02,0.02,0.02,0.02,0.01,0.02,0.02,0.02],
[0.01,0.01,0.02,0.02,0.02,0.01,0.02,0.01,0.01],
[0.01,0.02,0.01,0.02,0.02,0.01,0.02,0.01,0.02],
[0.01,0.01,0.02,0.02,0.02,0.01,0.02,0.01,0.01],
[0.01,0.02,0.02,0.02,0.02,0.01,0.02,0.01,0.01],
[0.01,0.01,0.01,0.02,0.02,0.02,0.02,0.02,0.01],
[0.02,0,0.01,0.02,0.01,0.02,0.02,0.02,0.02],
[0.01,0.01,0.02,0.02,0.02,0,0.01,0.01,0.02],
[0.01,0.03,0.02,0.01,0.02,0.01,0.01,0.03,0.02],
[0.02,0.01,0.02,0.01,0.02,0,0.02,0.01,0.01],
[0,0.01,0.02,0.02,0.01,0.01,0.03,0.01,0],
[0.01,0.02,0.01,0.02,0.01,0.02,0.02,0.02,0.02],
[0.01,0.01,0.02,0.02,0.02,0.01,0.01,0.02,0.02],
[0.01,0.02,0.02,0.02,0.02,0.01,0.01,0.02,0.02],
[0.01,0.02,0.02,0.01,0.02,0.01,0.02,0.02,0.02],
[0.01,0.01,0.02,0.02,0.02,0.01,0.02,0.01,0.01],
[0.01,0.02,0.01,0.02,0.02,0.01,0.01,0.02,0.02],
[0.01,0.02,0.02,0.02,0.02,0.01,0.01,0.02,0.02],
[0.01,0.02,0.02,0.02,0.02,0.01,0.01,0.02,0.02],
[0.01,0.02,0.02,0.02,0.02,0.01,0.02,0.02,0.01],
[0.01,0.02,0.01,0.02,0.02,0.01,0.01,0.02,0.02],
[0.01,0.02,0.02,0.02,0.02,0.01,0.02,0.02,0.02],
[0.01,0.01,0.02,0.02,0.02,0.01,0.02,0.01,0.01],
[0.01,0.02,0.01,0.02,0.02,0.01,0.02,0.02,0.02],
[0.01,0.01,0.02,0.02,0.02,0.01,0.02,0.02,0.02],
[0.01,0.02,0.02,0.02,0.02,0.01,0.02,0.02,0.02]]
[[0.12,0.17,0.17,0.17,0.14,0.17,0.12,0.17,0.17],
[0.12,0.17,0.17,0.17,0.14,0.17,0.12,0.17,0.17],
[0.12,0.17,0.17,0.17,0.14,0.17,0.12,0.17,0.17],
[0.12,0.17,0.17,0.17,0.14,0.17,0.12,0.17,0.17],
[0.12,0.17,0.17,0.17,0.14,0.17,0.12,0.17,0.17],
[0.12,0.17,0.17,0.17,0.14,0.17,0.12,0.17,0.17],
[0.24,0.33,0.33,0.33,0.29,0.33,0.24,0.33,0.33],
[0.24,0.33,0.33,0.33,0.29,0.33,0.24,0.33,0.33],
[0.24,0.33,0.33,0.33,0.29,0.33,0.24,0.33,0.33],
[0.24,0.33,0.33,0.33,0.29,0.33,0.24,0.33,0.33],
[0.24,0.33,0.33,0.33,0.29,0.33,0.24,0.33,0.33],
[0.36,0.5,0.5,0.5,0.43,0.5,0.36,0.5,0.5],
[0.36,0.5,0.5,0.5,0.43,0.5,0.36,0.5,0.5],
[0.36,0.5,0.5,0.5,0.43,0.5,0.36,0.5,0.5],
[0.36,0.5,0.5,0.5,0.43,0.5,0.36,0.5,0.5],
[0.48,0.67,0.67,0.67,0.57,0.67,0.48,0.67,0.67],
[0.48,0.67,0.67,0.67,0.57,0.67,0.48,0.67,0.67],
[0.48,0.67,0.67,0.67,0.57,0.67,0.48,0.67,0.67],
[0.6,0.83,0.83,0.83,0.71,0.83,0.6,0.83,0.83],
[0.6,0.83,0.83,0.83,0.71,0.83,0.6,0.83,0.83],
[0.71,1,1,1,0.86,1,0.71,1,1],
[0.12,0.17,0.17,0.17,0.14,0.17,0.12,0.17,0.17],
[0.12,0.17,0.17,0.17,0.14,0.17,0.12,0.17,0.17],
[0.12,0.17,0.17,0.17,0.14,0.17,0.12,0.17,0.17],
[0.12,0.17,0.17,0.17,0.14,0.17,0.12,0.17,0.17],
[0.12,0.17,0.17,0.17,0.14,0.17,0.12,0.17,0.17],
[0.12,0.17,0.17,0.17,0.14,0.17,0.12,0.17,0.17],
[0.24,0.33,0.33,0.33,0.29,0.33,0.24,0.33,0.33],
[0.24,0.33,0.33,0.33,0.29,0.33,0.24,0.33,0.33],
[0.24,0.33,0.33,0.33,0.29,0.33,0.24,0.33,0.33],
[0.24,0.33,0.33,0.33,0.29,0.33,0.24,0.33,0.33],
[0.24,0.33,0.33,0.33,0.29,0.33,0.24,0.33,0.33],
[0.36,0.5,0.5,0.5,0.43,0.5,0.36,0.5,0.5],
[0.36,0.5,0.5,0.5,0.43,0.5,0.36,0.5,0.5],
[0.36,0.5,0.5,0.5,0.43,0.5,0.36,0.5,0.5],
[0.36,0.5,0.5,0.5,0.43,0.5,0.36,0.5,0.5],
[0.48,0.67,0.67,0.67,0.57,0.67,0.48,0.67,0.67],
[0.48,0.67,0.67,0.67,0.57,0.67,0.48,0.67,0.67],
[0.48,0.67,0.67,0.67,0.57,0.67,0.48,0.67,0.67],
[0.6,0.83,0.83,0.83,0.71,0.83,0.6,0.83,0.83],
[0.6,0.83,0.83,0.83,0.71,0.83,0.6,0.83,0.83],
[0.71,1,1,1,0.86,1,0.71,1,1],
[0.12,0.17,0.17,0.17,0.14,0.17,0.12,0.17,0.17],
[0.12,0.17,0.17,0.17,0.14,0.17,0.12,0.17,0.17],
[0.12,0.17,0.17,0.17,0.14,0.17,0.12,0.17,0.17],
[0.12,0.17,0.17,0.17,0.14,0.17,0.12,0.17,0.17],
[0.12,0.17,0.17,0.17,0.14,0.17,0.12,0.17,0.17],
[0.12,0.17,0.17,0.17,0.14,0.17,0.12,0.17,0.17],
[0.24,0.33,0.33,0.33,0.29,0.33,0.24,0.33,0.33],
[0.24,0.33,0.33,0.33,0.29,0.33,0.24,0.33,0.33],
[0.24,0.33,0.33,0.33,0.29,0.33,0.24,0.33,0.33],
[0.24,0.33,0.33,0.33,0.29,0.33,0.24,0.33,0.33],
[0.24,0.33,0.33,0.33,0.29,0.33,0.24,0.33,0.33],
[0.36,0.5,0.5,0.5,0.43,0.5,0.36,0.5,0.5],
[0.36,0.5,0.5,0.5,0.43,0.5,0.36,0.5,0.5],
[0.36,0.5,0.5,0.5,0.43,0.5,0.36,0.5,0.5],
[0.36,0.5,0.5,0.5,0.43,0.5,0.36,0.5,0.5],
[0.48,0.67,0.67,0.67,0.57,0.67,0.48,0.67,0.67],
[0.48,0.67,0.67,0.67,0.57,0.67,0.48,0.67,0.67],
[0.48,0.67,0.67,0.67,0.57,0.67,0.48,0.67,0.67],
[0.6,0.83,0.83,0.83,0.71,0.83,0.6,0.83,0.83],
[0.6,0.83,0.83,0.83,0.71,0.83,0.6,0.83,0.83],
[0.71,1,1,1,0.86,1,0.71,1,1],
[0.12,0.17,0.17,0.17,0.14,0.17,0.12,0.17,0.17],
[0.12,0.17,0.17,0.17,0.14,0.17,0.12,0.17,0.17],
[0.12,0.17,0.17,0.17,0.14,0.17,0.12,0.17,0.17],
[0.12,0.17,0.17,0.17,0.14,0.17,0.12,0.17,0.17],
[0.12,0.17,0.17,0.17,0.14,0.17,0.12,0.17,0.17],
[0.12,0.17,0.17,0.17,0.14,0.17,0.12,0.17,0.17],
[0.24,0.33,0.33,0.33,0.29,0.33,0.24,0.33,0.33],
[0.24,0.33,0.33,0.33,0.29,0.33,0.24,0.33,0.33],
[0.24,0.33,0.33,0.33,0.29,0.33,0.24,0.33,0.33],
[0.24,0.33,0.33,0.33,0.29,0.33,0.24,0.33,0.33],
[0.24,0.33,0.33,0.33,0.29,0.33,0.24,0.33,0.33],
[0.36,0.5,0.5,0.5,0.43,0.5,0.36,0.5,0.5],
[0.36,0.5,0.5,0.5,0.43,0.5,0.36,0.5,0.5],
[0.36,0.5,0.5,0.5,0.43,0.5,0.36,0.5,0.5],
[0.36,0.5,0.5,0.5,0.43,0.5,0.36,0.5,0.5],
[0.48,0.67,0.67,0.67,0.57,0.67,0.48,0.67,0.67],
[0.48,0.67,0.67,0.67,0.57,0.67,0.48,0.67,0.67],
[0.48,0.67,0.67,0.67,0.57,0.67,0.48,0.67,0.67],
[0.6,0.83,0.83,0.83,0.71,0.83,0.6,0.83,0.83],
[0.6,0.83,0.83,0.83,0.71,0.83,0.6,0.83,0.83],
[0.71,1,1,1,0.86,1,0.71,1,1],
[0.12,0.17,0.17,0.17,0.14,0.17,0.12,0.17,0.17],
[0.12,0.17,0.17,0.17,0.14,0.17,0.12,0.17,0.17],
[0.12,0.17,0.17,0.17,0.14,0.17,0.12,0.17,0.17],
[0.12,0.17,0.17,0.17,0.14,0.17,0.12,0.17,0.17],
[0.12,0.17,0.17,0.17,0.14,0.17,0.12,0.17,0.17],
[0.12,0.17,0.17,0.17,0.14,0.17,0.12,0.17,0.17],
[0.24,0.33,0.33,0.33,0.29,0.33,0.24,0.33,0.33],
[0.24,0.33,0.33,0.33,0.29,0.33,0.24,0.33,0.33],
[0.24,0.33,0.33,0.33,0.29,0.33,0.24,0.33,0.33],
[0.24,0.33,0.33,0.33,0.29,0.33,0.24,0.33,0.33],
[0.24,0.33,0.33,0.33,0.29,0.33,0.24,0.33,0.33],
[0.36,0.5,0.5,0.5,0.43,0.5,0.36,0.5,0.5],
[0.36,0.5,0.5,0.5,0.43,0.5,0.36,0.5,0.5],
[0.36,0.5,0.5,0.5,0.43,0.5,0.36,0.5,0.5],
[0.36,0.5,0.5,0.5,0.43,0.5,0.36,0.5,0.5],
[0.48,0.67,0.67,0.67,0.57,0.67,0.48,0.67,0.67],
[0.48,0.67,0.67,0.67,0.57,0.67,0.48,0.67,0.67],
[0.48,0.67,0.67,0.67,0.57,0.67,0.48,0.67,0.67],
[0.6,0.83,0.83,0.83,0.71,0.83,0.6,0.83,0.83],
[0.6,0.83,0.83,0.83,0.71,0.83,0.6,0.83,0.83],
[0.71,1,1,1,0.86,1,0.71,1,1],
[0.12,0.17,0.17,0.17,0.14,0.17,0.12,0.17,0.17],
[0.12,0.17,0.17,0.17,0.14,0.17,0.12,0.17,0.17],
[0.12,0.17,0.17,0.17,0.14,0.17,0.12,0.17,0.17],
[0.12,0.17,0.17,0.17,0.14,0.17,0.12,0.17,0.17],
[0.12,0.17,0.17,0.17,0.14,0.17,0.12,0.17,0.17],
[0.12,0.17,0.17,0.17,0.14,0.17,0.12,0.17,0.17],
[0.24,0.33,0.33,0.33,0.29,0.33,0.24,0.33,0.33],
[0.24,0.33,0.33,0.33,0.29,0.33,0.24,0.33,0.33],
[0.24,0.33,0.33,0.33,0.29,0.33,0.24,0.33,0.33],
[0.24,0.33,0.33,0.33,0.29,0.33,0.24,0.33,0.33],
[0.24,0.33,0.33,0.33,0.29,0.33,0.24,0.33,0.33],
[0.36,0.5,0.5,0.5,0.43,0.5,0.36,0.5,0.5],
[0.36,0.5,0.5,0.5,0.43,0.5,0.36,0.5,0.5],
[0.36,0.5,0.5,0.5,0.43,0.5,0.36,0.5,0.5],
[0.36,0.5,0.5,0.5,0.43,0.5,0.36,0.5,0.5],
[0.48,0.67,0.67,0.67,0.57,0.67,0.48,0.67,0.67],
[0.48,0.67,0.67,0.67,0.57,0.67,0.48,0.67,0.67],
[0.48,0.67,0.67,0.67,0.57,0.67,0.48,0.67,0.67],
[0.6,0.83,0.83,0.83,0.71,0.83,0.6,0.83,0.83],
[0.6,0.83,0.83,0.83,0.71,0.83,0.6,0.83,0.83],
[0.71,1,1,1,0.86,1,0.71,1,1],
[0.12,0.17,0.17,0.17,0.14,0.17,0.12,0.17,0.17],
[0.12,0.17,0.17,0.17,0.14,0.17,0.12,0.17,0.17],
[0.12,0.17,0.17,0.17,0.14,0.17,0.12,0.17,0.17],
[0.12,0.17,0.17,0.17,0.14,0.17,0.12,0.17,0.17],
[0.12,0.17,0.17,0.17,0.14,0.17,0.12,0.17,0.17],
[0.12,0.17,0.17,0.17,0.14,0.17,0.12,0.17,0.17],
[0.24,0.33,0.33,0.33,0.29,0.33,0.24,0.33,0.33],
[0.24,0.33,0.33,0.33,0.29,0.33,0.24,0.33,0.33],
[0.24,0.33,0.33,0.33,0.29,0.33,0.24,0.33,0.33],
[0.24,0.33,0.33,0.33,0.29,0.33,0.24,0.33,0.33],
[0.24,0.33,0.33,0.33,0.29,0.33,0.24,0.33,0.33],
[0.36,0.5,0.5,0.5,0.43,0.5,0.36,0.5,0.5],
[0.36,0.5,0.5,0.5,0.43,0.5,0.36,0.5,0.5],
[0.36,0.5,0.5,0.5,0.43,0.5,0.36,0.5,0.5],
[0.36,0.5,0.5,0.5,0.43,0.5,0.36,0.5,0.5],
[0.48,0.67,0.67,0.67,0.57,0.67,0.48,0.67,0.67],
[0.48,0.67,0.67,0.67,0.57,0.67,0.48,0.67,0.67],
[0.48,0.67,0.67,0.67,0.57,0.67,0.48,0.67,0.67],
[0.6,0.83,0.83,0.83,0.71,0.83,0.6,0.83,0.83],
[0.6,0.83,0.83,0.83,0.71,0.83,0.6,0.83,0.83],
[0.71,1,1,1,0.86,1,0.71,1,1],
[0.24,0.33,0.33,0.33,0.29,0.33,0.24,0.33,0.33],
[0.24,0.33,0.33,0.33,0.29,0.33,0.24,0.33,0.33],
[0.24,0.33,0.33,0.33,0.29,0.33,0.24,0.33,0.33],
[0.24,0.33,0.33,0.33,0.29,0.33,0.24,0.33,0.33],
[0.24,0.33,0.33,0.33,0.29,0.33,0.24,0.33,0.33],
[0.24,0.33,0.33,0.33,0.29,0.33,0.24,0.33,0.33],
[0.48,0.67,0.67,0.67,0.57,0.67,0.48,0.67,0.67],
[0.48,0.67,0.67,0.67,0.57,0.67,0.48,0.67,0.67],
[0.48,0.67,0.67,0.67,0.57,0.67,0.48,0.67,0.67],
[0.48,0.67,0.67,0.67,0.57,0.67,0.48,0.67,0.67],
[0.48,0.67,0.67,0.67,0.57,0.67,0.48,0.67,0.67],
[0.71,1,1,1,0.86,1,0.71,1,1],
[0.71,1,1,1,0.86,1,0.71,1,1],
[0.71,1,1,1,0.86,1,0.71,1,1],
[0.71,1,1,1,0.86,1,0.71,1,1],
[0.95,1.33,1.33,1.33,1.14,1.33,0.95,1.33,1.33],
[0.95,1.33,1.33,1.33,1.14,1.33,0.95,1.33,1.33],
[0.95,1.33,1.33,1.33,1.14,1.33,0.95,1.33,1.33],
[1.19,1.67,1.67,1.67,1.43,1.67,1.19,1.67,1.67],
[1.19,1.67,1.67,1.67,1.43,1.67,1.19,1.67,1.67],
[1.43,2,2,2,1.71,2,1.43,2,2],
[0.24,0.33,0.33,0.33,0.29,0.33,0.24,0.33,0.33],
[0.24,0.33,0.33,0.33,0.29,0.33,0.24,0.33,0.33],
[0.24,0.33,0.33,0.33,0.29,0.33,0.24,0.33,0.33],
[0.24,0.33,0.33,0.33,0.29,0.33,0.24,0.33,0.33],
[0.24,0.33,0.33,0.33,0.29,0.33,0.24,0.33,0.33],
[0.24,0.33,0.33,0.33,0.29,0.33,0.24,0.33,0.33],
[0.48,0.67,0.67,0.67,0.57,0.67,0.48,0.67,0.67],
[0.48,0.67,0.67,0.67,0.57,0.67,0.48,0.67,0.67],
[0.48,0.67,0.67,0.67,0.57,0.67,0.48,0.67,0.67],
[0.48,0.67,0.67,0.67,0.57,0.67,0.48,0.67,0.67],
[0.48,0.67,0.67,0.67,0.57,0.67,0.48,0.67,0.67],
[0.71,1,1,1,0.86,1,0.71,1,1],
[0.71,1,1,1,0.86,1,0.71,1,1],
[0.71,1,1,1,0.86,1,0.71,1,1],
[0.71,1,1,1,0.86,1,0.71,1,1],
[0.95,1.33,1.33,1.33,1.14,1.33,0.95,1.33,1.33],
[0.95,1.33,1.33,1.33,1.14,1.33,0.95,1.33,1.33],
[0.95,1.33,1.33,1.33,1.14,1.33,0.95,1.33,1.33],
[1.19,1.67,1.67,1.67,1.43,1.67,1.19,1.67,1.67],
[1.19,1.67,1.67,1.67,1.43,1.67,1.19,1.67,1.67],
[1.43,2,2,2,1.71,2,1.43,2,2],
[0.24,0.33,0.33,0.33,0.29,0.33,0.24,0.33,0.33],
[0.24,0.33,0.33,0.33,0.29,0.33,0.24,0.33,0.33],
[0.24,0.33,0.33,0.33,0.29,0.33,0.24,0.33,0.33],
[0.24,0.33,0.33,0.33,0.29,0.33,0.24,0.33,0.33],
[0.24,0.33,0.33,0.33,0.29,0.33,0.24,0.33,0.33],
[0.24,0.33,0.33,0.33,0.29,0.33,0.24,0.33,0.33],
[0.48,0.67,0.67,0.67,0.57,0.67,0.48,0.67,0.67],
[0.48,0.67,0.67,0.67,0.57,0.67,0.48,0.67,0.67],
[0.48,0.67,0.67,0.67,0.57,0.67,0.48,0.67,0.67],
[0.48,0.67,0.67,0.67,0.57,0.67,0.48,0.67,0.67],
[0.48,0.67,0.67,0.67,0.57,0.67,0.48,0.67,0.67],
[0.71,1,1,1,0.86,1,0.71,1,1],
[0.71,1,1,1,0.86,1,0.71,1,1],
[0.71,1,1,1,0.86,1,0.71,1,1],
[0.71,1,1,1,0.86,1,0.71,1,1],
[0.95,1.33,1.33,1.33,1.14,1.33,0.95,1.33,1.33],
[0.95,1.33,1.33,1.33,1.14,1.33,0.95,1.33,1.33],
[0.95,1.33,1.33,1.33,1.14,1.33,0.95,1.33,1.33],
[1.19,1.67,1.67,1.67,1.43,1.67,1.19,1.67,1.67],
[1.19,1.67,1.67,1.67,1.43,1.67,1.19,1.67,1.67],
[1.43,2,2,2,1.71,2,1.43,2,2],
[0.24,0.33,0.33,0.33,0.29,0.33,0.24,0.33,0.33],
[0.24,0.33,0.33,0.33,0.29,0.33,0.24,0.33,0.33],
[0.24,0.33,0.33,0.33,0.29,0.33,0.24,0.33,0.33],
[0.24,0.33,0.33,0.33,0.29,0.33,0.24,0.33,0.33],
[0.24,0.33,0.33,0.33,0.29,0.33,0.24,0.33,0.33],
[0.24,0.33,0.33,0.33,0.29,0.33,0.24,0.33,0.33],
[0.48,0.67,0.67,0.67,0.57,0.67,0.48,0.67,0.67],
[0.48,0.67,0.67,0.67,0.57,0.67,0.48,0.67,0.67],
[0.48,0.67,0.67,0.67,0.57,0.67,0.48,0.67,0.67],
[0.48,0.67,0.67,0.67,0.57,0.67,0.48,0.67,0.67],
[0.48,0.67,0.67,0.67,0.57,0.67,0.48,0.67,0.67],
[0.71,1,1,1,0.86,1,0.71,1,1],
[0.71,1,1,1,0.86,1,0.71,1,1],
[0.71,1,1,1,0.86,1,0.71,1,1],
[0.71,1,1,1,0.86,1,0.71,1,1],
[0.95,1.33,1.33,1.33,1.14,1.33,0.95,1.33,1.33],
[0.95,1.33,1.33,1.33,1.14,1.33,0.95,1.33,1.33],
[0.95,1.33,1.33,1.33,1.14,1.33,0.95,1.33,1.33],
[1.19,1.67,1.67,1.67,1.43,1.67,1.19,1.67,1.67],
[1.19,1.67,1.67,1.67,1.43,1.67,1.19,1.67,1.67],
[1.43,2,2,2,1.71,2,1.43,2,2],
[0.24,0.33,0.33,0.33,0.29,0.33,0.24,0.33,0.33],
[0.24,0.33,0.33,0.33,0.29,0.33,0.24,0.33,0.33],
[0.24,0.33,0.33,0.33,0.29,0.33,0.24,0.33,0.33],
[0.24,0.33,0.33,0.33,0.29,0.33,0.24,0.33,0.33],
[0.24,0.33,0.33,0.33,0.29,0.33,0.24,0.33,0.33],
[0.24,0.33,0.33,0.33,0.29,0.33,0.24,0.33,0.33],
[0.48,0.67,0.67,0.67,0.57,0.67,0.48,0.67,0.67],
[0.48,0.67,0.67,0.67,0.57,0.67,0.48,0.67,0.67],
[0.48,0.67,0.67,0.67,0.57,0.67,0.48,0.67,0.67],
[0.48,0.67,0.67,0.67,0.57,0.67,0.48,0.67,0.67],
[0.48,0.67,0.67,0.67,0.57,0.67,0.48,0.67,0.67],
[0.71,1,1,1,0.86,1,0.71,1,1],
[0.71,1,1,1,0.86,1,0.71,1,1],
[0.71,1,1,1,0.86,1,0.71,1,1],
[0.71,1,1,1,0.86,1,0.71,1,1],
[0.95,1.33,1.33,1.33,1.14,1.33,0.95,1.33,1.33],
[0.95,1.33,1.33,1.33,1.14,1.33,0.95,1.33,1.33],
[0.95,1.33,1.33,1.33,1.14,1.33,0.95,1.33,1.33],
[1.19,1.67,1.67,1.67,1.43,1.67,1.19,1.67,1.67],
[1.19,1.67,1.67,1.67,1.43,1.67,1.19,1.67,1.67],
[1.43,2,2,2,1.71,2,1.43,2,2],
[0.24,0.33,0.33,0.33,0.29,0.33,0.24,0.33,0.33],
[0.24,0.33,0.33,0.33,0.29,0.33,0.24,0.33,0.33],
[0.24,0.33,0.33,0.33,0.29,0.33,0.24,0.33,0.33],
[0.24,0.33,0.33,0.33,0.29,0.33,0.24,0.33,0.33],
[0.24,0.33,0.33,0.33,0.29,0.33,0.24,0.33,0.33],
[0.24,0.33,0.33,0.33,0.29,0.33,0.24,0.33,0.33],
[0.48,0.67,0.67,0.67,0.57,0.67,0.48,0.67,0.67],
[0.48,0.67,0.67,0.67,0.57,0.67,0.48,0.67,0.67],
[0.48,0.67,0.67,0.67,0.57,0.67,0.48,0.67,0.67],
[0.48,0.67,0.67,0.67,0.57,0.67,0.48,0.67,0.67],
[0.48,0.67,0.67,0.67,0.57,0.67,0.48,0.67,0.67],
[0.71,1,1,1,0.86,1,0.71,1,1],
[0.71,1,1,1,0.86,1,0.71,1,1],
[0.71,1,1,1,0.86,1,0.71,1,1],
[0.71,1,1,1,0.86,1,0.71,1,1],
[0.95,1.33,1.33,1.33,1.14,1.33,0.95,1.33,1.33],
[0.95,1.33,1.33,1.33,1.14,1.33,0.95,1.33,1.33],
[0.95,1.33,1.33,1.33,1.14,1.33,0.95,1.33,1.33],
[1.19,1.67,1.67,1.67,1.43,1.67,1.19,1.67,1.67],
[1.19,1.67,1.67,1.67,1.43,1.67,1.19,1.67,1.67],
[1.43,2,2,2,1.71,2,1.43,2,2],
[0.36,0.5,0.5,0.5,0.43,0.5,0.36,0.5,0.5],
[0.36,0.5,0.5,0.5,0.43,0.5,0.36,0.5,0.5],
[0.36,0.5,0.5,0.5,0.43,0.5,0.36,0.5,0.5],
[0.36,0.5,0.5,0.5,0.43,0.5,0.36,0.5,0.5],
[0.36,0.5,0.5,0.5,0.43,0.5,0.36,0.5,0.5],
[0.36,0.5,0.5,0.5,0.43,0.5,0.36,0.5,0.5],
[0.71,1,1,1,0.86,1,0.71,1,1],
[0.71,1,1,1,0.86,1,0.71,1,1],
[0.71,1,1,1,0.86,1,0.71,1,1],
[0.71,1,1,1,0.86,1,0.71,1,1],
[0.71,1,1,1,0.86,1,0.71,1,1],
[1.07,1.5,1.5,1.5,1.29,1.5,1.07,1.5,1.5],
[1.07,1.5,1.5,1.5,1.29,1.5,1.07,1.5,1.5],
[1.07,1.5,1.5,1.5,1.29,1.5,1.07,1.5,1.5],
[1.07,1.5,1.5,1.5,1.29,1.5,1.07,1.5,1.5],
[1.43,2,2,2,1.71,2,1.43,2,2],
[1.43,2,2,2,1.71,2,1.43,2,2],
[1.43,2,2,2,1.71,2,1.43,2,2],
[1.79,2.5,2.5,2.5,2.14,2.5,1.79,2.5,2.5],
[1.79,2.5,2.5,2.5,2.14,2.5,1.79,2.5,2.5],
[2.14,3,3,3,2.57,3,2.14,3,3],
[0.36,0.5,0.5,0.5,0.43,0.5,0.36,0.5,0.5],
[0.36,0.5,0.5,0.5,0.43,0.5,0.36,0.5,0.5],
[0.36,0.5,0.5,0.5,0.43,0.5,0.36,0.5,0.5],
[0.36,0.5,0.5,0.5,0.43,0.5,0.36,0.5,0.5],
[0.36,0.5,0.5,0.5,0.43,0.5,0.36,0.5,0.5],
[0.36,0.5,0.5,0.5,0.43,0.5,0.36,0.5,0.5],
[0.71,1,1,1,0.86,1,0.71,1,1],
[0.71,1,1,1,0.86,1,0.71,1,1],
[0.71,1,1,1,0.86,1,0.71,1,1],
[0.71,1,1,1,0.86,1,0.71,1,1],
[0.71,1,1,1,0.86,1,0.71,1,1],
[1.07,1.5,1.5,1.5,1.29,1.5,1.07,1.5,1.5],
[1.07,1.5,1.5,1.5,1.29,1.5,1.07,1.5,1.5],
[1.07,1.5,1.5,1.5,1.29,1.5,1.07,1.5,1.5],
[1.07,1.5,1.5,1.5,1.29,1.5,1.07,1.5,1.5],
[1.43,2,2,2,1.71,2,1.43,2,2],
[1.43,2,2,2,1.71,2,1.43,2,2],
[1.43,2,2,2,1.71,2,1.43,2,2],
[1.79,2.5,2.5,2.5,2.14,2.5,1.79,2.5,2.5],
[1.79,2.5,2.5,2.5,2.14,2.5,1.79,2.5,2.5],
[2.14,3,3,3,2.57,3,2.14,3,3],
[0.36,0.5,0.5,0.5,0.43,0.5,0.36,0.5,0.5],
[0.36,0.5,0.5,0.5,0.43,0.5,0.36,0.5,0.5],
[0.36,0.5,0.5,0.5,0.43,0.5,0.36,0.5,0.5],
[0.36,0.5,0.5,0.5,0.43,0.5,0.36,0.5,0.5],
[0.36,0.5,0.5,0.5,0.43,0.5,0.36,0.5,0.5],
[0.36,0.5,0.5,0.5,0.43,0.5,0.36,0.5,0.5],
[0.71,1,1,1,0.86,1,0.71,1,1],
[0.71,1,1,1,0.86,1,0.71,1,1],
[0.71,1,1,1,0.86,1,0.71,1,1],
[0.71,1,1,1,0.86,1,0.71,1,1],
[0.71,1,1,1,0.86,1,0.71,1,1],
[1.07,1.5,1.5,1.5,1.29,1.5,1.07,1.5,1.5],
[1.07,1.5,1.5,1.5,1.29,1.5,1.07,1.5,1.5],
[1.07,1.5,1.5,1.5,1.29,1.5,1.07,1.5,1.5],
[1.07,1.5,1.5,1.5,1.29,1.5,1.07,1.5,1.5],
[1.43,2,2,2,1.71,2,1.43,2,2],
[1.43,2,2,2,1.71,2,1.43,2,2],
[1.43,2,2,2,1.71,2,1.43,2,2],
[1.79,2.5,2.5,2.5,2.14,2.5,1.79,2.5,2.5],
[1.79,2.5,2.5,2.5,2.14,2.5,1.79,2.5,2.5],
[2.14,3,3,3,2.57,3,2.14,3,3],
[0.36,0.5,0.5,0.5,0.43,0.5,0.36,0.5,0.5],
[0.36,0.5,0.5,0.5,0.43,0.5,0.36,0.5,0.5],
[0.36,0.5,0.5,0.5,0.43,0.5,0.36,0.5,0.5],
[0.36,0.5,0.5,0.5,0.43,0.5,0.36,0.5,0.5],
[0.36,0.5,0.5,0.5,0.43,0.5,0.36,0.5,0.5],
[0.36,0.5,0.5,0.5,0.43,0.5,0.36,0.5,0.5],
[0.71,1,1,1,0.86,1,0.71,1,1],
[0.71,1,1,1,0.86,1,0.71,1,1],
[0.71,1,1,1,0.86,1,0.71,1,1],
[0.71,1,1,1,0.86,1,0.71,1,1],
[0.71,1,1,1,0.86,1,0.71,1,1],
[1.07,1.5,1.5,1.5,1.29,1.5,1.07,1.5,1.5],
[1.07,1.5,1.5,1.5,1.29,1.5,1.07,1.5,1.5],
[1.07,1.5,1.5,1.5,1.29,1.5,1.07,1.5,1.5],
[1.07,1.5,1.5,1.5,1.29,1.5,1.07,1.5,1.5],
[1.43,2,2,2,1.71,2,1.43,2,2],
[1.43,2,2,2,1.71,2,1.43,2,2],
[1.43,2,2,2,1.71,2,1.43,2,2],
[1.79,2.5,2.5,2.5,2.14,2.5,1.79,2.5,2.5],
[1.79,2.5,2.5,2.5,2.14,2.5,1.79,2.5,2.5],
[2.14,3,3,3,2.57,3,2.14,3,3],
[0.36,0.5,0.5,0.5,0.43,0.5,0.36,0.5,0.5],
[0.36,0.5,0.5,0.5,0.43,0.5,0.36,0.5,0.5],
[0.36,0.5,0.5,0.5,0.43,0.5,0.36,0.5,0.5],
[0.36,0.5,0.5,0.5,0.43,0.5,0.36,0.5,0.5],
[0.36,0.5,0.5,0.5,0.43,0.5,0.36,0.5,0.5],
[0.36,0.5,0.5,0.5,0.43,0.5,0.36,0.5,0.5],
[0.71,1,1,1,0.86,1,0.71,1,1],
[0.71,1,1,1,0.86,1,0.71,1,1],
[0.71,1,1,1,0.86,1,0.71,1,1],
[0.71,1,1,1,0.86,1,0.71,1,1],
[0.71,1,1,1,0.86,1,0.71,1,1],
[1.07,1.5,1.5,1.5,1.29,1.5,1.07,1.5,1.5],
[1.07,1.5,1.5,1.5,1.29,1.5,1.07,1.5,1.5],
[1.07,1.5,1.5,1.5,1.29,1.5,1.07,1.5,1.5],
[1.07,1.5,1.5,1.5,1.29,1.5,1.07,1.5,1.5],
[1.43,2,2,2,1.71,2,1.43,2,2],
[1.43,2,2,2,1.71,2,1.43,2,2],
[1.43,2,2,2,1.71,2,1.43,2,2],
[1.79,2.5,2.5,2.5,2.14,2.5,1.79,2.5,2.5],
[1.79,2.5,2.5,2.5,2.14,2.5,1.79,2.5,2.5],
[2.14,3,3,3,2.57,3,2.14,3,3],
[0.48,0.67,0.67,0.67,0.57,0.67,0.48,0.67,0.67],
[0.48,0.67,0.67,0.67,0.57,0.67,0.48,0.67,0.67],
[0.48,0.67,0.67,0.67,0.57,0.67,0.48,0.67,0.67],
[0.48,0.67,0.67,0.67,0.57,0.67,0.48,0.67,0.67],
[0.48,0.67,0.67,0.67,0.57,0.67,0.48,0.67,0.67],
[0.48,0.67,0.67,0.67,0.57,0.67,0.48,0.67,0.67],
[0.95,1.33,1.33,1.33,1.14,1.33,0.95,1.33,1.33],
[0.95,1.33,1.33,1.33,1.14,1.33,0.95,1.33,1.33],
[0.95,1.33,1.33,1.33,1.14,1.33,0.95,1.33,1.33],
[0.95,1.33,1.33,1.33,1.14,1.33,0.95,1.33,1.33],
[0.95,1.33,1.33,1.33,1.14,1.33,0.95,1.33,1.33],
[1.43,2,2,2,1.71,2,1.43,2,2],
[1.43,2,2,2,1.71,2,1.43,2,2],
[1.43,2,2,2,1.71,2,1.43,2,2],
[1.43,2,2,2,1.71,2,1.43,2,2],
[1.9,2.67,2.67,2.67,2.29,2.67,1.9,2.67,2.67],
[1.9,2.67,2.67,2.67,2.29,2.67,1.9,2.67,2.67],
[1.9,2.67,2.67,2.67,2.29,2.67,1.9,2.67,2.67],
[2.38,3.33,3.33,3.33,2.86,3.33,2.38,3.33,3.33],
[2.38,3.33,3.33,3.33,2.86,3.33,2.38,3.33,3.33],
[2.86,4,4,4,3.43,4,2.86,4,4],
[0.48,0.67,0.67,0.67,0.57,0.67,0.48,0.67,0.67],
[0.48,0.67,0.67,0.67,0.57,0.67,0.48,0.67,0.67],
[0.48,0.67,0.67,0.67,0.57,0.67,0.48,0.67,0.67],
[0.48,0.67,0.67,0.67,0.57,0.67,0.48,0.67,0.67],
[0.48,0.67,0.67,0.67,0.57,0.67,0.48,0.67,0.67],
[0.48,0.67,0.67,0.67,0.57,0.67,0.48,0.67,0.67],
[0.95,1.33,1.33,1.33,1.14,1.33,0.95,1.33,1.33],
[0.95,1.33,1.33,1.33,1.14,1.33,0.95,1.33,1.33],
[0.95,1.33,1.33,1.33,1.14,1.33,0.95,1.33,1.33],
[0.95,1.33,1.33,1.33,1.14,1.33,0.95,1.33,1.33],
[0.95,1.33,1.33,1.33,1.14,1.33,0.95,1.33,1.33],
[1.43,2,2,2,1.71,2,1.43,2,2],
[1.43,2,2,2,1.71,2,1.43,2,2],
[1.43,2,2,2,1.71,2,1.43,2,2],
[1.43,2,2,2,1.71,2,1.43,2,2],
[1.9,2.67,2.67,2.67,2.29,2.67,1.9,2.67,2.67],
[1.9,2.67,2.67,2.67,2.29,2.67,1.9,2.67,2.67],
[1.9,2.67,2.67,2.67,2.29,2.67,1.9,2.67,2.67],
[2.38,3.33,3.33,3.33,2.86,3.33,2.38,3.33,3.33],
[2.38,3.33,3.33,3.33,2.86,3.33,2.38,3.33,3.33],
[2.86,4,4,4,3.43,4,2.86,4,4],
[0.48,0.67,0.67,0.67,0.57,0.67,0.48,0.67,0.67],
[0.48,0.67,0.67,0.67,0.57,0.67,0.48,0.67,0.67],
[0.48,0.67,0.67,0.67,0.57,0.67,0.48,0.67,0.67],
[0.48,0.67,0.67,0.67,0.57,0.67,0.48,0.67,0.67],
[0.48,0.67,0.67,0.67,0.57,0.67,0.48,0.67,0.67],
[0.48,0.67,0.67,0.67,0.57,0.67,0.48,0.67,0.67],
[0.95,1.33,1.33,1.33,1.14,1.33,0.95,1.33,1.33],
[0.95,1.33,1.33,1.33,1.14,1.33,0.95,1.33,1.33],
[0.95,1.33,1.33,1.33,1.14,1.33,0.95,1.33,1.33],
[0.95,1.33,1.33,1.33,1.14,1.33,0.95,1.33,1.33],
[0.95,1.33,1.33,1.33,1.14,1.33,0.95,1.33,1.33],
[1.43,2,2,2,1.71,2,1.43,2,2],
[1.43,2,2,2,1.71,2,1.43,2,2],
[1.43,2,2,2,1.71,2,1.43,2,2],
[1.43,2,2,2,1.71,2,1.43,2,2],
[1.9,2.67,2.67,2.67,2.29,2.67,1.9,2.67,2.67],
[1.9,2.67,2.67,2.67,2.29,2.67,1.9,2.67,2.67],
[1.9,2.67,2.67,2.67,2.29,2.67,1.9,2.67,2.67],
[2.38,3.33,3.33,3.33,2.86,3.33,2.38,3.33,3.33],
[2.38,3.33,3.33,3.33,2.86,3.33,2.38,3.33,3.33],
[2.86,4,4,4,3.43,4,2.86,4,4],
[0.48,0.67,0.67,0.67,0.57,0.67,0.48,0.67,0.67],
[0.48,0.67,0.67,0.67,0.57,0.67,0.48,0.67,0.67],
[0.48,0.67,0.67,0.67,0.57,0.67,0.48,0.67,0.67],
[0.48,0.67,0.67,0.67,0.57,0.67,0.48,0.67,0.67],
[0.48,0.67,0.67,0.67,0.57,0.67,0.48,0.67,0.67],
[0.48,0.67,0.67,0.67,0.57,0.67,0.48,0.67,0.67],
[0.95,1.33,1.33,1.33,1.14,1.33,0.95,1.33,1.33],
[0.95,1.33,1.33,1.33,1.14,1.33,0.95,1.33,1.33],
[0.95,1.33,1.33,1.33,1.14,1.33,0.95,1.33,1.33],
[0.95,1.33,1.33,1.33,1.14,1.33,0.95,1.33,1.33],
[0.95,1.33,1.33,1.33,1.14,1.33,0.95,1.33,1.33],
[1.43,2,2,2,1.71,2,1.43,2,2],
[1.43,2,2,2,1.71,2,1.43,2,2],
[1.43,2,2,2,1.71,2,1.43,2,2],
[1.43,2,2,2,1.71,2,1.43,2,2],
[1.9,2.67,2.67,2.67,2.29,2.67,1.9,2.67,2.67],
[1.9,2.67,2.67,2.67,2.29,2.67,1.9,2.67,2.67],
[1.9,2.67,2.67,2.67,2.29,2.67,1.9,2.67,2.67],
[2.38,3.33,3.33,3.33,2.86,3.33,2.38,3.33,3.33],
[2.38,3.33,3.33,3.33,2.86,3.33,2.38,3.33,3.33],
[2.86,4,4,4,3.43,4,2.86,4,4],
[0.6,0.83,0.83,0.83,0.71,0.83,0.6,0.83,0.83],
[0.6,0.83,0.83,0.83,0.71,0.83,0.6,0.83,0.83],
[0.6,0.83,0.83,0.83,0.71,0.83,0.6,0.83,0.83],
[0.6,0.83,0.83,0.83,0.71,0.83,0.6,0.83,0.83],
[0.6,0.83,0.83,0.83,0.71,0.83,0.6,0.83,0.83],
[0.6,0.83,0.83,0.83,0.71,0.83,0.6,0.83,0.83],
[1.19,1.67,1.67,1.67,1.43,1.67,1.19,1.67,1.67],
[1.19,1.67,1.67,1.67,1.43,1.67,1.19,1.67,1.67],
[1.19,1.67,1.67,1.67,1.43,1.67,1.19,1.67,1.67],
[1.19,1.67,1.67,1.67,1.43,1.67,1.19,1.67,1.67],
[1.19,1.67,1.67,1.67,1.43,1.67,1.19,1.67,1.67],
[1.79,2.5,2.5,2.5,2.14,2.5,1.79,2.5,2.5],
[1.79,2.5,2.5,2.5,2.14,2.5,1.79,2.5,2.5],
[1.79,2.5,2.5,2.5,2.14,2.5,1.79,2.5,2.5],
[1.79,2.5,2.5,2.5,2.14,2.5,1.79,2.5,2.5],
[2.38,3.33,3.33,3.33,2.86,3.33,2.38,3.33,3.33],
[2.38,3.33,3.33,3.33,2.86,3.33,2.38,3.33,3.33],
[2.38,3.33,3.33,3.33,2.86,3.33,2.38,3.33,3.33],
[2.98,4.17,4.17,4.17,3.57,4.17,2.98,4.17,4.17],
[2.98,4.17,4.17,4.17,3.57,4.17,2.98,4.17,4.17],
[3.57,5,5,5,4.29,5,3.57,5,5],
[0.6,0.83,0.83,0.83,0.71,0.83,0.6,0.83,0.83],
[0.6,0.83,0.83,0.83,0.71,0.83,0.6,0.83,0.83],
[0.6,0.83,0.83,0.83,0.71,0.83,0.6,0.83,0.83],
[0.6,0.83,0.83,0.83,0.71,0.83,0.6,0.83,0.83],
[0.6,0.83,0.83,0.83,0.71,0.83,0.6,0.83,0.83],
[0.6,0.83,0.83,0.83,0.71,0.83,0.6,0.83,0.83],
[1.19,1.67,1.67,1.67,1.43,1.67,1.19,1.67,1.67],
[1.19,1.67,1.67,1.67,1.43,1.67,1.19,1.67,1.67],
[1.19,1.67,1.67,1.67,1.43,1.67,1.19,1.67,1.67],
[1.19,1.67,1.67,1.67,1.43,1.67,1.19,1.67,1.67],
[1.19,1.67,1.67,1.67,1.43,1.67,1.19,1.67,1.67],
[1.79,2.5,2.5,2.5,2.14,2.5,1.79,2.5,2.5],
[1.79,2.5,2.5,2.5,2.14,2.5,1.79,2.5,2.5],
[1.79,2.5,2.5,2.5,2.14,2.5,1.79,2.5,2.5],
[1.79,2.5,2.5,2.5,2.14,2.5,1.79,2.5,2.5],
[2.38,3.33,3.33,3.33,2.86,3.33,2.38,3.33,3.33],
[2.38,3.33,3.33,3.33,2.86,3.33,2.38,3.33,3.33],
[2.38,3.33,3.33,3.33,2.86,3.33,2.38,3.33,3.33],
[2.98,4.17,4.17,4.17,3.57,4.17,2.98,4.17,4.17],
[2.98,4.17,4.17,4.17,3.57,4.17,2.98,4.17,4.17],
[3.57,5,5,5,4.29,5,3.57,5,5],
[0.6,0.83,0.83,0.83,0.71,0.83,0.6,0.83,0.83],
[0.6,0.83,0.83,0.83,0.71,0.83,0.6,0.83,0.83],
[0.6,0.83,0.83,0.83,0.71,0.83,0.6,0.83,0.83],
[0.6,0.83,0.83,0.83,0.71,0.83,0.6,0.83,0.83],
[0.6,0.83,0.83,0.83,0.71,0.83,0.6,0.83,0.83],
[0.6,0.83,0.83,0.83,0.71,0.83,0.6,0.83,0.83],
[1.19,1.67,1.67,1.67,1.43,1.67,1.19,1.67,1.67],
[1.19,1.67,1.67,1.67,1.43,1.67,1.19,1.67,1.67],
[1.19,1.67,1.67,1.67,1.43,1.67,1.19,1.67,1.67],
[1.19,1.67,1.67,1.67,1.43,1.67,1.19,1.67,1.67],
[1.19,1.67,1.67,1.67,1.43,1.67,1.19,1.67,1.67],
[1.79,2.5,2.5,2.5,2.14,2.5,1.79,2.5,2.5],
[1.79,2.5,2.5,2.5,2.14,2.5,1.79,2.5,2.5],
[1.79,2.5,2.5,2.5,2.14,2.5,1.79,2.5,2.5],
[1.79,2.5,2.5,2.5,2.14,2.5,1.79,2.5,2.5],
[2.38,3.33,3.33,3.33,2.86,3.33,2.38,3.33,3.33],
[2.38,3.33,3.33,3.33,2.86,3.33,2.38,3.33,3.33],
[2.38,3.33,3.33,3.33,2.86,3.33,2.38,3.33,3.33],
[2.98,4.17,4.17,4.17,3.57,4.17,2.98,4.17,4.17],
[2.98,4.17,4.17,4.17,3.57,4.17,2.98,4.17,4.17],
[3.57,5,5,5,4.29,5,3.57,5,5],
[0.71,1,1,1,0.86,1,0.71,1,1],
[0.71,1,1,1,0.86,1,0.71,1,1],
[0.71,1,1,1,0.86,1,0.71,1,1],
[0.71,1,1,1,0.86,1,0.71,1,1],
[0.71,1,1,1,0.86,1,0.71,1,1],
[0.71,1,1,1,0.86,1,0.71,1,1],
[1.43,2,2,2,1.71,2,1.43,2,2],
[1.43,2,2,2,1.71,2,1.43,2,2],
[1.43,2,2,2,1.71,2,1.43,2,2],
[1.43,2,2,2,1.71,2,1.43,2,2],
[1.43,2,2,2,1.71,2,1.43,2,2],
[2.14,3,3,3,2.57,3,2.14,3,3],
[2.14,3,3,3,2.57,3,2.14,3,3],
[2.14,3,3,3,2.57,3,2.14,3,3],
[2.14,3,3,3,2.57,3,2.14,3,3],
[2.86,4,4,4,3.43,4,2.86,4,4],
[2.86,4,4,4,3.43,4,2.86,4,4],
[2.86,4,4,4,3.43,4,2.86,4,4],
[3.57,5,5,5,4.29,5,3.57,5,5],
[3.57,5,5,5,4.29,5,3.57,5,5],
[4.29,6,6,6,5.14,6,4.29,6,6],
[0.71,1,1,1,0.86,1,0.71,1,1],
[0.71,1,1,1,0.86,1,0.71,1,1],
[0.71,1,1,1,0.86,1,0.71,1,1],
[0.71,1,1,1,0.86,1,0.71,1,1],
[0.71,1,1,1,0.86,1,0.71,1,1],
[0.71,1,1,1,0.86,1,0.71,1,1],
[1.43,2,2,2,1.71,2,1.43,2,2],
[1.43,2,2,2,1.71,2,1.43,2,2],
[1.43,2,2,2,1.71,2,1.43,2,2],
[1.43,2,2,2,1.71,2,1.43,2,2],
[1.43,2,2,2,1.71,2,1.43,2,2],
[2.14,3,3,3,2.57,3,2.14,3,3],
[2.14,3,3,3,2.57,3,2.14,3,3],
[2.14,3,3,3,2.57,3,2.14,3,3],
[2.14,3,3,3,2.57,3,2.14,3,3],
[2.86,4,4,4,3.43,4,2.86,4,4],
[2.86,4,4,4,3.43,4,2.86,4,4],
[2.86,4,4,4,3.43,4,2.86,4,4],
[3.57,5,5,5,4.29,5,3.57,5,5],
[3.57,5,5,5,4.29,5,3.57,5,5],
[4.29,6,6,6,5.14,6,4.29,6,6],
[0.83,1.17,1.17,1.17,1,1.17,0.83,1.17,1.17],
[0.83,1.17,1.17,1.17,1,1.17,0.83,1.17,1.17],
[0.83,1.17,1.17,1.17,1,1.17,0.83,1.17,1.17],
[0.83,1.17,1.17,1.17,1,1.17,0.83,1.17,1.17],
[0.83,1.17,1.17,1.17,1,1.17,0.83,1.17,1.17],
[0.83,1.17,1.17,1.17,1,1.17,0.83,1.17,1.17],
[1.67,2.33,2.33,2.33,2,2.33,1.67,2.33,2.33],
[1.67,2.33,2.33,2.33,2,2.33,1.67,2.33,2.33],
[1.67,2.33,2.33,2.33,2,2.33,1.67,2.33,2.33],
[1.67,2.33,2.33,2.33,2,2.33,1.67,2.33,2.33],
[1.67,2.33,2.33,2.33,2,2.33,1.67,2.33,2.33],
[2.5,3.5,3.5,3.5,3,3.5,2.5,3.5,3.5],
[2.5,3.5,3.5,3.5,3,3.5,2.5,3.5,3.5],
[2.5,3.5,3.5,3.5,3,3.5,2.5,3.5,3.5],
[2.5,3.5,3.5,3.5,3,3.5,2.5,3.5,3.5],
[3.33,4.67,4.67,4.67,4,4.67,3.33,4.67,4.67],
[3.33,4.67,4.67,4.67,4,4.67,3.33,4.67,4.67],
[3.33,4.67,4.67,4.67,4,4.67,3.33,4.67,4.67],
[4.17,5.83,5.83,5.83,5,5.83,4.17,5.83,5.83],
[4.17,5.83,5.83,5.83,5,5.83,4.17,5.83,5.83],
[5,7,7,7,6,7,5,7,7]]
[1,1,1,1,1,1,2,2,2,2,2,3,3,3,3,4,4,4,5,5,6,1,1,1,1,1,1,2,2,2,2,2,3,3,3,3,4,4,4,5,5,6,1,1,1,1,1,1,2,2,2,2,2,3,3,3,3,4,4,4,5,5,6,1,1,1,1,1,1,2,2,2,2,2,3,3,3,3,4,4,4,5,5,6,1,1,1,1,1,1,2,2,2,2,2,3,3,3,3,4,4,4,5,5,6,1,1,1,1,1,1,2,2,2,2,2,3,3,3,3,4,4,4,5,5,6,1,1,1,1,1,1,2,2,2,2,2,3,3,3,3,4,4,4,5,5,6,2,2,2,2,2,2,4,4,4,4,4,6,6,6,6,8,8,8,10,10,12,2,2,2,2,2,2,4,4,4,4,4,6,6,6,6,8,8,8,10,10,12,2,2,2,2,2,2,4,4,4,4,4,6,6,6,6,8,8,8,10,10,12,2,2,2,2,2,2,4,4,4,4,4,6,6,6,6,8,8,8,10,10,12,2,2,2,2,2,2,4,4,4,4,4,6,6,6,6,8,8,8,10,10,12,2,2,2,2,2,2,4,4,4,4,4,6,6,6,6,8,8,8,10,10,12,3,3,3,3,3,3,6,6,6,6,6,9,9,9,9,12,12,12,15,15,18,3,3,3,3,3,3,6,6,6,6,6,9,9,9,9,12,12,12,15,15,18,3,3,3,3,3,3,6,6,6,6,6,9,9,9,9,12,12,12,15,15,18,3,3,3,3,3,3,6,6,6,6,6,9,9,9,9,12,12,12,15,15,18,3,3,3,3,3,3,6,6,6,6,6,9,9,9,9,12,12,12,15,15,18,4,4,4,4,4,4,8,8,8,8,8,12,12,12,12,16,16,16,20,20,24,4,4,4,4,4,4,8,8,8,8,8,12,12,12,12,16,16,16,20,20,24,4,4,4,4,4,4,8,8,8,8,8,12,12,12,12,16,16,16,20,20,24,4,4,4,4,4,4,8,8,8,8,8,12,12,12,12,16,16,16,20,20,24,5,5,5,5,5,5,10,10,10,10,10,15,15,15,15,20,20,20,25,25,30,5,5,5,5,5,5,10,10,10,10,10,15,15,15,15,20,20,20,25,25,30,5,5,5,5,5,5,10,10,10,10,10,15,15,15,15,20,20,20,25,25,30,6,6,6,6,6,6,12,12,12,12,12,18,18,18,18,24,24,24,30,30,36,6,6,6,6,6,6,12,12,12,12,12,18,18,18,18,24,24,24,30,30,36,7,7,7,7,7,7,14,14,14,14,14,21,21,21,21,28,28,28,35,35,42] 
[7.75,7.26,5.53,6.89,7.34,7.08,5.18,4.86,7.12] 
[0.01,0.02,0.02,0.02,0.02,0.01,0.02,0.02,0.02] 
[5,7,7,7,6,7,5,7,7] 
[1.82,2.07,1.97,2.07,2.16,1.94,2.16,1.93,2.06]