Instance: 72
width: 7
long: 6
Parcels: 9
Crops: 19
Water: 342000

Chemical Properties by Parcel
9.78   14.71   12.64   11.96   13.6   18.41   12.91   15.75   18.02   14.69   15.97   14.89   16.1   18.06   15.29   18.19   13.8   13.5   11.01   14.4   13.61   14.6   17.51   13.29   18.65   14.81   18.61   16.2   11.82   13.74   16.04   16.2   9.89   18.44   16.53   9.61   10.85   10.55   12.04   9.79   16.15   15.83    
9.84   12.18   15.9   12.91   12.74   12.79   15.73   10.71   11.48   15.11   15.42   12.12   17.21   15.81   16.48   10.87   17.45   9.72   16.75   11.76   12   18.47   15.61   14.89   14.81   12.11   12.5   11.2   12.65   15.05   16.63   16.81   16.92   14.07   13.64   18.48   17.8   14.2   16.35   12.51   13.36   14.94    
13.71   16.16   18.57   13.37   10.97   17.03   13.03   13.77   15.24   17.35   11.3   14.41   11   11.99   11.16   11.17   15.76   14.9   16.81   17.07   13.72   12.66   14.5   16.99   9.92   11.2   14.28   15.52   13.87   12.1   11.97   14.39   16.4   18.43   17.19   10.33   14.26   15.49   10.86   13.4   9.67   17.65    
12.19   17.3   14.01   9.97   15.53   17.95   9.68   14.22   13.05   15.04   15.34   17.82   15.55   15.44   10.96   15.49   16.68   13.7   13.46   18.41   15.32   16.06   13.78   15.69   12.83   12.19   16.2   10.95   12.64   12.83   16.38   15.56   13   16.96   17.91   16.99   11.11   17.64   14.88   13.09   18.61   10.12    
15.63   11.28   16.9   17.24   16.41   17.74   9.89   12.59   9.62   11.63   9.74   16.09   10.37   14.26   16.85   15.79   14.18   14.54   10.42   17.74   17.12   18.07   10.63   14.32   10.75   16.55   15.61   18.5   15.88   14.12   13.57   18.48   18.42   10.39   15.32   16.52   16.74   13.14   16.32   15.41   16.65   16.79    
10.58   10.6   9.65   10.02   13.46   16.24   15.85   15.32   10.04   18.63   16.34   11.35   13.59   17.23   13.31   17.11   17.67   15.95   13.8   9.79   13.97   15.33   16.75   18.16   12.27   16.1   11.43   18.08   17.36   15.91   14.59   12.23   17.15   17.41   9.69   12.12   9.6   11.39   15.9   13.13   13.66   16.67    
9.67   13.14   18.49   13.73   18.58   13.61   10.6   13.65   10.5   10.44   13.5   17.89   15.81   15.53   10.3   11.76   10.89   11.53   17.23   17.64   15.59   14.52   13.84   13.27   10.87   11.66   11.99   15.99   13.48   10.18   17.84   14.7   16.35   15.94   14.38   13.21   13.19   14.21   9.94   12.15   16.29   16.5    
12.84   18.55   9.79   14.94   14.58   15.32   15.83   10.13   18.68   18.12   9.87   13.75   16.41   10.5   14.64   10.54   13.2   15.38   16.47   12.5   14.57   9.98   11.5   11.28   14.31   15.77   17.8   14.68   12.26   17.86   16.88   12.76   16.17   14.07   15.88   9.71   18.49   11.63   11.82   12.71   11.93   17.14    
16.26   10.47   16.18   10.72   16.51   12.08   15.58   11.13   12.58   16.04   11.27   12.77   16.54   16.29   12.85   12.43   15.78   17.08   17.25   17.57   11.28   18.28   16.33   14.55   12.67   12.14   15.72   12.04   17.23   18.67   10.56   13.86   18.67   14.13   18.01   12.27   18.01   16.49   12.05   10.88   18.63   18.46    

Physical Properties by Parcel
5.4   5.4   5.4   5.4   5.2   5.4   5.5   5.5   5.6   5.3   5.3   5.3   5.5   5.3   5.4   5.2   5.3   5.3   5.3   5.3   5.6   5.4   5.4   5.4   5.3   5.3   5.3   5.5   5.3   5.3   5.4   5.2   5.5   5.6   5.3   5.5   5.5   5.3   5.4   5.2   5.4   5.3    
5.2   5.5   5.4   5.2   5.4   5.6   5.5   5.3   5.4   5.3   5.4   5.4   5.6   5.5   5.2   5.3   5.3   5.4   5.3   5.4   5.4   5.4   5.4   5.4   5.3   5.2   5.5   5.5   5.5   5.6   5.3   5.2   5.3   5.6   5.5   5.2   5.2   5.2   5.5   5.3   5.4   5.6    
5.4   5.5   5.4   5.6   5.3   5.2   5.3   5.2   5.6   5.2   5.3   5.3   5.2   5.4   5.2   5.4   5.3   5.5   5.5   5.5   5.5   5.4   5.3   5.6   5.6   5.3   5.3   5.5   5.3   5.2   5.4   5.2   5.4   5.6   5.6   5.5   5.3   5.2   5.5   5.5   5.6   5.6    
5.4   5.5   5.6   5.4   5.2   5.5   5.4   5.3   5.5   5.5   5.5   5.5   5.3   5.6   5.5   5.6   5.5   5.3   5.3   5.2   5.5   5.3   5.2   5.4   5.3   5.4   5.6   5.6   5.6   5.3   5.6   5.6   5.3   5.3   5.6   5.6   5.4   5.4   5.3   5.4   5.3   5.2    
5.6   5.5   5.5   5.4   5.5   5.5   5.5   5.2   5.3   5.2   5.6   5.4   5.3   5.2   5.3   5.3   5.4   5.3   5.4   5.3   5.4   5.3   5.3   5.6   5.3   5.5   5.6   5.4   5.3   5.4   5.5   5.3   5.6   5.6   5.3   5.4   5.6   5.6   5.2   5.3   5.3   5.3    
5.3   5.4   5.3   5.5   5.5   5.3   5.4   5.3   5.5   5.4   5.4   5.6   5.4   5.3   5.3   5.6   5.5   5.5   5.2   5.3   5.3   5.4   5.3   5.5   5.3   5.5   5.4   5.4   5.4   5.2   5.3   5.4   5.6   5.2   5.6   5.5   5.2   5.2   5.4   5.5   5.5   5.5    
5.4   5.2   5.5   5.4   5.5   5.4   5.4   5.2   5.4   5.4   5.6   5.6   5.6   5.4   5.5   5.2   5.4   5.3   5.6   5.6   5.4   5.3   5.5   5.5   5.2   5.3   5.4   5.5   5.2   5.3   5.4   5.3   5.6   5.4   5.3   5.5   5.3   5.4   5.3   5.6   5.5   5.5    
5.4   5.6   5.3   5.3   5.4   5.2   5.4   5.4   5.4   5.2   5.3   5.5   5.6   5.5   5.2   5.5   5.4   5.5   5.3   5.2   5.2   5.2   5.5   5.4   5.4   5.4   5.5   5.6   5.5   5.3   5.3   5.5   5.5   5.5   5.2   5.6   5.6   5.4   5.3   5.3   5.5   5.5    
5.4   5.5   5.5   5.4   5.5   5.5   5.5   5.2   5.2   5.6   5.5   5.4   5.4   5.5   5.5   5.6   5.4   5.2   5.2   5.6   5.6   5.5   5.5   5.5   5.5   5.4   5.3   5.4   5.6   5.4   5.2   5.3   5.4   5.5   5.2   5.6   5.5   5.2   5.2   5.3   5.5   5.4    

Ha by Parcels
6   7   7   6   6   6   6   7   6   

Cost of m3 in each parcel
2.16   2.16   2.19   1.95   1.91   2.1   2.14   1.88   1.99   