588
42
9
324000
[[0,0,0,0,0,0,0,0,0],
[0,0,0,0,0,0,0,0,0],
[0,0,0,0,0,0,0,0,0],
[0,0,0,0,0,0,0,0,0],
[0,0,0,0,0,0,0,0,0],
[0,0,0,0,0,0,0,0,0],
[0.49,0.05,0,32.08,4.09,6.81,11.62,15.29,27.08],
[15.29,1.2,7.49,18.12,0.02,6.37,0,1.94,4.44],
[15.29,1.92,13.06,0.01,0.38,5.31,0.54,2.31,5.99],
[0,5.41,21.65,2.06,0.04,31.05,13.99,12.6,7.33],
[0.38,18.48,29.88,2.12,9.59,12.01,0.45,22.71,4.65],
[8.7,0.67,4.93,17.39,2.94,4.4,7.89,7.86,13.71],
[10.19,3.09,7.1,12.35,0.33,11.67,0.39,4.25,10.39],
[10.36,7.04,11.93,1.29,0.35,15.68,7.85,6.34,4.46],
[0.23,9.26,17.4,4.18,6.02,15.83,11.3,12.26,11.88],
[6.98,2.54,4.91,12.14,2.92,7.79,7.09,5.89,11.38],
[7.73,8.6,9.72,8.23,0.43,12.88,5.48,4.98,7],
[7.18,7.31,14.32,3.7,4.06,10.59,9.5,8.45,7.93],
[5.83,7.86,8.04,9.27,2.8,10.03,7.44,7.32,9.04],
[5.86,7.46,11.13,6.98,3.05,10.12,7.94,7.86,7.62],
[4.7,6.78,9.09,8.73,3.73,8.28,8.07,8.13,10.34],
[0,0,0,0,0,0,0,0,0],
[0,0,0,0,0,0,0,0,0],
[0,0,0,0,0,0,0,0,0],
[0,0,0,0,0,0,0,0,0],
[0,0,0,0,0,0,0,0,0],
[0,0,0,0,0,0,0,0,0],
[2.33,3.35,0.3,0.14,27.38,0.12,6.66,14.85,6.48],
[0.1,10.95,1.75,14.42,7.92,2.04,4.03,33.95,6.81],
[3.28,0.05,0.03,14.26,0.74,3.56,0.25,9.55,7.68],
[7.8,11.57,0,33.54,0.1,0.27,38.63,0.09,2.58],
[0,0.37,1.98,1.43,0.03,1.94,0.92,0.44,12.7],
[1.3,5.5,0.88,8.77,13.72,1.11,10.58,17.56,13.29],
[2.62,7.85,1.04,9.56,7.39,1.94,3.53,17,4.84],
[4.01,7.22,0.03,17.29,0.38,1.9,23.84,5.8,3.87],
[5.14,9.34,1.28,18.7,0.05,1.95,22.39,0.49,6.37],
[2.01,5.34,0.73,6.78,9.64,1.29,10.7,11.83,8.87],
[2.85,7.53,0.73,16.68,5.64,1.33,15.93,11.35,3.42],
[3.42,8.73,0.89,12.51,0.29,1.88,20.44,3.88,8.42],
[2.61,5.65,0.6,14.17,7.3,1,15.05,8.87,7.52],
[2.6,7.61,1.6,14.46,4.69,1.57,15.42,8.77,6.4],
[2.65,6.18,1.43,13.62,5.93,1.26,13.94,7.22,7.92],
[0,0,0,0,0,0,0,0,0],
[0,0,0,0,0,0,0,0,0],
[0,0,0,0,0,0,0,0,0],
[0,0,0,0,0,0,0,0,0],
[0,0,0,0,0,0,0,0,0],
[0,0,0,0,0,0,0,0,0],
[0.06,16.59,0.81,0.24,6.41,0.48,8.65,0.08,1.67],
[0.22,17.94,0.64,16.59,0.58,0.67,11.91,1.08,0.35],
[0.01,4,12.6,7.64,4.23,1.77,0.08,4.12,3.75],
[2.49,0.77,5.88,3.86,0.07,1.53,23.46,2.62,25.7],
[1.92,14.1,0.86,2.95,0.21,2.93,8.82,0.51,8.45],
[0.11,11.52,0.48,12.57,5.95,1.15,6.94,0.98,1.86],
[0.12,8.98,6.93,8.65,2.16,2.35,7.35,2.06,1.97],
[1.57,2.01,6.58,11.3,2.51,1.1,16.58,2.3,13.09],
[4.4,7.72,5.99,2.29,0.27,4.38,11.93,1.32,12.94],
[0.08,7.82,5.82,8.38,4.21,2.99,5.17,1.42,1.86],
[1.48,6.44,4.68,8.77,1.81,1.57,12.42,1.56,9.22],
[3.94,8.7,5.31,7.66,1.67,2.93,11.12,1.58,8.74],
[1.19,5.96,4.37,7.7,3.19,2.29,10.47,1.26,8.58],
[3.89,8.52,4.05,6.58,1.37,2.43,9.32,1.2,6.92],
[3.43,8.56,3.75,6.18,2.57,2.52,8.41,1.01,6.94],
[0,0,0,0,0,0,0,0,0],
[0,0,0,0,0,0,0,0,0],
[0,0,0,0,0,0,0,0,0],
[0,0,0,0,0,0,0,0,0],
[0,0,0,0,0,0,0,0,0],
[0,0,0,0,0,0,0,0,0],
[2.71,12.55,0.36,0.31,0.19,3.23,0,24.64,12.05],
[0.02,0.49,26.72,2.08,12.75,13.16,0.18,2.81,27.53],
[15.79,0.1,2.04,0,3.2,3.98,0.22,1.39,14.96],
[1.77,5.68,1.96,20.16,5.38,0.41,17.52,8.24,0.08],
[6.09,21.32,2.4,2.95,21.52,2.81,16.19,0.31,15.29],
[1.67,10.35,20.12,1.06,7.59,6.58,0.11,12.75,14.24],
[10.9,0.25,14.25,1.37,6.38,6.6,0.4,1.48,14.8],
[8.18,4.34,4,13.48,2.95,2.07,13.15,4.16,10.76],
[7.43,10.66,1.46,10.27,10.76,2.85,11.25,4.63,9.51],
[7.29,7.79,15.88,1,5.16,4.4,0.36,9.98,10.66],
[8.2,2.94,9.7,8.99,6.93,4.53,11.05,4.48,10.48],
[7.52,7.17,2.68,9.81,8.77,2.41,9.35,3.24,10.13],
[6.15,6.61,11.93,6.89,6.68,3.4,9.29,8.49,8.81],
[6.98,5.45,7.74,7.41,8.57,5.1,8.4,4.17,11.65],
[5.6,9.4,10.58,6.18,7.46,4.17,7.45,6.95,9.6],
[0,0,0,0,0,0,0,0,0],
[0,0,0,0,0,0,0,0,0],
[0,0,0,0,0,0,0,0,0],
[0,0,0,0,0,0,0,0,0],
[0,0,0,0,0,0,0,0,0],
[0,0,0,0,0,0,0,0,0],
[1.26,0.15,0.03,24.22,4.59,0.04,11.52,0.12,18.42],
[16.7,15.4,1.04,11.05,20.16,0.99,3.25,0.59,2.49],
[3.65,1.43,2.55,0.99,0.65,20.87,0.71,2.9,9.25],
[2.74,1.39,2.67,0.37,21.26,0.11,10.35,20.35,30.26],
[7.84,1.81,0.88,15.4,0.01,11.52,15.57,6.06,4.12],
[8.92,9.37,0.83,12.61,10.09,0.55,5.77,0.65,9.43],
[8.36,8.09,1.31,5.82,11.46,11.54,3.65,1.46,11.02],
[2.15,2.82,1.74,0.51,17.08,12.99,9.18,10.38,15.19],
[3.96,1.08,3.39,8.92,14.5,8.49,8.82,10.2,15.48],
[6.04,7.08,0.92,8.49,7.81,8.26,4.26,1.01,9.83],
[7.1,5.62,1.28,4.43,14.31,10.54,12.02,7.57,11.69],
[4.16,1.89,2.28,7.75,17.33,10.84,7.27,6.92,10.32],
[6.11,5.33,1.08,6.4,10.77,9.01,9.28,6.25,12.28],
[6.21,4.5,2.01,7.26,13.97,8.93,9.19,5.7,8.78],
[5.38,4.72,1.86,9.66,11.44,7.75,7.65,5.09,10.03],
[0,0,0,0,0,0,0,0,0],
[0,0,0,0,0,0,0,0,0],
[0,0,0,0,0,0,0,0,0],
[0,0,0,0,0,0,0,0,0],
[0,0,0,0,0,0,0,0,0],
[0,0,0,0,0,0,0,0,0],
[0.27,7.64,8.57,28.58,0.07,1.94,6.09,4.68,0.63],
[2.21,0.05,3.48,2.71,1.45,0.71,4.65,0.43,0.02],
[12.6,0.32,0.27,5.85,19.72,1.25,0.03,1.71,11.71],
[12.01,1.19,1.45,0.65,0.77,1.25,1.28,0,0.37],
[1.71,1.13,4.47,1.57,8.45,7.14,2.1,1.25,1.02],
[2.17,4.7,4.39,14.99,0.8,2.55,10.71,4.36,0.35],
[6.36,0.34,1.85,8.36,17.67,0.68,2.88,0.86,8.18],
[8.2,0.59,0.73,5.63,11.06,0.83,0.99,1.2,6.67],
[6.12,0.77,2.25,0.8,7.84,3.6,1.16,0.88,1.34],
[4.29,3.15,2.96,11.5,13.8,1.7,9.34,2.92,5.56],
[5.51,0.43,2.32,9.98,14.86,0.66,2.06,0.83,6.94],
[5.49,0.53,1.59,3.76,9.4,3.2,0.87,2.07,4.48],
[4.34,2.98,2.63,10.4,13.92,1.72,7.08,2.2,5.52],
[4.14,0.46,2.15,7.86,11.58,2.41,1.99,1.72,5.24],
[3.47,2.39,2.67,8.38,11.23,2.49,6.75,2.29,4.49],
[0,0,0,0,0,0,0,0,0],
[0,0,0,0,0,0,0,0,0],
[0,0,0,0,0,0,0,0,0],
[0,0,0,0,0,0,0,0,0],
[0,0,0,0,0,0,0,0,0],
[0,0,0,0,0,0,0,0,0],
[23.12,15.96,0.83,1.19,2.23,0.99,0.63,0.18,18.06],
[0.29,11.38,1.22,4.77,0.01,7.96,16.13,15.13,1.43],
[3.46,10.17,3.95,10.17,0.7,0.36,20.74,38.63,0.55],
[4.62,0.16,14.2,22.11,13.47,1.62,27.75,1.2,1.88],
[0.09,5.02,3.67,5.58,0.92,8.99,0.42,2.21,26.94],
[13.88,9.24,0.7,5.56,1.61,7.84,9.05,9.1,16.38],
[3.16,7.19,4.9,5.32,0.41,4.42,12.39,19.72,0.73],
[8.05,6.04,7.11,11.52,11.48,1.83,16.33,22.01,0.94],
[2.71,2.86,7.1,11.06,7.24,4.53,16.5,3.36,14.47],
[9.44,8.74,3.39,4.64,1.1,6.53,8.32,13.15,12],
[8.48,4.98,5.43,9,9.04,3.21,14.63,14.68,1.3],
[6.91,8.65,4.74,7.72,9.21,3.12,11.79,14.69,10.86],
[9.81,7.24,4.07,8.89,6.81,4.9,11.61,11.06,11.45],
[8.62,6.64,4.12,6.76,8.68,4.81,12.62,11.02,8.14],
[8.92,9.4,3.3,7.22,6.96,6.81,11.02,8.85,12.6],
[1.6,9.9,0,0.02,0.32,0.45,10.9,0.73,22.85],
[0.92,27.01,0.2,37.93,6.99,2.55,7.22,0.64,8.82],
[10.63,0.63,3.48,3.59,0.1,0.25,22.65,13.21,12.05],
[1.34,0.68,2.49,3.2,3.23,13.62,35.96,0.95,3.05],
[2.88,0.06,9.72,6.59,2.78,5.75,15.68,8.28,6.59],
[1.1,26.57,14.1,0.01,1.57,0.11,13.47,1.5,1.34],
[0.96,12.74,0.13,17.32,11.21,2.45,6.16,10.5,11.73],
[6.01,10.03,3.98,13.88,3.55,3.54,10.59,13.3,10.67],
[9.44,0.66,4.38,4.76,1.12,4.65,19.54,5.13,5.05],
[2.65,5.72,7.61,11.97,2.05,10.72,18.23,4.83,3.42],
[1.38,11.15,10.69,2.21,3.24,5.88,10.16,8.17,8.1],
[4.85,8.03,2.66,11.75,6.87,2.34,8.54,10.43,10.98],
[5.92,6.15,3.29,11.2,3.11,5.61,13.62,8.73,7.56],
[6.24,5.71,5.56,7.91,1.25,7.07,15.76,6.9,4.56],
[2.31,8.84,7.8,9.18,2.76,7.18,13.65,5.13,7.56],
[4.65,5.84,2.43,9.47,5.38,4.08,11.3,7.63,8.68],
[4.64,7.96,5.01,11.11,2.65,6.11,12.39,7.8,6.35],
[4.64,7.9,6.52,7.19,2.09,5.35,13.18,5.95,8.07],
[3.95,7.63,4.16,10.71,4.55,4.9,10.85,7.53,7.49],
[3.77,9.18,5.66,9.81,3.44,5.22,11.13,7.67,7.81],
[3.4,8.74,4.78,10.37,4.39,4.34,10.1,7.09,8.5],
[3.2,2.12,2.38,30.5,26.28,0.06,14.31,2.76,0.08],
[0,19.78,1.43,29.11,6.96,0.37,3.03,6.16,2.35],
[0.62,9.59,0.45,6.13,0.34,8.16,0.09,5.31,12.6],
[6.27,1.77,7.33,16.53,5.45,5.28,1.16,1.55,7.37],
[1.66,1.43,0.06,0.06,3.08,2.49,0.09,0,0.56],
[7.33,30.89,0.52,0.08,2.16,1.58,5.31,1.71,1.98],
[1.34,8.14,1.62,19.99,12.3,0.32,5.8,5.09,3.27],
[0.21,9.93,1.38,11.76,4.57,2.91,6,11.68,6.69],
[2.9,4.62,4.9,7.72,2.17,6.21,0.42,6.66,10.35],
[5.82,4.12,3.41,15.56,2.84,3.1,20.8,1.13,10.07],
[3.3,12.42,1.1,1.46,1.81,2.96,4.38,0.57,7.82],
[1.01,6.81,1.32,13.29,8.11,1.83,7.21,7.56,7.98],
[1.82,6.73,3.24,10.54,3.88,3.93,5,7.7,6.78],
[3.63,4.39,2.99,11.66,1.97,4.22,16.25,4.05,8.81],
[6.63,8.78,3.81,9.48,2.19,4.29,13.88,1.13,7.75],
[1.82,5.71,2.82,12.09,6.58,3.13,6.82,5.94,6.93],
[2.6,6.04,2.36,12.77,3.22,3.17,12.43,5.57,7.19],
[5.05,7.66,2.98,8.73,1.72,4.34,13.58,3.16,7.96],
[2.59,5.16,2.21,13.33,5.46,2.74,11.36,4.66,8.35],
[4.07,8.19,2.59,10.42,2.82,3.42,11,4.55,6.62],
[4.01,7.13,2.36,11.35,4.71,2.9,10.32,3.98,7.29],
[3.48,2.06,15.96,20.22,1.62,0,0.16,2.65,2.81],
[14.2,3.86,6.23,11.86,2.88,1.11,11.33,9.29,14.85],
[10.04,8.82,3.51,0.66,1.23,11.52,0.26,0.11,3.95],
[0.51,0.43,15.96,12.7,1.9,7.45,0.5,12.55,14.58],
[0.92,0.72,0.03,1.08,11.81,4.53,0,0.9,0.94],
[0.01,0,0.63,1.08,2.76,4.38,1.01,0.11,3.89],
[6.22,11.64,7.41,10.7,2.23,1.4,5.25,8.58,9.67],
[8.1,6.31,9.18,9.24,4.5,5.52,5.39,3.2,9.87],
[6.27,3.56,10.62,5.74,3.51,8.16,0.35,4.34,6.8],
[1.89,2.16,5.51,11.54,5.68,4.58,13.76,4.74,9.95],
[2.79,11.92,1.24,2.69,7.77,4.88,8.49,0.34,9.35],
[5.88,8.76,9.66,10.56,5.45,3.47,3.53,5.7,7.28],
[6.99,3.87,9.23,8.09,3.46,5.3,3.41,4.61,8.86],
[4.05,3.06,6.66,11.87,4.53,5.81,12,3.16,9.59],
[4.89,7.35,4.62,7.15,5.07,6.12,9.27,2.95,9.03],
[5.5,6.69,9.31,9.44,4.17,4.1,2.6,5.89,7.3],
[5.13,4.05,6.61,10.42,4.39,4.47,10.22,3.86,9.24],
[5,7.08,5.09,8.98,5.13,6.11,8.77,2.44,8.13],
[4.39,5.59,7.25,10.45,5.06,3.7,8.92,4.75,8.64],
[5.48,6.23,5.66,8.4,4.56,5.27,8.09,3.27,8.42],
[4.9,8.17,6.52,8.76,4.78,4.36,7.39,3.95,7.82],
[0.77,26.43,6.81,1.53,0.54,3.78,2.6,17.05,1.3],
[1.96,3.92,4.74,9.77,11,0,25.28,1.39,0.1],
[28.65,6.99,3.89,1.55,22.51,20.87,7.84,0.08,11.23],
[0.28,1.3,4.59,4.96,4.62,3.98,2.21,0.06,12.65],
[6.02,5.88,0.79,8.24,0.02,1.07,35.03,1.94,2.76],
[4.5,12.5,0.08,7.68,23.87,16.3,4.21,0.26,12.55],
[2.19,12.68,3.95,8.77,4.33,1.68,11.19,9.7,10.51],
[13.17,5.37,9.26,7.56,11.31,8.11,11.36,1.49,11.54],
[10.36,2.89,4.35,2.34,9.21,9.38,3.37,1.43,8.08],
[2.12,2.63,1.8,6.91,9.55,1.7,12.57,9.75,10.71],
[8.13,7.91,1.32,6.12,11.39,6.28,13.08,2.25,10.98],
[8.12,9.22,8.91,6.12,7.1,5.63,8.29,5.84,9.71],
[10.29,3.55,6.47,5.78,7.99,7.68,7.4,1.27,10.34],
[7.66,2.99,2.99,5.62,11.05,6.18,9.11,5.95,10.52],
[5.65,5.03,2,7.98,10.66,4.6,8.4,5.96,10.18],
[7.51,6.77,7.22,5.09,5.85,6.14,6.24,5.02,8.88],
[9.24,3.68,4.75,6.25,9.52,6.54,10.3,5.4,9.55],
[8.16,4.74,2.43,7.93,11.31,6.79,7.13,4.38,9.66],
[7.48,6.04,5.84,6.05,7.92,5.78,8.81,6.6,9.38],
[8.45,4.61,4.35,7.46,10.06,6.92,8.48,4.49,9.57],
[7.05,6.49,5.71,7.62,8.66,6.26,7.62,5.54,9.11],
[0.03,9.2,0.77,26.43,5.61,0.15,2.9,0.41,0],
[0.19,0.42,3.54,26.28,22.85,0.65,6.92,1.39,26.35],
[26.35,9.25,1.01,0.02,0.83,6.99,1.77,1.14,11.57],
[0.11,1.64,1.25,1.6,20.67,9.25,4.03,2.14,9.37],
[22.98,1.41,2.95,7.18,0.88,2.55,16.76,9.68,9.29],
[0.47,2.16,0.3,6.23,15.62,0.77,2.55,3.13,4.12],
[0.53,4.86,3.03,17.6,10.07,0.69,9,1.65,10.83],
[9.98,6.1,1.64,9.24,9.7,2.55,2.92,1.18,12.98],
[9.27,3.69,0.94,2.49,11.76,7.4,2.1,2.61,7.01],
[8.24,1.88,1.43,2.93,9.51,4.04,10.08,7.24,10.21],
[8.19,2.15,2.64,5.66,6.81,7.24,11.29,6.4,6.01],
[6.01,5.65,2.09,11.04,6.95,1.87,7.19,2.18,8.82],
[7.16,4.27,1.53,6.75,11.68,4.9,2.65,1.84,9.68],
[10.29,3.39,1.16,3.41,12.62,5.79,7.75,4.65,9.51],
[5.81,1.77,2.34,4.03,8.95,6.86,7.94,5.21,7],
[5.16,4.4,1.71,8.61,9.37,4.27,5.86,2.02,7.68],
[8.4,3.43,1.55,6.24,12.5,4.85,6.86,3.61,10.58],
[7.91,2.78,1.82,4.99,11.47,6.31,6.4,4.05,7.39],
[6.58,3.77,1.66,7.79,11.13,4.82,7.49,3.76,9.54],
[6.76,3.09,1.85,7.05,11.75,5.13,5.88,3.33,8.7],
[5.54,3.4,2.08,8.23,10.96,4.75,6.88,3.4,8.3],
[3.38,14.36,3.2,0.07,5.64,18.85,1.13,5.78,25.7],
[12.2,8.82,0.05,15.9,1.33,3.81,4.84,0.44,2.6],
[19.72,0.41,0.29,0.02,0.03,2.93,0.12,15.07,0.07],
[0.94,3.95,3.89,0.86,14.2,0,22.38,13.26,5.85],
[0.12,7.18,8.99,21,0.61,0.03,2.78,6.81,10.13],
[0.44,14.91,1.07,0.94,7.41,0.03,0.19,5.02,9.12],
[8.25,7.98,3.54,12.23,2.84,7.58,2.46,3.19,13.67],
[11.32,4.72,1.58,5.36,0.65,2.9,8,6.91,1.07],
[7.36,3.8,1.75,5.53,9.38,1.02,11.21,13.46,4.86],
[5.61,4.08,5.39,9.81,6.24,0.96,11.24,6.91,5.98],
[0.62,9.18,3.36,7.52,5.17,5.38,1.1,5.07,9.32],
[8.9,5.72,2.33,9.22,1.72,5.56,8.05,5.43,9.91],
[7.04,4.26,2.89,7.19,7.75,2.04,9.63,8.24,3.58],
[7.47,3.74,3.3,7.68,9.68,1.22,7.7,9.66,4.94],
[3.64,6.3,3.74,6.17,6.04,3.25,7.88,6.5,6.77],
[6.83,5.11,2.72,7.74,6.4,4.28,8.95,7.17,8.26],
[7.9,4.07,3.39,8.14,10.39,1.67,8.27,6.98,4.03],
[5.67,6.16,2.72,5.63,7.98,2.81,5.95,7.94,6.77],
[6.96,4.77,3.19,8.57,9.22,3.44,8.77,6.55,7.58],
[6.65,5.78,2.79,6.5,9.02,3.21,7.3,6.28,5.96],
[5.98,6.11,2.78,7.1,8.41,4.55,8.45,5.96,8.05],
[1.69,11.07,1.65,19.87,15.8,0.46,8.48,3.28,16.19],
[0.62,15.79,0.73,22.54,4.65,1.3,3.71,3.21,4.41],
[5.79,8.45,1.79,3.35,0.42,4.65,14.21,6.76,8.22],
[3.14,0.9,3.7,8.31,2.99,18.26,20.44,2.48,10.11],
[4.48,0.8,7.02,4.84,1.96,2.97,9.73,5.66,6.05],
[7.51,19.21,7.94,0.07,3.71,0.85,6.88,3.21,3.3],
[0.95,11.15,1.1,18.5,9.67,1.59,5.83,6.32,8.36],
[3.67,9.97,2.58,11.73,2.81,3.04,9.11,8.54,6.93],
[5.82,3.79,5.78,4.74,1.58,9.22,13.88,4.56,7.67],
[4.28,3.59,7.59,10.89,1.98,9.46,15.64,3.43,7.51],
[5.05,11.7,6.64,2.11,3.2,4.41,8.06,5.03,8.7],
[3.09,9.11,2.07,12.65,6.21,2.25,7.88,6.78,8.47],
[3.87,6.46,3.87,10.04,2.51,6.49,11.07,5.97,6.87],
[4.87,4.69,6,8.32,1.55,7.52,14.29,4.92,6.75],
[5.5,8,6.74,7.37,2.89,7.33,11.54,3.79,7.97],
[3.2,6.8,3.14,11,5.12,4.96,9.6,5.39,8.03],
[3.77,6.89,4.74,10.37,2.18,5.78,11.38,5.44,6.91],
[5.29,7.4,5.84,6.91,2.2,6.25,11.66,4.43,7.58],
[3.33,7,3.96,11.37,4.34,4.88,10.28,5.21,7.97],
[4.45,8.38,4.86,8.7,2.71,5.28,9.93,5.28,7.03],
[4.06,8.2,4.2,10,4.28,4.52,9.28,4.97,7.76],
[6.68,4.18,8.12,17.26,14.25,0.04,10.67,5.41,1.61],
[9.49,9.94,3.12,14.93,3.57,1.41,5.67,15.34,7.53],
[8.76,6.14,3.48,5.87,1.49,6.66,0.33,3.11,15.73],
[3.33,0.88,8.32,9.83,2.75,4.31,1.61,6.46,7.72],
[0.9,0.76,0.03,0.59,5.91,2.44,0.05,0.56,0.52],
[5.12,20.65,0.38,0.97,4.91,2.22,5.76,0.93,2.06],
[7.04,7.88,4.54,12.88,7.79,1.11,6.54,8.43,7.22],
[7.3,6.43,6.18,8.51,5.43,4.42,4.09,9.17,9.58],
[7.14,3.06,6.49,6.34,2.29,6.2,0.78,4.86,9.43],
[3.85,3.61,3.4,14.17,3.8,3.08,16.16,2.87,6.52],
[3.38,12.58,1.17,2.05,5.4,3.39,6.54,0.61,8.22],
[6.71,6.85,6.33,9.71,6.97,2.8,5.49,7.97,8.59],
[7.3,4.42,6.07,7.97,4.1,4.37,3.24,7.45,8.11],
[5.11,3.9,4.2,11.78,2.94,4.48,13.62,3.65,8.4],
[6.16,8.51,3.29,9.22,4.06,4.46,11.54,2.02,7.24],
[6.57,5.77,6.13,9.08,5.59,3.33,4.69,6.97,7.65],
[5.62,4.71,4.42,11.41,4.38,3.63,10.94,5.67,7.48],
[6.1,7.31,3.49,9.21,3.58,4.64,11.19,2.92,8.13],
[5.45,5.21,4.83,11.47,5.54,2.96,10.13,5.59,8.03],
[6.16,7.16,4.1,9.61,4.3,4.13,9.63,4.62,7.59],
[6.06,7.43,4.64,10.04,5.24,3.42,9.21,4.72,7.57],
[1.74,14.07,8.23,18.21,2.06,2.46,1.41,8.65,1.46],
[7.26,2.59,3.69,7.24,5.5,0.7,13.12,4.72,9.15],
[14.49,5.31,2.47,0.8,12.32,11.25,6.35,0.06,5.68],
[0.28,0.65,7.99,6.48,2.37,11.25,2.5,8.99,9.1],
[6.2,3.03,0.65,8.2,8.21,5.2,23.16,2.77,1.39],
[2.84,8.3,0.62,3.92,12.34,8.15,2.1,0.35,6.3],
[4.02,10.93,4.77,11.84,4.22,1.61,8.47,6.96,9.72],
[9.64,6.87,5.72,8.42,7.13,5,9.34,2.05,8.52],
[6.21,2.94,7.07,3.86,6.49,9.1,3.54,3.67,5.99],
[2.7,1.76,3.93,8.15,7.68,6.74,12.52,6.92,12.05],
[6.57,7.83,1.29,4.87,9.33,5.34,10.72,1.6,8.29],
[6.48,8.82,6.26,9.84,5.93,3.85,7.04,4.42,7.65],
[7,4.5,6.1,6.91,5.59,6.19,6.81,3.53,8.59],
[5.44,2.62,4.6,7.79,7.9,7.25,9.85,4.57,9.99],
[5.34,5.17,3.86,6.72,7.9,6.28,8.35,4.43,9.76],
[5.43,6.55,6.18,8.34,4.88,4.97,5.64,4.96,7.45],
[6.31,4.14,4.57,7.85,6.75,5.85,9.95,4.53,9.44],
[6.55,5.39,3.87,7.83,7.99,6.85,7.58,3.46,8.59],
[5.25,5.68,5,8.88,6.33,4.95,8.66,5.1,9.26],
[6.55,5.41,4.25,7.52,7.07,5.95,8.12,3.75,8.62],
[5.6,6.72,4.82,8.56,6.68,5.2,7.4,4.3,8.44],
[0.44,13.36,3.53,14.4,2.94,3.11,1.84,13.39,0.9],
[1.84,2.04,8.25,13.35,12,0.47,12.65,2.79,18.73],
[18.35,5.47,4.59,0.92,12.68,10.52,8.89,1.01,7.6],
[0.14,0.98,2.3,6.26,10.35,4.77,6.15,1.23,7.42],
[11.49,6.78,1.48,5.15,0.51,1.31,18.37,4.86,4.66],
[2.34,6.31,0.15,4.66,13.46,13.74,6.69,2.86,6.32],
[1.64,9.14,5.62,11.1,6.11,1.43,8.07,6.87,11.09],
[8.58,3.8,6.38,6.36,9.87,5.2,8.65,2.16,13.5],
[9.5,2.59,3.17,3.65,10.01,6.26,6.03,2.07,7.21],
[5.31,3.11,1.57,6.03,6.79,2.57,9.81,6,6.62],
[6.58,5.56,2.06,3.99,9.28,7.31,10.15,4.23,7.61],
[5.68,7.08,6.78,7.69,7.04,4.16,8.02,4.74,9.4],
[8.11,2.73,4.57,5.73,9.48,5.01,6.95,2.04,10.34],
[8.82,3.31,2.63,5.85,9.75,4.5,8.37,4.02,8.63],
[5.6,3.78,1.96,5.54,8.69,5.79,7.9,4.48,6.77],
[5.98,5.33,5.46,6.81,7.78,4.52,7.12,4.07,8.39],
[8.09,3.27,3.66,6.71,10.23,4.46,8.4,3.77,9.89],
[7.63,3.79,2.38,6.34,9.77,6.17,7.36,3.46,7.63],
[6.44,5.16,4.51,7.34,9.37,4.41,8.28,4.88,9],
[6.99,3.55,3.42,7.05,10.01,5.58,7.61,3.37,8.93],
[5.81,5.16,4.48,7.6,9.3,5.28,7.8,4.36,8.23],
[2.47,8.05,1.6,16.74,3.75,11.56,1.48,3.1,16.97],
[9.28,7.45,2.11,14.49,12.45,4.02,11.69,1.75,13.78],
[15.52,7.72,0.5,0.02,0.47,3.6,0.95,8.04,7.16],
[0.49,2.03,1.96,2.42,11.83,6.15,11.27,13.82,5.21],
[14.3,3.61,4.53,10.6,0.51,1.55,17.59,5.58,19.41],
[0.91,7.59,1.28,6.39,8.18,0.63,1.37,2.79,4.74],
[5.37,6.25,2.56,12.65,6.49,6.26,6.98,2.51,12.34],
[10.2,6.11,1.3,6.8,5.94,3.64,6.33,4.32,8.84],
[6.4,4.34,1.61,3.88,7.39,4.99,6.95,9.43,5.03],
[6.96,2.73,3.77,6.56,8.59,3.36,11.6,8.51,10.67],
[6.18,5.92,2.41,8.49,4.42,6.35,9.08,5.06,9.97],
[7.97,5.92,1.72,9.09,4.75,5.21,7.25,3.64,10],
[6.54,4.81,2.21,6.07,7.73,4.18,7.41,6.37,6.83],
[8.5,3.72,2.53,5.16,10.8,4.44,8.93,8.65,8.93],
[5.14,4.21,3.26,6.13,7.41,5.84,9.1,6.65,8.71],
[6.11,5.19,2.03,7.62,6.31,5.14,7.37,5.45,8.26],
[7.88,4.18,2.53,6.43,10.56,3.97,8.67,6.64,9.02],
[7.04,4.72,2.46,5.73,9.81,5.17,7.3,6.94,8.43],
[7.04,4.59,2.38,7.63,9.12,4.8,8.3,6.13,9.57],
[6.86,5.01,2.37,6.57,10.07,4.69,7.54,5.71,8.6],
[6.21,5.35,2.35,7.45,9.14,5.22,7.78,5.4,9.09],
[4.61,13.35,5.44,13.62,12.45,0.36,7.32,6.74,10.8],
[8.8,10.79,2.2,16.83,3.44,1.3,7.29,11.98,10.24],
[7.25,5.84,2.64,3.91,1.57,4.47,9.86,4.51,10.59],
[2.25,0.6,6.15,6.59,2.08,12.17,13.79,4.5,7.76],
[3.09,0.54,5.21,3.23,5.29,3.74,7.17,3.78,4.11],
[7.59,14.81,6.51,0.84,7.16,1.5,5.46,2.59,2.41],
[5.92,11.63,3.3,14.08,7.76,1.77,6.76,8.25,9.17],
[7.43,7.19,5.66,10.16,3.9,4.11,8.23,8.61,8.93],
[7.49,2.77,6.51,4.54,2.03,7.44,10.17,4.07,7.95],
[3.43,3.37,6,10.89,3.31,7.18,13.71,4.27,5.73],
[5.28,11.77,5.11,2.1,5.36,4.67,8.07,3.72,8.41],
[6.51,9.08,5.6,10.35,5.96,2.84,7.28,7.34,8.76],
[7.2,4.74,5.71,8.77,3.05,5.94,9.07,6.73,7.88],
[5.63,4.21,5.61,9,2.74,6.4,12.79,4.61,6.96],
[5.84,7.92,5.64,7.57,4.06,6.32,10.46,3.7,7.59],
[6.26,6.85,5.48,9.18,4.8,4.52,8.13,6.31,8.12],
[5.9,5.64,5.47,10.08,3.39,5.31,10.84,6.08,7.31],
[6.25,7.03,5.43,7.55,3.45,5.66,10.48,3.95,7.68],
[5.44,6.75,5.46,10.41,4.67,4.39,9.96,5.86,7.82],
[6.33,7.37,5.36,8.63,3.82,5.21,9.43,5.32,7.69],
[5.96,8.13,5.4,9.32,4.8,4.39,8.94,5.28,7.85],
[4.92,9.63,5.52,14.37,9.51,2.02,7.11,6.71,1.08],
[6.95,8.94,2.49,13.4,7.08,1.3,9.43,11.64,6.53],
[10.28,5.54,2.45,3.92,8.24,9.74,5.47,2.41,10.85],
[2.61,1.24,5.62,7.28,3.85,7.51,3.75,6.71,6.98],
[4.15,3.05,0.45,6.46,5.64,3.48,17.94,2.37,1.15],
[4.06,15.16,0.42,2.62,8.68,6.17,4.03,0.66,5.01],
[5.67,9.31,3.45,12.67,7.14,1.67,7.59,7.9,8.07],
[7.97,6.82,4.58,8.33,6.82,5.11,8.06,6.72,7.92],
[6.09,3.25,5.08,4.8,5.35,7.41,3.96,4.09,8.18],
[3.48,2.91,2.84,10.73,5.76,4.86,14.46,4.96,9.03],
[5.08,9.28,1.2,3.91,6.68,4.2,9.99,1.62,8.14],
[6.54,7.47,4.79,9.35,6.94,3.83,7.07,6.43,8.24],
[6.88,4.71,4.65,7.48,5.41,5.33,6.64,6.11,7.92],
[5.13,3.37,3.37,8.92,5.96,5.76,11.59,4.56,8.87],
[5.59,6.4,3.06,8.33,6.04,4.95,10.42,3.34,8.27],
[6.03,5.87,4.69,8.4,5.87,4.32,6.32,6.08,7.59],
[5.87,4.64,3.52,9.26,6.09,4.79,10.64,5.7,7.92],
[6.17,5.86,3.02,8.31,6.11,5.62,9.66,3.53,8.24],
[5.41,5.4,3.82,9.87,6.37,4.1,9.56,5.64,8.55],
[6.21,6.22,3.48,8.68,6.19,5,9.23,4.63,7.78],
[5.8,6.66,3.87,9.52,6.42,4.4,8.62,4.75,7.99],
[1.18,9.38,5.6,16.11,2.43,3.02,1.23,9.82,1.01],
[4.85,1.73,5.59,13.61,8.58,0.59,8.83,3.6,14.35],
[13.09,6.11,3.08,0.61,9.98,7.77,9.9,0.69,5.46],
[0.21,0.71,5.85,5.54,7.97,7.82,6.9,6,7.99],
[8.16,5.2,1,5.56,5.52,3.48,15.45,3.59,3.49],
[2.13,5.92,0.42,3.11,9.01,9.56,4.86,2.69,4.25],
[2.91,8.9,5.07,12.74,5.28,1.58,7.07,6.02,9.02],
[7.87,5.47,4.65,7.94,7.99,3.83,8.28,1.99,9.81],
[6.86,3.11,5.14,4.01,7.76,6.68,7.2,3.04,5.96],
[4.38,2.57,3.01,6.34,7.2,5.1,10.36,5.27,8.67],
[5.43,6.04,1.7,3.74,7.97,5.85,8.8,3.11,6.79],
[5.44,7.49,5.36,9.92,6.36,3.27,7.29,4.04,7.34],
[6.48,3.75,4.93,6.77,7.37,4.64,7.23,2.94,8.44],
[6.7,3.4,3.62,6.95,7.94,5.43,9.42,3.56,8.68],
[5.17,4.16,3.22,5.08,7.48,5.91,7.94,4.1,7.36],
[4.99,5.65,5.17,8.43,6.55,4.02,6.74,4.23,7.01],
[6.39,3.89,3.83,7.83,7.95,4.43,8.72,3.49,9.27],
[6.42,4.6,3.24,6.54,7.75,5.91,7.94,3.15,7.34],
[5.23,5.29,4.24,8.75,7.7,4.04,8.36,4.32,8.64],
[6.01,4.42,3.59,7.32,7.74,5,7.68,3.18,8.12],
[5.13,5.72,4.14,8.15,7.54,4.59,7.67,3.92,7.71],
[1.66,14.96,4.5,13.37,2.5,7.99,1.33,9.11,11.45],
[10.27,5.12,7.04,10.2,8.43,3.46,11.02,3.56,14.32],
[16.16,5.23,3.37,0.72,9.1,8.09,7.02,5.41,5.46],
[0.53,1.8,3.42,7.33,7.96,4.1,8.29,11.1,6.17],
[9.73,5.1,3.3,10.48,0.36,1.03,15.19,3.74,13.96],
[1.65,12.44,0.95,4.57,10.44,11.35,5.33,2.3,8.27],
[5.19,8.87,5.71,10.13,4.69,4.96,6.21,5.58,11.31],
[11.5,4.44,4.83,5.69,7.51,4.97,8.55,3.87,10.69],
[7.66,3.31,3.63,5.01,7.97,5.38,7.49,7.22,5.88],
[5.39,2.96,3.16,7.63,6.94,2.46,11,7.74,9.14],
[5.35,7.52,2.08,6.84,7.15,7.26,8.81,3.72,9.64],
[7.98,7.12,5.47,7.66,5.46,5.36,7.49,5.12,9.97],
[8.18,3.57,4.26,6.09,7.53,4.45,7.92,5.57,8.52],
[7.88,3.54,3.22,6.38,9.44,4.12,9.11,7.2,8.75],
[5.09,5.28,2.77,6.43,7.64,5.77,8.77,5.75,8.07],
[6.78,5.68,4.71,7.27,6.08,4.86,7.15,5.99,8.55],
[8.05,3.71,3.8,6.74,9.59,3.93,9.12,6.17,9.55],
[6.99,5.1,2.78,6.35,9.01,5.9,7.89,5.76,8.22],
[6.91,5.32,4.34,7.48,8.42,4.38,8.56,6.31,9.35],
[7.18,4.93,3.39,6.63,9.24,5.26,8.26,5.23,8.9],
[6.28,6.04,4.07,7.23,8.39,5.39,8.16,5.51,8.85],
[3.94,12.61,4.15,11.63,9.55,2.21,5.51,6.45,8.69],
[7.71,8.91,1.9,13.78,5.5,1.14,8.38,10.83,10.28],
[10.06,6.25,2.17,2.94,6.19,7.78,9.23,3.41,8.31],
[2.06,0.94,4.62,5.46,2.9,10.68,10.79,5.04,8.29],
[4.1,2.57,3.91,5.76,6.01,5.18,15.54,3.56,4.6],
[5.76,12.76,5.73,1.97,8.05,4.76,4.54,1.96,5.55],
[5.43,10.47,2.7,13.64,6.89,2.1,7.31,7.86,9.34],
[7.9,7.35,4.52,9.35,5.33,4.7,8.85,7.08,8.31],
[6.76,3.26,5.4,3.73,4.22,8.27,8.9,3.77,7.42],
[3.09,2.91,4.97,8.79,4.95,7.32,13.23,5.62,7.84],
[5.54,9.37,4.3,3.45,6.26,4.94,9.41,3.78,9.23],
[6.41,8.6,4.53,9.94,6.22,3.76,7.53,6.39,8.43],
[6.87,5.01,4.67,8,4.3,6.47,8.97,6.08,7.8],
[5.52,3.75,4.67,7.28,4.96,6.93,11.49,5.11,7.64],
[5.25,6.4,5,7.22,5.61,6.25,9.81,4.38,8.42],
[5.9,6.54,4.48,8.6,5.26,5.24,7.88,5.85,7.96],
[5.95,5.35,4.52,8.66,4.94,5.86,10.47,6.13,7.8],
[6.11,6.03,4.66,7.18,5.47,6.26,9.44,4.21,7.95],
[5.37,6.36,4.51,9.36,5.51,5.02,9.45,5.94,8.28],
[6.19,6.62,4.61,8.08,5.41,5.7,9.05,5.24,8.03],
[5.7,7.28,4.64,9.05,5.8,5.02,8.45,5.23,8.17],
[4,7.25,4.25,15.25,9.56,2.93,6.41,7.54,0.82],
[5.27,7.08,4.5,14.04,7.77,0.99,7.08,8.73,10.76],
[11.07,5.4,2.59,2.96,7.7,7.32,9.75,2.94,11.2],
[2.01,1,4.49,7.35,6.59,5.86,8.42,5.05,6.29],
[6.24,5.61,0.76,4.85,4.31,2.62,13.52,2.82,2.62],
[3.06,11.39,0.32,2.37,7.39,8.65,4.71,2.07,3.76],
[4.59,8.14,4,13.03,7.74,1.77,6.85,7.26,7.74],
[7.41,5.97,4.08,7.81,7.21,4.06,7.97,5.5,10.03],
[7.07,2.99,4.01,4.71,6.46,5.93,8.09,3.57,7.78],
[4.92,3.37,2.38,8.86,5.64,4,12.39,4.14,7.08],
[4.76,8.2,1.55,3.29,6.23,5.05,8.25,2.54,6.84],
[6.11,6.77,4.41,9.49,7.37,3.46,7.24,5.7,8.25],
[6.81,4.13,4.07,7.13,6.85,4.29,7.71,5,8.34],
[6.59,3.71,2.85,7.97,6.35,4.66,11.17,3.75,8.32],
[5.6,5.61,2.73,6.72,6.02,5.04,9.47,3.29,6.7],
[5.87,5.31,4.21,8.54,7.13,3.79,7.16,5.29,7.42],
[6.38,4.5,3.17,8.91,7.18,3.89,9.76,4.63,8.4],
[6.46,5.3,2.7,7.17,6.3,5.26,9.54,3.2,7.43],
[5.72,5.22,3.47,9.61,7.52,3.61,9.13,4.92,8.38],
[6.13,5.52,3.12,8.25,6.91,4.54,8.73,4.02,7.7],
[5.67,6.02,3.53,9.01,7.24,4.21,8.5,4.36,7.59],
[2.47,12.59,5.02,13.44,2.49,6.1,1.02,7.4,10.29],
[8.76,4.8,5.28,10.49,7.01,2.6,9.12,3.46,11.58],
[12.27,6.77,2.53,0.54,8.48,6.37,9.33,4.18,4.59],
[0.42,1.35,4.97,5.92,6.45,6,7.3,10.07,6.35],
[7.39,4.15,2.68,11.45,4.54,2.61,12.87,3.28,12.14],
[1.61,12.62,0.8,3.51,8.03,9.31,4.6,2.15,6.27],
[5.06,8.75,4.89,10.68,4.36,3.94,5.92,4.95,10.08],
[9.41,5.56,3.83,6.86,6.9,3.99,8.24,3.47,8.36],
[5.97,3.62,4.77,4.83,6.74,5.51,7.91,6.7,5.07],
[4.52,2.45,4.01,7.8,7.1,4.17,11.17,6.4,9.97],
[4.57,7.76,1.84,6.71,6.99,6.02,7.88,2.95,8.67],
[6.89,7.57,4.52,8.97,5.31,4.38,7.02,4.54,8.32],
[6.59,4.13,4.57,6.52,6.42,4.29,7.71,5.3,7.2],
[6.41,3.54,3.86,7.22,7.98,4.64,9.85,6.08,8.79],
[4.73,5.41,3.54,6.15,7.02,5.61,8.63,4.86,8.2],
[5.66,5.9,4.65,7.96,5.49,4.49,6.73,5.53,7.47],
[6.63,4.03,3.96,7.62,7.88,4.01,9.21,5.3,9],
[6.16,5.41,3.32,6.63,7.58,5.51,8.34,4.94,7.88],
[5.81,5.4,4.19,8.42,7.27,4.2,8.56,5.43,8.91],
[6.34,5.33,3.54,7.01,7.59,4.8,8.19,4.55,8.21],
[5.62,6.28,3.9,7.71,7.18,4.83,8,4.79,8.29],
[3.52,10.42,3.42,13.71,10.55,3.3,5.17,6.67,7.3],
[6.44,7.21,3.62,15.75,6.68,0.94,6.78,8.76,11.42],
[9.99,5.57,2.55,2.37,6.18,6.22,10.47,3.28,8.96],
[1.71,0.8,4.05,5.95,5.49,9.26,11.34,4.04,7.02],
[6.5,5.15,4.01,4.65,5.06,4.19,12.43,4.22,4.42],
[4.65,10.22,4.71,1.93,7.62,7.42,5.63,2.42,4.49],
[4.75,9.28,3.28,13.76,8,2.15,6.83,7.39,8.98],
[7.49,6.27,4.08,9.13,6.06,3.92,8.16,5.87,9.29],
[7.3,2.92,4.47,3.87,5.34,7.04,9.91,3.33,7.32],
[4.57,3.39,4.22,7.74,5.3,6.2,11.58,4.97,6.47],
[5.6,8.4,4,3,5.97,5.35,8.37,4.21,7.73],
[6.15,7.66,4.25,9.95,7.05,3.51,7.5,5.84,8.48],
[6.87,4.32,4.19,7.68,5.69,5.45,8.69,5.12,8.1],
[6.67,3.89,4.09,6.83,5.52,5.85,10.74,4.38,7.38],
[5.54,5.72,4.38,6.12,5.68,6.21,9.15,4.18,7.09],
[5.85,5.84,4.12,8.66,6.5,4.75,8.01,5.25,7.89],
[6.49,4.97,4.04,8.49,6.03,4.94,9.47,5.21,8.04],
[6.49,5.44,4.1,6.45,5.74,5.94,9.19,3.87,7.28],
[5.76,5.88,4.09,9.24,6.63,4.49,8.98,5.37,8.2],
[6.29,5.84,4.13,7.84,6.15,5.25,8.49,4.68,7.75],
[5.76,6.5,4.23,8.71,6.64,4.83,8.29,4.87,7.77],
[5.37,10.07,4.02,14.13,7.7,5.03,5.15,6.09,8.86],
[7.58,7.27,4.71,11.94,6.45,2.24,7.41,7.1,9.31],
[10.36,5.72,2.18,2.37,7.14,6.66,10.17,4.49,10.23],
[2.12,1.71,4.16,8.24,5.86,4.81,7.74,8.11,5.45],
[6.18,4.54,2.19,10.71,3.88,2.1,11.42,2.84,9.97],
[2.54,13.65,0.68,2.94,6.7,9.35,4.26,1.8,6.03],
[5.88,8.25,4.12,11.9,6.55,3.38,6.15,6.03,8.91],
[8.22,5.92,3.57,6.98,6.39,4.07,8,6.16,9.21],
[6.15,3.38,3.9,5.3,6.06,5.23,8.57,6.5,7.13],
[5.19,3.08,3.29,9.52,5.84,3.44,12.67,5.26,8.67],
[4.34,8.41,1.68,6.21,5.72,5.48,7.29,2.58,8.3],
[6.91,7.05,3.93,8.95,6.41,4.15,7.03,5.84,8.8],
[6.52,4.35,3.93,7.04,6.18,4.05,7.87,6.52,7.62],
[6.41,3.77,3.18,8.03,6.7,4.2,11.29,5.85,9.02],
[5.37,6.02,3.09,7.27,5.86,5.03,9.76,4.08,7.5],
[6.12,5.58,3.95,8.42,6.25,4.12,7.05,6.15,7.69],
[6.46,4.45,3.41,8.54,7.24,3.63,9.97,5.89,8.7],
[6.28,5.75,2.86,7.18,6.41,5.17,9.64,4.72,7.99],
[6.09,5.34,3.57,9.23,7.22,3.75,9.16,5.72,8.74],
[6.29,5.88,3.16,7.82,6.94,4.51,8.98,4.99,7.96],
[5.98,6.37,3.44,8.5,7,4.46,8.63,5,8.11],
[5.02,11.19,3.35,13.6,8.79,4.62,4.32,5.67,11.17],
[7.52,7.88,4.02,13.33,5.87,2.16,7.57,7.31,9.78],
[10.01,5.5,2.29,1.98,6.04,6.04,10.1,4.99,8.54],
[1.93,1.45,3.73,7.1,4.98,8.14,11.04,6.87,6.51],
[6.85,4.3,4.11,9.1,4.86,3.55,11.21,3.76,9.27],
[4.14,13.07,4,2.56,6.73,8.59,5.43,2.26,6.98],
[5.8,9.09,3.51,12.59,7.02,3.39,6.34,6.32,9.69],
[8.13,6.22,3.63,8.13,5.64,3.94,8.16,6.58,8.53],
[6.52,3.25,4.32,4.53,5.15,6.56,9.99,5.82,7.03],
[5.07,3.09,4.68,8.4,5.53,5.41,11.96,5.58,7.95],
[5.42,8.62,3.75,5.42,5.59,5.61,7.85,3.95,8.69],
[6.79,7.56,3.85,9.38,6.39,4.03,7.29,5.98,8.89],
[6.57,4.57,4.05,7.42,5.34,5.09,8.84,6.35,7.52],
[6.51,3.91,4.19,7.03,5.9,5.33,10.83,5.99,8.14],
[5.57,6.1,4.44,6.63,5.61,6.11,9.46,4.7,7.66],
[6.05,5.95,3.91,8.52,5.93,4.83,7.89,5.98,8.05],
[6.51,4.9,4.09,8.25,6.24,4.57,9.71,6.12,8.23],
[6.36,5.85,4.03,6.54,5.92,5.87,9.3,5.02,7.73],
[6.08,5.87,4.06,8.96,6.52,4.46,9.04,5.94,8.56],
[6.39,6.2,4.02,7.55,6.28,5.14,8.73,5.36,7.87],
[6.03,6.79,4.05,8.32,6.53,4.96,8.43,5.32,8.18]]
[[0,0,0,0,0,0,0,0,0],
[0,0,0,0,0,0,0,0,0],
[0,0,0,0,0,0,0,0,0],
[0,0,0,0,0,0,0,0,0],
[0,0,0,0,0,0,0,0,0],
[0,0,0,0,0,0,0,0,0],
[0.02,0,0,0,0.01,0.01,0,0.02,0.04],
[0.02,0,0.04,0,0,0.04,0.04,0.02,0],
[0.02,0.04,0,0.08,0.01,0,0.04,0.01,0.02],
[0,0.04,0.04,0,0,0,0.02,0,0],
[0.01,0.04,0,0,0.02,0,0,0.04,0.02],
[0.01,0,0.03,0.01,0,0.02,0.04,0.01,0.03],
[0.01,0.02,0.03,0.04,0,0.02,0.03,0.01,0.01],
[0.01,0.03,0.03,0.05,0.01,0,0.02,0.01,0.02],
[0,0.03,0.03,0,0.01,0,0.01,0.02,0.01],
[0.01,0.02,0.03,0.03,0,0.02,0.03,0.01,0.02],
[0.01,0.02,0.03,0.04,0.01,0.02,0.02,0.01,0.02],
[0.01,0.03,0.03,0.04,0.01,0,0.02,0.02,0.02],
[0.01,0.02,0.03,0.03,0.01,0.01,0.03,0.01,0.02],
[0.01,0.02,0.03,0.03,0.01,0.02,0.02,0.02,0.02],
[0.01,0.02,0.02,0.03,0.01,0.01,0.02,0.01,0.02],
[0,0,0,0,0,0,0,0,0],
[0,0,0,0,0,0,0,0,0],
[0,0,0,0,0,0,0,0,0],
[0,0,0,0,0,0,0,0,0],
[0,0,0,0,0,0,0,0,0],
[0,0,0,0,0,0,0,0,0],
[0,0.02,0,0,0,0,0,0.04,0],
[0,0,0,0,0,0.08,0.02,0,0.01],
[0,0.01,0,0.02,0.02,0,0.01,0,0.04],
[0,0.02,0.02,0.02,0.01,0.01,0.02,0,0.08],
[0,0,0.08,0,0,0.01,0,0,0],
[0,0.01,0,0,0,0.05,0.01,0.02,0],
[0,0,0,0.01,0.01,0.04,0.02,0,0.02],
[0,0.01,0.01,0.04,0.01,0.01,0.01,0,0.04],
[0,0.01,0.04,0.01,0,0,0.01,0,0.04],
[0,0.01,0,0.01,0.01,0.04,0.02,0.02,0.02],
[0,0.01,0.01,0.03,0.01,0.03,0.02,0,0.03],
[0,0.01,0.03,0.03,0.01,0.01,0.01,0,0.03],
[0,0.01,0.01,0.03,0.01,0.03,0.02,0.02,0.02],
[0,0.01,0.02,0.03,0.01,0.02,0.01,0,0.02],
[0,0.01,0.02,0.03,0.01,0.03,0.01,0.01,0.02],
[0,0,0,0,0,0,0,0,0],
[0,0,0,0,0,0,0,0,0],
[0,0,0,0,0,0,0,0,0],
[0,0,0,0,0,0,0,0,0],
[0,0,0,0,0,0,0,0,0],
[0,0,0,0,0,0,0,0,0],
[0.02,0.04,0.01,0,0,0.01,0.02,0.02,0],
[0,0.04,0.01,0.01,0,0.01,0.04,0.02,0],
[0.04,0.01,0,0.02,0.02,0,0,0.02,0.02],
[0.04,0.01,0.02,0.04,0,0.02,0.01,0,0],
[0.02,0.01,0,0.04,0,0.04,0,0,0],
[0.02,0.03,0,0.01,0,0,0.02,0.01,0],
[0.02,0.02,0,0.01,0.01,0,0.02,0.01,0.01],
[0.03,0,0.01,0.02,0.01,0.01,0.01,0.01,0.02],
[0.02,0,0.02,0.03,0,0.02,0,0,0],
[0.02,0.02,0,0.01,0.01,0,0.02,0.01,0.01],
[0.02,0.02,0.01,0.02,0.01,0.01,0.02,0.01,0.02],
[0.02,0,0.02,0.02,0.02,0.02,0.01,0.02,0.02],
[0.02,0.02,0.01,0.02,0.01,0.01,0.01,0.01,0.02],
[0.02,0.02,0.02,0.02,0.01,0.01,0.01,0.01,0.02],
[0.02,0.01,0.02,0.02,0.01,0.01,0.01,0.02,0.02],
[0,0,0,0,0,0,0,0,0],
[0,0,0,0,0,0,0,0,0],
[0,0,0,0,0,0,0,0,0],
[0,0,0,0,0,0,0,0,0],
[0,0,0,0,0,0,0,0,0],
[0,0,0,0,0,0,0,0,0],
[0.02,0,0.02,0.01,0.04,0.04,0,0,0.01],
[0.02,0.01,0.02,0,0.02,0.08,0,0,0.02],
[0.04,0.04,0,0,0.01,0.04,0.04,0,0.04],
[0.04,0.02,0.04,0,0,0.04,0.02,0,0.08],
[0.01,0,0.02,0.01,0.08,0.08,0.01,0,0],
[0.01,0.01,0.01,0,0.02,0.04,0,0,0.01],
[0.02,0.02,0.01,0,0.02,0.04,0.03,0,0.02],
[0.03,0.02,0.03,0,0.01,0.03,0.02,0,0.04],
[0.02,0.01,0.02,0,0.04,0.04,0.01,0,0.05],
[0.02,0.02,0.01,0,0.02,0.03,0.02,0,0.02],
[0.02,0.02,0.02,0,0.03,0.04,0.02,0,0.03],
[0.02,0.02,0.02,0,0.03,0.04,0.02,0,0.04],
[0.02,0.01,0.02,0,0.02,0.03,0.02,0,0.03],
[0.02,0.01,0.02,0,0.03,0.04,0.02,0,0.03],
[0.02,0.01,0.02,0,0.03,0.04,0.01,0,0.03],
[0,0,0,0,0,0,0,0,0],
[0,0,0,0,0,0,0,0,0],
[0,0,0,0,0,0,0,0,0],
[0,0,0,0,0,0,0,0,0],
[0,0,0,0,0,0,0,0,0],
[0,0,0,0,0,0,0,0,0],
[0,0.01,0.01,0,0,0,0.01,0.02,0],
[0.02,0.01,0.02,0,0.01,0,0,0.01,0],
[0.02,0.02,0.02,0.02,0.01,0,0.02,0.01,0.01],
[0,0.04,0,0.04,0,0,0,0.02,0.02],
[0.04,0.02,0.02,0,0,0,0,0,0.02],
[0.01,0,0.02,0,0,0,0,0.01,0],
[0.01,0.01,0.01,0.01,0,0,0.01,0,0.01],
[0.02,0.02,0.01,0.02,0.01,0,0.01,0.01,0.02],
[0.02,0.02,0.01,0.03,0.01,0,0,0.01,0.01],
[0.01,0.01,0.02,0.01,0,0,0.01,0.01,0.01],
[0.02,0.02,0.01,0.02,0.01,0,0.01,0.01,0.03],
[0.02,0.02,0.02,0.02,0.02,0,0.01,0.01,0.02],
[0.01,0.01,0.01,0.01,0.01,0,0.01,0.01,0.03],
[0.02,0.01,0.01,0.02,0.01,0,0.01,0.01,0.02],
[0.01,0.01,0.01,0.01,0.01,0,0.01,0.01,0.02],
[0,0,0,0,0,0,0,0,0],
[0,0,0,0,0,0,0,0,0],
[0,0,0,0,0,0,0,0,0],
[0,0,0,0,0,0,0,0,0],
[0,0,0,0,0,0,0,0,0],
[0,0,0,0,0,0,0,0,0],
[0.02,0.01,0.02,0,0,0.02,0,0,0],
[0,0,0.01,0,0,0.02,0,0.02,0.01],
[0,0.01,0,0.01,0,0,0,0.04,0],
[0,0,0.04,0,0.02,0,0,0.02,0.01],
[0.02,0,0.02,0,0,0.02,0.02,0.01,0.01],
[0.01,0,0.02,0,0,0.01,0,0.01,0],
[0,0,0,0.01,0,0.01,0,0.02,0],
[0,0.01,0.03,0,0.01,0,0,0.02,0],
[0.02,0,0.02,0,0.01,0.01,0.01,0.01,0],
[0.02,0,0.02,0.01,0,0.01,0,0.02,0],
[0,0.01,0.02,0.01,0.01,0.02,0,0.02,0],
[0.02,0.01,0.02,0.01,0.01,0.01,0.01,0.02,0],
[0.01,0.01,0.02,0.01,0.01,0.01,0,0.01,0],
[0.01,0.01,0.02,0.01,0.01,0.01,0.01,0.01,0],
[0.02,0.01,0.02,0.01,0.01,0.01,0.01,0.01,0],
[0,0,0,0,0,0,0,0,0],
[0,0,0,0,0,0,0,0,0],
[0,0,0,0,0,0,0,0,0],
[0,0,0,0,0,0,0,0,0],
[0,0,0,0,0,0,0,0,0],
[0,0,0,0,0,0,0,0,0],
[0.01,0,0,0,0.02,0.02,0,0.02,0],
[0.02,0,0,0,0.02,0,0.02,0,0.02],
[0,0.02,0.04,0,0.04,0.01,0.01,0,0.02],
[0,0.02,0.08,0.02,0,0,0,0,0.02],
[0.02,0.01,0.02,0,0.02,0,0.04,0.01,0.02],
[0.01,0,0,0,0.01,0.01,0.02,0.01,0.01],
[0.01,0.02,0.03,0,0.02,0.01,0.01,0,0.01],
[0,0.01,0.04,0.01,0.03,0,0.01,0,0.01],
[0.02,0.01,0.04,0.01,0.01,0,0.02,0,0.01],
[0.01,0.02,0.02,0,0.02,0.01,0.02,0.01,0.01],
[0.01,0.02,0.03,0.01,0.02,0.01,0.01,0,0.01],
[0.02,0.01,0.03,0.01,0.02,0,0.02,0.01,0.01],
[0.01,0.01,0.02,0.01,0.02,0.01,0.01,0.01,0.01],
[0.02,0.01,0.02,0.01,0.02,0.01,0.02,0.01,0.01],
[0.01,0.01,0.02,0.01,0.02,0.01,0.02,0.01,0.01],
[0,0,0,0.02,0.02,0.02,0,0,0.02],
[0.01,0.01,0,0.02,0,0.04,0,0,0],
[0,0.02,0.02,0.08,0,0.08,0.02,0.01,0.02],
[0.01,0.02,0.02,0.02,0,0.02,0.02,0,0.04],
[0.02,0.04,0,0.08,0.02,0,0.02,0,0],
[0,0,0.04,0.02,0,0.04,0.02,0.04,0.01],
[0.01,0.01,0,0.02,0.01,0.02,0,0.02,0.02],
[0.01,0.01,0.02,0.03,0,0.04,0.03,0.01,0.01],
[0.01,0.02,0.01,0.04,0.01,0.03,0.02,0.01,0.02],
[0.01,0.02,0.03,0.04,0.01,0.01,0.01,0,0.04],
[0.01,0.02,0.03,0.03,0.01,0.02,0.01,0.02,0.01],
[0.01,0.01,0.01,0.03,0.01,0.03,0.03,0.01,0.01],
[0.01,0.01,0.02,0.03,0.01,0.03,0.02,0.01,0.01],
[0.01,0.02,0.03,0.04,0.01,0.02,0.01,0.01,0.03],
[0.01,0.02,0.03,0.03,0.01,0.01,0.01,0.01,0.02],
[0.01,0.01,0.01,0.02,0.01,0.03,0.02,0.01,0.02],
[0.01,0.01,0.02,0.03,0.01,0.02,0.02,0.01,0.02],
[0.01,0.02,0.03,0.03,0.01,0.02,0.01,0.01,0.02],
[0.01,0.02,0.02,0.03,0.01,0.02,0.02,0.01,0.02],
[0.01,0.02,0.02,0.03,0.01,0.02,0.02,0.01,0.02],
[0.01,0.02,0.02,0.02,0.01,0.02,0.02,0.01,0.02],
[0.02,0,0.01,0.04,0.04,0.04,0.04,0,0.02],
[0,0.02,0,0.01,0.01,0.02,0,0,0.02],
[0.02,0.01,0.01,0,0.04,0,0.02,0.02,0],
[0.01,0.01,0.01,0,0.01,0,0,0,0.02],
[0,0.02,0,0.08,0,0,0,0,0.04],
[0,0,0.08,0,0,0,0,0,0.02],
[0.01,0.03,0,0.02,0.02,0.02,0.02,0.02,0.01],
[0.01,0.02,0,0.01,0.02,0.03,0.03,0.02,0.01],
[0.02,0,0,0.02,0.02,0,0.01,0.02,0.03],
[0.02,0.01,0.02,0.03,0,0.01,0.01,0,0.03],
[0.01,0.01,0.04,0.03,0,0.02,0,0,0.02],
[0.01,0.02,0,0.01,0.02,0.03,0.03,0.02,0.01],
[0.01,0.01,0,0.01,0.01,0.02,0.02,0.01,0.02],
[0.01,0.01,0.01,0.03,0.01,0.01,0.01,0.01,0.03],
[0.01,0.01,0.03,0.02,0,0.01,0.01,0,0.02],
[0.01,0.01,0,0.01,0.01,0.02,0.02,0.02,0.02],
[0.01,0.01,0.01,0.02,0.01,0.02,0.02,0.01,0.02],
[0.01,0.01,0.02,0.02,0.01,0.01,0.01,0.01,0.02],
[0.01,0.01,0.01,0.02,0.01,0.02,0.02,0.01,0.02],
[0.01,0.01,0.02,0.02,0.01,0.02,0.01,0.01,0.02],
[0.01,0.01,0.01,0.02,0.01,0.02,0.02,0.01,0.02],
[0,0.02,0,0.02,0,0.02,0.01,0.02,0.02],
[0,0.02,0,0,0.04,0.02,0,0,0],
[0.04,0,0,0.01,0.02,0.04,0.04,0.02,0.04],
[0.04,0.02,0,0,0.01,0,0,0,0.02],
[0.04,0.01,0,0.02,0.02,0,0,0,0],
[0,0,0.04,0.02,0,0,0.01,0,0],
[0.01,0.02,0.01,0.01,0.03,0.02,0.01,0.02,0.01],
[0.02,0.02,0.01,0,0.03,0.03,0.02,0.02,0.02],
[0.03,0.02,0,0.01,0.01,0.02,0.02,0.01,0.02],
[0.03,0.02,0.02,0.02,0.01,0.02,0.01,0,0.03],
[0.02,0,0.02,0.02,0.03,0.04,0,0,0],
[0.02,0.02,0.01,0.01,0.02,0.02,0.02,0.02,0.02],
[0.02,0.02,0.01,0,0.02,0.02,0.02,0.01,0.02],
[0.03,0.01,0.02,0.01,0.01,0.02,0.01,0.01,0.03],
[0.02,0.01,0.02,0.01,0.02,0.03,0.01,0,0.02],
[0.02,0.02,0.01,0.01,0.02,0.02,0.02,0.01,0.01],
[0.02,0.02,0.01,0.01,0.02,0.02,0.02,0.01,0.03],
[0.02,0.01,0.02,0.01,0.02,0.03,0.01,0.01,0.03],
[0.02,0.01,0.01,0.01,0.02,0.02,0.01,0.01,0.02],
[0.02,0.01,0.02,0.01,0.02,0.02,0.01,0.01,0.03],
[0.02,0.01,0.02,0.01,0.02,0.02,0.01,0.01,0.03],
[0.01,0.02,0,0.02,0.01,0,0,0.02,0.02],
[0,0,0,0,0.02,0.04,0.02,0,0],
[0,0,0.08,0,0.01,0,0.02,0.01,0.02],
[0,0,0.02,0.02,0.01,0.01,0.04,0,0.02],
[0.04,0.02,0,0.01,0.04,0,0,0.02,0],
[0.01,0,0,0,0,0.04,0.02,0.01,0.02],
[0.01,0.01,0.01,0.01,0.02,0.02,0.01,0.02,0.01],
[0.01,0,0.03,0,0.02,0.03,0.01,0.01,0.02],
[0.02,0.02,0.04,0.01,0,0.02,0.02,0,0.02],
[0.02,0.03,0.02,0.02,0.02,0.02,0.02,0.01,0.04],
[0.02,0.01,0.01,0,0.04,0.03,0.01,0.01,0.01],
[0.01,0.01,0.02,0.01,0.01,0.02,0.01,0.01,0.01],
[0.02,0.01,0.02,0.01,0.01,0.02,0.02,0,0.01],
[0.02,0.02,0.03,0.01,0.01,0.01,0.01,0.01,0.03],
[0.02,0.02,0.01,0.01,0.03,0.02,0.01,0.01,0.03],
[0.01,0.01,0.02,0.01,0.01,0.02,0.01,0.01,0.01],
[0.02,0.02,0.02,0.01,0.02,0.02,0.01,0.01,0.03],
[0.02,0.02,0.02,0.01,0.02,0.02,0.01,0.01,0.02],
[0.02,0.01,0.02,0.01,0.01,0.02,0.01,0.01,0.02],
[0.02,0.01,0.02,0.01,0.02,0.02,0.01,0.01,0.03],
[0.01,0.01,0.02,0.01,0.02,0.02,0.01,0.01,0.02],
[0.01,0.01,0.04,0.04,0,0.01,0,0,0],
[0,0.01,0,0.04,0,0,0.02,0.01,0],
[0.02,0,0.04,0.01,0.01,0.02,0.01,0.02,0.01],
[0,0,0.01,0.02,0,0.01,0,0.02,0],
[0,0.04,0,0.01,0,0.04,0,0.02,0.04],
[0,0,0.01,0.02,0,0,0.04,0,0],
[0.01,0,0.02,0.03,0,0.01,0.01,0.01,0],
[0.01,0,0.02,0.02,0.01,0.01,0.01,0.01,0.01],
[0.02,0.01,0.02,0.02,0,0.01,0.01,0.02,0],
[0,0.02,0.02,0.02,0.01,0.02,0,0.01,0.02],
[0.02,0.02,0.02,0.01,0,0.02,0.02,0.01,0.02],
[0.01,0,0.02,0.02,0.01,0.01,0.01,0.01,0.01],
[0.01,0.01,0.01,0.02,0,0.01,0.01,0.01,0.01],
[0.01,0.01,0.02,0.01,0.01,0.01,0,0.01,0.01],
[0.02,0.01,0.01,0.01,0.01,0.01,0.01,0.01,0.01],
[0.01,0.01,0.02,0.02,0,0.01,0.01,0.01,0.01],
[0.01,0.01,0.01,0.02,0.01,0.01,0.01,0.01,0.01],
[0.02,0.01,0.02,0.01,0.01,0.01,0.01,0.01,0.01],
[0.01,0.01,0.02,0.02,0.01,0.01,0.01,0.01,0.01],
[0.01,0.01,0.01,0.01,0.01,0.01,0.01,0.01,0.01],
[0.01,0.01,0.01,0.02,0.01,0.01,0.01,0.01,0.01],
[0,0.01,0,0.02,0.02,0,0,0.01,0],
[0,0,0,0.04,0,0,0,0,0],
[0.04,0,0.02,0.01,0.01,0.01,0.01,0.04,0],
[0.08,0,0,0,0.02,0,0,0,0.01],
[0.02,0.02,0,0.01,0,0,0,0.01,0.02],
[0.02,0,0,0.02,0,0.01,0,0.01,0.01],
[0.01,0.01,0.01,0.02,0.01,0.01,0,0.01,0],
[0.02,0,0.01,0.02,0.01,0.01,0.01,0.02,0.01],
[0.04,0.01,0.02,0.01,0.02,0,0,0.02,0.01],
[0.03,0.01,0.04,0.01,0.01,0,0,0.01,0.01],
[0.01,0.01,0.01,0.01,0.01,0.01,0.02,0,0.01],
[0.01,0,0.01,0.01,0.01,0.01,0.01,0.01,0.01],
[0.03,0.01,0.01,0.01,0.01,0.01,0.01,0.01,0.01],
[0.03,0.01,0.03,0.01,0.02,0,0,0.01,0.01],
[0.02,0.01,0.03,0.01,0.01,0,0.02,0.01,0.01],
[0.02,0.01,0.02,0.01,0.01,0.01,0.01,0.01,0.01],
[0.02,0.01,0.02,0.01,0.01,0.01,0.01,0.01,0.01],
[0.02,0.01,0.02,0.01,0.01,0,0.01,0.01,0.01],
[0.02,0.01,0.02,0.01,0.01,0.01,0.01,0.01,0.01],
[0.02,0.01,0.02,0.01,0.01,0.01,0.01,0.01,0.01],
[0.02,0.01,0.02,0.01,0.01,0.01,0.02,0.01,0.01],
[0.01,0,0.01,0.02,0.02,0.02,0.03,0,0.01],
[0.01,0.02,0,0.01,0,0.02,0,0,0.02],
[0.01,0.01,0.01,0.04,0.02,0.04,0.01,0.01,0.02],
[0,0.01,0.01,0.02,0,0.01,0.01,0,0.02],
[0.02,0.02,0,0.05,0.01,0,0.01,0,0.03],
[0,0,0.04,0.01,0,0.04,0.01,0.03,0.01],
[0.01,0.02,0.01,0.01,0.01,0.02,0.01,0.02,0.02],
[0.01,0.02,0.01,0.02,0.01,0.03,0.03,0.01,0.02],
[0.01,0.01,0.01,0.03,0.01,0.02,0.01,0.01,0.02],
[0.02,0.01,0.02,0.03,0.01,0.01,0.01,0,0.03],
[0.01,0.02,0.02,0.03,0.01,0.02,0.01,0.01,0.02],
[0.01,0.02,0.01,0.02,0.01,0.02,0.03,0.02,0.02],
[0.01,0.01,0.01,0.02,0.01,0.02,0.02,0.01,0.02],
[0.02,0.01,0.02,0.03,0.01,0.02,0.01,0.01,0.02],
[0.01,0.01,0.02,0.02,0.01,0.02,0.01,0.01,0.02],
[0.01,0.02,0.01,0.02,0.01,0.02,0.02,0.01,0.02],
[0.01,0.02,0.02,0.02,0.01,0.02,0.02,0.01,0.02],
[0.01,0.01,0.02,0.03,0.01,0.02,0.01,0.01,0.02],
[0.01,0.02,0.01,0.02,0.01,0.02,0.02,0.01,0.02],
[0.01,0.01,0.02,0.02,0.01,0.02,0.01,0.01,0.02],
[0.01,0.02,0.02,0.02,0.01,0.02,0.02,0.01,0.02],
[0.01,0.02,0.01,0.02,0.02,0.02,0.02,0.01,0.01],
[0,0.01,0,0,0.02,0.04,0,0,0.01],
[0.02,0,0.01,0.01,0.02,0.04,0.02,0.01,0.02],
[0.02,0.02,0.01,0,0,0,0,0,0.04],
[0.02,0.01,0,0.04,0.01,0.01,0,0,0.04],
[0,0,0.04,0.01,0.01,0,0.01,0,0.02],
[0.01,0.02,0.01,0.01,0.02,0.03,0.01,0.02,0.01],
[0.01,0.01,0.01,0.01,0.02,0.03,0.02,0.01,0.01],
[0.02,0.01,0.01,0.01,0.01,0.02,0.01,0.01,0.03],
[0.02,0.01,0.02,0.02,0.01,0.02,0.01,0,0.03],
[0.01,0.01,0.03,0.02,0.02,0.03,0.01,0,0.03],
[0.01,0.01,0.01,0.01,0.02,0.03,0.02,0.02,0.01],
[0.01,0.01,0.01,0.01,0.01,0.02,0.02,0.01,0.02],
[0.02,0.01,0.02,0.02,0.01,0.02,0.01,0.01,0.03],
[0.01,0.01,0.03,0.01,0.01,0.02,0.01,0,0.03],
[0.01,0.02,0.01,0.01,0.02,0.02,0.02,0.01,0.02],
[0.01,0.01,0.01,0.01,0.01,0.02,0.02,0.01,0.02],
[0.01,0.01,0.02,0.02,0.01,0.02,0.01,0.01,0.03],
[0.01,0.01,0.01,0.01,0.01,0.02,0.02,0.01,0.02],
[0.01,0.01,0.02,0.01,0.01,0.02,0.01,0.01,0.02],
[0.01,0.01,0.02,0.01,0.02,0.02,0.01,0.01,0.02],
[0,0.01,0,0.01,0.01,0.01,0,0.01,0.01],
[0,0.01,0,0,0.02,0.02,0.01,0,0],
[0.03,0,0.04,0,0.01,0.02,0.02,0.01,0.02],
[0.02,0.01,0.01,0.01,0,0,0.02,0,0.01],
[0.03,0.01,0,0.01,0.02,0,0,0.01,0],
[0,0,0.03,0.01,0,0.03,0.01,0.01,0.01],
[0.01,0.01,0.01,0.01,0.02,0.01,0.01,0.02,0.01],
[0.02,0.01,0.02,0,0.02,0.02,0.02,0.01,0.01],
[0.02,0.02,0.02,0.01,0.01,0.02,0.02,0.01,0.01],
[0.02,0.02,0.02,0.02,0.01,0.01,0.01,0.01,0.02],
[0.02,0.01,0.02,0.01,0.02,0.03,0,0.01,0.01],
[0.01,0.01,0.02,0.01,0.02,0.02,0.01,0.01,0.01],
[0.02,0.01,0.02,0.01,0.01,0.02,0.02,0.01,0.01],
[0.02,0.02,0.02,0.01,0.01,0.02,0.01,0.01,0.02],
[0.02,0.01,0.02,0.02,0.02,0.02,0.01,0.01,0.02],
[0.01,0.01,0.01,0.01,0.01,0.01,0.01,0.01,0.01],
[0.02,0.02,0.02,0.01,0.01,0.02,0.01,0.01,0.02],
[0.02,0.01,0.02,0.01,0.02,0.02,0.01,0.01,0.02],
[0.02,0.01,0.02,0.01,0.01,0.01,0.01,0.01,0.02],
[0.02,0.01,0.02,0.01,0.02,0.02,0.01,0.01,0.02],
[0.02,0.01,0.02,0.01,0.02,0.02,0.01,0.01,0.02],
[0,0.01,0.04,0.02,0.01,0.01,0,0.01,0.01],
[0,0,0,0.02,0.01,0.03,0.01,0.01,0],
[0.01,0,0.04,0,0,0.02,0.01,0.01,0.01],
[0,0.01,0.01,0.01,0,0,0.02,0.01,0.01],
[0.02,0.02,0,0,0.04,0.04,0,0.01,0.03],
[0,0,0,0.01,0,0.02,0.02,0,0.01],
[0.01,0.01,0.02,0.02,0.01,0.02,0.01,0.01,0.01],
[0.01,0,0.02,0.01,0.01,0.02,0.01,0.01,0.01],
[0.02,0.02,0.02,0.01,0,0.02,0.01,0.01,0.01],
[0.01,0.02,0.02,0.01,0.02,0.02,0.01,0.01,0.03],
[0.02,0.01,0.01,0.01,0.02,0.03,0.01,0.01,0.02],
[0.01,0.01,0.02,0.01,0.01,0.02,0.01,0.01,0.01],
[0.01,0.01,0.02,0.01,0.01,0.02,0.01,0.01,0.01],
[0.02,0.02,0.03,0.01,0.01,0.02,0.01,0.01,0.02],
[0.02,0.01,0.02,0.01,0.02,0.02,0.01,0.01,0.02],
[0.01,0.01,0.02,0.01,0.01,0.01,0.01,0.01,0.01],
[0.01,0.01,0.02,0.01,0.01,0.02,0.01,0.01,0.02],
[0.02,0.01,0.02,0.01,0.02,0.02,0.01,0.01,0.02],
[0.01,0.01,0.02,0.01,0.01,0.02,0.01,0.01,0.02],
[0.01,0.01,0.02,0.01,0.02,0.02,0.01,0.01,0.02],
[0.01,0.01,0.02,0.01,0.01,0.02,0.01,0.01,0.02],
[0,0,0.02,0.02,0.01,0,0.01,0.01,0],
[0,0.01,0,0.03,0,0,0.01,0.01,0],
[0.02,0,0.02,0,0,0.01,0,0.02,0.01],
[0.04,0,0.01,0.01,0.01,0,0,0.01,0],
[0.02,0.02,0,0,0,0.02,0,0.01,0.02],
[0.01,0,0,0.01,0.01,0.01,0.03,0,0],
[0.01,0.01,0.01,0.02,0.01,0.01,0.01,0.01,0],
[0.02,0,0.01,0.01,0.01,0.01,0.01,0.01,0.01],
[0.03,0.01,0.02,0.01,0.01,0.01,0.01,0.01,0.01],
[0.03,0.02,0.03,0.01,0.01,0.01,0,0.01,0.01],
[0.02,0.01,0.01,0.01,0.01,0.01,0.02,0.01,0.01],
[0.01,0,0.01,0.01,0.01,0.01,0.01,0.01,0.01],
[0.02,0.01,0.02,0.01,0.01,0.01,0.01,0.01,0.01],
[0.03,0.01,0.02,0.01,0.02,0.01,0.01,0.01,0.01],
[0.02,0.01,0.02,0.01,0.01,0.01,0.01,0.01,0.01],
[0.02,0.01,0.02,0.02,0.01,0.01,0.01,0.01,0.01],
[0.02,0.01,0.02,0.01,0.01,0.01,0.01,0.01,0.01],
[0.02,0.01,0.02,0.01,0.01,0.01,0.01,0.01,0.01],
[0.02,0.01,0.02,0.01,0.01,0.01,0.01,0.01,0.01],
[0.02,0.01,0.01,0.01,0.01,0.01,0.01,0.01,0.01],
[0.02,0.01,0.02,0.01,0.01,0.01,0.01,0.01,0.01],
[0.01,0.02,0.02,0.02,0.02,0.02,0.02,0.01,0.01],
[0.01,0.02,0,0.01,0.02,0.03,0,0,0.02],
[0.02,0.01,0.01,0.03,0.02,0.04,0.02,0.01,0.02],
[0.02,0.02,0.01,0.02,0,0.01,0.02,0,0.03],
[0.02,0.02,0,0.04,0.01,0.01,0.01,0,0.04],
[0,0,0.03,0.01,0.01,0.04,0.01,0.02,0.02],
[0.01,0.02,0.01,0.01,0.02,0.02,0.01,0.02,0.01],
[0.01,0.01,0.01,0.02,0.01,0.03,0.02,0.01,0.02],
[0.02,0.02,0.01,0.02,0.01,0.02,0.02,0.01,0.02],
[0.02,0.02,0.02,0.02,0.01,0.01,0.01,0,0.03],
[0.01,0.01,0.02,0.02,0.02,0.03,0.01,0.01,0.03],
[0.01,0.02,0.01,0.01,0.01,0.03,0.02,0.01,0.02],
[0.01,0.02,0.01,0.01,0.01,0.02,0.02,0.01,0.02],
[0.02,0.02,0.02,0.02,0.01,0.02,0.01,0.01,0.03],
[0.01,0.01,0.02,0.02,0.01,0.02,0.01,0.01,0.03],
[0.01,0.02,0.01,0.01,0.01,0.02,0.02,0.01,0.02],
[0.01,0.01,0.02,0.02,0.01,0.02,0.02,0.01,0.02],
[0.01,0.01,0.02,0.02,0.01,0.02,0.01,0.01,0.02],
[0.01,0.02,0.02,0.02,0.01,0.02,0.02,0.01,0.02],
[0.01,0.01,0.02,0.02,0.01,0.02,0.01,0.01,0.02],
[0.01,0.01,0.02,0.02,0.01,0.02,0.02,0.01,0.02],
[0.01,0.02,0.01,0.02,0.02,0.02,0.02,0.01,0.01],
[0,0.01,0,0.01,0.02,0.03,0.02,0,0.01],
[0.02,0,0.03,0.01,0.02,0.03,0.02,0.01,0.02],
[0.02,0.02,0.01,0.01,0,0,0.02,0,0.03],
[0.02,0.02,0,0.03,0.02,0.01,0,0.01,0.04],
[0,0,0.03,0.01,0.01,0.02,0.01,0.01,0.02],
[0.01,0.02,0.01,0.01,0.02,0.02,0.01,0.02,0.01],
[0.01,0.01,0.01,0.01,0.02,0.03,0.02,0.01,0.01],
[0.02,0.01,0.02,0.01,0.01,0.02,0.01,0.01,0.02],
[0.02,0.02,0.02,0.02,0.01,0.01,0.01,0.01,0.03],
[0.01,0.01,0.02,0.02,0.02,0.02,0.01,0.01,0.02],
[0.01,0.01,0.01,0.01,0.01,0.02,0.02,0.01,0.01],
[0.01,0.01,0.01,0.01,0.01,0.02,0.02,0.01,0.02],
[0.02,0.01,0.02,0.02,0.01,0.02,0.01,0.01,0.03],
[0.01,0.01,0.02,0.02,0.01,0.02,0.01,0.01,0.02],
[0.01,0.01,0.01,0.01,0.01,0.02,0.02,0.01,0.02],
[0.01,0.01,0.01,0.01,0.01,0.02,0.01,0.01,0.02],
[0.01,0.01,0.02,0.02,0.01,0.02,0.01,0.01,0.02],
[0.01,0.01,0.01,0.01,0.01,0.02,0.01,0.01,0.02],
[0.01,0.01,0.02,0.01,0.01,0.02,0.01,0.01,0.02],
[0.01,0.01,0.02,0.01,0.01,0.02,0.01,0.01,0.02],
[0,0.01,0.03,0.02,0.02,0.01,0.01,0.01,0.01],
[0,0.02,0,0.02,0.02,0.02,0.01,0.01,0],
[0.02,0,0.03,0,0.01,0.02,0.02,0.02,0.02],
[0.02,0.01,0.01,0.01,0,0,0.02,0.01,0.01],
[0.02,0.02,0,0.01,0.03,0.03,0,0.01,0.02],
[0,0,0.02,0.01,0,0.02,0.02,0.01,0.01],
[0.01,0.01,0.01,0.02,0.02,0.01,0.01,0.01,0.01],
[0.01,0.01,0.01,0.01,0.02,0.02,0.01,0.01,0.01],
[0.02,0.01,0.02,0.01,0.01,0.01,0.01,0.01,0.01],
[0.02,0.02,0.02,0.01,0.01,0.02,0.01,0.01,0.02],
[0.02,0.01,0.01,0.01,0.02,0.03,0.01,0.01,0.01],
[0.01,0.01,0.02,0.01,0.01,0.01,0.01,0.01,0.01],
[0.01,0.01,0.01,0.01,0.01,0.01,0.01,0.01,0.01],
[0.02,0.01,0.02,0.01,0.01,0.02,0.01,0.01,0.02],
[0.02,0.01,0.02,0.01,0.02,0.02,0.01,0.01,0.02],
[0.01,0.01,0.01,0.01,0.01,0.01,0.01,0.01,0.01],
[0.01,0.01,0.02,0.01,0.01,0.02,0.01,0.01,0.02],
[0.02,0.01,0.02,0.01,0.02,0.02,0.01,0.01,0.02],
[0.02,0.01,0.02,0.01,0.01,0.02,0.01,0.01,0.02],
[0.01,0.01,0.02,0.01,0.02,0.02,0.01,0.01,0.02],
[0.01,0.01,0.02,0.01,0.02,0.02,0.01,0.01,0.02],
[0,0.01,0.03,0.02,0.01,0.01,0.01,0.01,0.01],
[0,0.01,0,0.02,0.01,0.02,0.01,0.02,0],
[0.02,0,0.03,0,0,0.02,0.01,0.02,0.01],
[0.04,0.01,0.01,0.01,0.02,0,0.02,0.01,0.01],
[0.02,0.02,0,0,0.04,0.03,0,0.01,0.02],
[0.01,0,0,0.01,0.01,0.02,0.02,0,0.02],
[0.01,0.01,0.02,0.02,0.01,0.01,0.01,0.01,0],
[0.01,0,0.02,0.01,0.01,0.02,0.01,0.01,0.01],
[0.03,0.01,0.02,0.01,0.01,0.01,0.01,0.01,0.01],
[0.03,0.02,0.03,0.01,0.02,0.02,0.01,0.01,0.02],
[0.01,0.01,0.01,0.01,0.02,0.02,0.01,0.01,0.02],
[0.01,0.01,0.02,0.01,0.01,0.01,0.01,0.01,0.01],
[0.02,0.01,0.02,0.01,0.01,0.01,0.01,0.01,0.01],
[0.02,0.01,0.03,0.01,0.02,0.02,0.01,0.01,0.02],
[0.02,0.01,0.02,0.01,0.02,0.02,0.01,0.01,0.02],
[0.02,0.01,0.02,0.01,0.01,0.01,0.01,0.01,0.01],
[0.02,0.01,0.02,0.01,0.02,0.02,0.01,0.01,0.02],
[0.02,0.01,0.02,0.01,0.02,0.02,0.01,0.01,0.01],
[0.02,0.01,0.02,0.01,0.01,0.02,0.01,0.01,0.02],
[0.02,0.01,0.02,0.01,0.02,0.02,0.01,0.01,0.02],
[0.02,0.01,0.02,0.01,0.01,0.02,0.01,0.01,0.02],
[0.01,0.02,0.01,0.02,0.01,0.01,0.02,0.01,0.01],
[0.01,0.01,0,0.01,0.01,0.03,0.01,0,0.02],
[0.02,0.01,0.03,0.02,0.01,0.03,0.02,0.01,0.02],
[0.02,0.01,0.01,0.02,0,0.01,0.02,0,0.02],
[0.02,0.02,0,0.03,0.02,0,0.01,0.01,0.04],
[0,0,0.03,0.01,0.01,0.03,0.01,0.02,0.01],
[0.01,0.02,0.01,0.01,0.01,0.02,0.01,0.02,0.01],
[0.01,0.01,0.02,0.01,0.01,0.03,0.02,0.01,0.02],
[0.02,0.02,0.02,0.02,0.01,0.02,0.02,0.01,0.02],
[0.02,0.02,0.02,0.02,0.01,0.01,0.01,0.01,0.03],
[0.01,0.01,0.02,0.02,0.02,0.02,0.01,0.01,0.02],
[0.01,0.01,0.01,0.01,0.01,0.02,0.02,0.01,0.01],
[0.01,0.01,0.01,0.01,0.01,0.02,0.02,0.01,0.02],
[0.02,0.02,0.02,0.02,0.01,0.02,0.01,0.01,0.02],
[0.01,0.01,0.02,0.02,0.01,0.02,0.01,0.01,0.02],
[0.01,0.01,0.01,0.01,0.01,0.02,0.02,0.01,0.02],
[0.01,0.01,0.02,0.02,0.01,0.02,0.01,0.01,0.02],
[0.01,0.01,0.02,0.02,0.01,0.02,0.01,0.01,0.02],
[0.01,0.02,0.02,0.02,0.01,0.02,0.02,0.01,0.02],
[0.01,0.01,0.02,0.02,0.01,0.02,0.01,0.01,0.02],
[0.01,0.01,0.02,0.02,0.01,0.02,0.01,0.01,0.02],
[0.01,0.01,0.02,0.02,0.02,0.02,0.01,0.01,0.01],
[0,0.01,0,0.01,0.01,0.02,0.01,0.01,0.01],
[0.02,0,0.02,0.01,0.01,0.03,0.01,0.01,0.01],
[0.02,0.01,0.01,0.01,0,0,0.01,0.01,0.02],
[0.02,0.02,0,0.02,0.02,0.02,0,0.01,0.03],
[0,0,0.02,0.01,0.01,0.02,0.02,0.01,0.01],
[0.01,0.01,0.01,0.02,0.01,0.02,0.01,0.01,0.01],
[0.01,0.01,0.01,0.01,0.01,0.02,0.02,0.01,0.01],
[0.02,0.01,0.01,0.01,0.01,0.01,0.01,0.01,0.02],
[0.01,0.01,0.02,0.02,0.01,0.02,0.01,0.01,0.02],
[0.01,0.01,0.02,0.02,0.02,0.02,0.01,0.01,0.02],
[0.01,0.01,0.01,0.01,0.01,0.02,0.01,0.01,0.01],
[0.01,0.01,0.01,0.01,0.01,0.02,0.01,0.01,0.01],
[0.02,0.01,0.02,0.01,0.01,0.02,0.01,0.01,0.02],
[0.01,0.01,0.02,0.01,0.01,0.02,0.01,0.01,0.02],
[0.01,0.01,0.01,0.01,0.01,0.02,0.01,0.01,0.01],
[0.01,0.01,0.01,0.01,0.01,0.02,0.01,0.01,0.02],
[0.01,0.01,0.02,0.01,0.01,0.02,0.01,0.01,0.02],
[0.01,0.01,0.02,0.01,0.01,0.02,0.01,0.01,0.02],
[0.01,0.01,0.02,0.01,0.01,0.02,0.01,0.01,0.02],
[0.01,0.01,0.02,0.01,0.01,0.02,0.01,0.01,0.02],
[0,0.01,0.03,0.02,0.01,0.01,0.01,0.01,0.01],
[0,0.02,0,0.02,0.01,0.02,0.01,0.01,0],
[0.03,0,0.03,0,0.01,0.02,0.01,0.02,0.02],
[0.03,0.01,0.01,0.01,0.01,0,0.01,0.01,0.01],
[0.02,0.01,0,0.01,0.03,0.03,0,0.01,0.02],
[0.01,0,0.02,0.01,0.01,0.02,0.02,0.01,0.01],
[0.01,0.01,0.01,0.01,0.02,0.01,0.01,0.01,0],
[0.02,0.01,0.01,0.01,0.01,0.02,0.01,0.01,0.01],
[0.03,0.01,0.02,0.01,0.01,0.01,0.01,0.01,0.01],
[0.03,0.01,0.02,0.01,0.02,0.02,0.01,0.01,0.02],
[0.02,0.01,0.01,0.01,0.02,0.02,0.01,0.01,0.01],
[0.01,0.01,0.02,0.01,0.01,0.01,0.01,0.01,0.01],
[0.02,0.01,0.01,0.01,0.01,0.01,0.01,0.01,0.01],
[0.02,0.01,0.02,0.01,0.02,0.02,0.01,0.01,0.02],
[0.02,0.01,0.02,0.01,0.02,0.02,0.01,0.01,0.01],
[0.02,0.01,0.02,0.01,0.01,0.01,0.01,0.01,0.01],
[0.02,0.01,0.02,0.01,0.02,0.02,0.01,0.01,0.02],
[0.02,0.01,0.02,0.01,0.02,0.02,0.01,0.01,0.02],
[0.02,0.01,0.02,0.01,0.02,0.01,0.01,0.01,0.02],
[0.02,0.01,0.02,0.01,0.02,0.02,0.01,0.01,0.02],
[0.02,0.01,0.02,0.01,0.02,0.01,0.01,0.01,0.02],
[0.01,0.01,0.02,0.02,0.01,0.01,0.01,0.01,0.01],
[0.01,0.01,0,0.01,0.01,0.02,0.01,0.01,0.01],
[0.01,0,0.02,0.02,0.01,0.03,0.01,0.01,0.01],
[0.02,0.01,0.01,0.02,0,0.01,0.01,0.01,0.02],
[0.02,0.02,0,0.02,0.03,0.02,0,0.01,0.04],
[0,0,0.02,0.01,0.01,0.03,0.01,0.01,0.01],
[0.01,0.01,0.01,0.02,0.01,0.02,0.01,0.01,0.01],
[0.01,0.01,0.01,0.01,0.01,0.02,0.02,0.01,0.01],
[0.02,0.01,0.01,0.02,0.01,0.02,0.01,0.01,0.01],
[0.02,0.02,0.02,0.02,0.01,0.01,0.01,0.01,0.02],
[0.01,0.01,0.02,0.02,0.02,0.02,0.01,0.01,0.02],
[0.01,0.01,0.01,0.02,0.01,0.02,0.02,0.01,0.01],
[0.01,0.01,0.01,0.02,0.01,0.02,0.02,0.01,0.01],
[0.02,0.01,0.02,0.02,0.01,0.02,0.01,0.01,0.02],
[0.01,0.01,0.02,0.02,0.02,0.02,0.01,0.01,0.02],
[0.01,0.01,0.01,0.02,0.01,0.02,0.02,0.01,0.01],
[0.01,0.01,0.02,0.02,0.01,0.02,0.01,0.01,0.02],
[0.01,0.01,0.02,0.02,0.01,0.02,0.01,0.01,0.02],
[0.01,0.01,0.02,0.02,0.01,0.02,0.01,0.01,0.02],
[0.01,0.01,0.02,0.02,0.01,0.02,0.01,0.01,0.02],
[0.01,0.01,0.02,0.02,0.01,0.02,0.01,0.01,0.02],
[0.01,0.01,0.02,0.02,0.01,0.02,0.01,0.01,0.01],
[0,0.02,0,0.01,0.01,0.02,0.01,0.01,0.01],
[0.02,0,0.02,0.01,0.01,0.02,0.01,0.01,0.01],
[0.03,0.01,0.01,0.01,0.01,0,0.01,0.01,0.02],
[0.02,0.01,0,0.02,0.02,0.02,0,0.01,0.03],
[0.01,0,0.02,0.01,0.01,0.01,0.02,0.01,0.01],
[0.01,0.01,0.01,0.02,0.01,0.02,0.01,0.01,0.01],
[0.01,0.01,0.01,0.01,0.01,0.02,0.01,0.01,0.01],
[0.02,0.01,0.02,0.01,0.01,0.01,0.01,0.01,0.01],
[0.02,0.01,0.02,0.01,0.02,0.01,0.01,0.01,0.02],
[0.01,0.01,0.02,0.01,0.01,0.02,0.01,0.01,0.02],
[0.01,0.01,0.01,0.01,0.01,0.02,0.01,0.01,0.01],
[0.02,0.01,0.01,0.01,0.01,0.02,0.01,0.01,0.01],
[0.02,0.01,0.02,0.01,0.02,0.02,0.01,0.01,0.02],
[0.02,0.01,0.02,0.01,0.01,0.01,0.01,0.01,0.02],
[0.01,0.01,0.01,0.01,0.01,0.02,0.01,0.01,0.01],
[0.02,0.01,0.02,0.01,0.01,0.02,0.01,0.01,0.02],
[0.02,0.01,0.02,0.01,0.02,0.01,0.01,0.01,0.02],
[0.02,0.01,0.02,0.01,0.01,0.02,0.01,0.01,0.02],
[0.01,0.01,0.02,0.01,0.01,0.02,0.01,0.01,0.02],
[0.01,0.01,0.02,0.01,0.01,0.02,0.01,0.01,0.02],
[0.01,0.01,0.02,0.02,0.01,0.01,0.01,0.01,0.01],
[0.01,0.02,0,0.01,0.01,0.02,0.01,0.01,0.01],
[0.02,0,0.02,0.02,0.01,0.02,0.01,0.01,0.01],
[0.02,0.01,0.01,0.02,0.01,0.01,0.01,0.01,0.02],
[0.02,0.02,0,0.02,0.03,0.02,0,0.01,0.03],
[0,0,0.02,0.01,0.01,0.02,0.02,0.01,0.01],
[0.01,0.01,0.01,0.01,0.01,0.02,0.01,0.01,0.01],
[0.01,0.01,0.01,0.01,0.01,0.02,0.02,0.01,0.01],
[0.02,0.01,0.02,0.02,0.01,0.02,0.01,0.01,0.01],
[0.02,0.02,0.02,0.02,0.02,0.01,0.01,0.01,0.02],
[0.01,0.01,0.02,0.01,0.02,0.02,0.01,0.01,0.02],
[0.01,0.01,0.01,0.01,0.01,0.02,0.02,0.01,0.01],
[0.02,0.01,0.01,0.01,0.01,0.02,0.01,0.01,0.01],
[0.02,0.01,0.02,0.02,0.02,0.02,0.01,0.01,0.02],
[0.02,0.01,0.02,0.02,0.02,0.02,0.01,0.01,0.02],
[0.01,0.01,0.01,0.01,0.01,0.02,0.02,0.01,0.01],
[0.02,0.01,0.02,0.02,0.01,0.02,0.01,0.01,0.02],
[0.02,0.01,0.02,0.01,0.02,0.02,0.01,0.01,0.02],
[0.01,0.01,0.02,0.02,0.01,0.02,0.01,0.01,0.02],
[0.01,0.01,0.02,0.01,0.01,0.02,0.01,0.01,0.02],
[0.01,0.01,0.02,0.01,0.01,0.02,0.01,0.01,0.02]]
[[0.17,0.14,0.12,0.17,0.14,0.12,0.14,0.17,0.12],
[0.17,0.14,0.12,0.17,0.14,0.12,0.14,0.17,0.12],
[0.17,0.14,0.12,0.17,0.14,0.12,0.14,0.17,0.12],
[0.17,0.14,0.12,0.17,0.14,0.12,0.14,0.17,0.12],
[0.17,0.14,0.12,0.17,0.14,0.12,0.14,0.17,0.12],
[0.17,0.14,0.12,0.17,0.14,0.12,0.14,0.17,0.12],
[0.33,0.29,0.24,0.33,0.29,0.24,0.29,0.33,0.24],
[0.33,0.29,0.24,0.33,0.29,0.24,0.29,0.33,0.24],
[0.33,0.29,0.24,0.33,0.29,0.24,0.29,0.33,0.24],
[0.33,0.29,0.24,0.33,0.29,0.24,0.29,0.33,0.24],
[0.33,0.29,0.24,0.33,0.29,0.24,0.29,0.33,0.24],
[0.5,0.43,0.36,0.5,0.43,0.36,0.43,0.5,0.36],
[0.5,0.43,0.36,0.5,0.43,0.36,0.43,0.5,0.36],
[0.5,0.43,0.36,0.5,0.43,0.36,0.43,0.5,0.36],
[0.5,0.43,0.36,0.5,0.43,0.36,0.43,0.5,0.36],
[0.67,0.57,0.48,0.67,0.57,0.48,0.57,0.67,0.48],
[0.67,0.57,0.48,0.67,0.57,0.48,0.57,0.67,0.48],
[0.67,0.57,0.48,0.67,0.57,0.48,0.57,0.67,0.48],
[0.83,0.71,0.6,0.83,0.71,0.6,0.71,0.83,0.6],
[0.83,0.71,0.6,0.83,0.71,0.6,0.71,0.83,0.6],
[1,0.86,0.71,1,0.86,0.71,0.86,1,0.71],
[0.17,0.14,0.12,0.17,0.14,0.12,0.14,0.17,0.12],
[0.17,0.14,0.12,0.17,0.14,0.12,0.14,0.17,0.12],
[0.17,0.14,0.12,0.17,0.14,0.12,0.14,0.17,0.12],
[0.17,0.14,0.12,0.17,0.14,0.12,0.14,0.17,0.12],
[0.17,0.14,0.12,0.17,0.14,0.12,0.14,0.17,0.12],
[0.17,0.14,0.12,0.17,0.14,0.12,0.14,0.17,0.12],
[0.33,0.29,0.24,0.33,0.29,0.24,0.29,0.33,0.24],
[0.33,0.29,0.24,0.33,0.29,0.24,0.29,0.33,0.24],
[0.33,0.29,0.24,0.33,0.29,0.24,0.29,0.33,0.24],
[0.33,0.29,0.24,0.33,0.29,0.24,0.29,0.33,0.24],
[0.33,0.29,0.24,0.33,0.29,0.24,0.29,0.33,0.24],
[0.5,0.43,0.36,0.5,0.43,0.36,0.43,0.5,0.36],
[0.5,0.43,0.36,0.5,0.43,0.36,0.43,0.5,0.36],
[0.5,0.43,0.36,0.5,0.43,0.36,0.43,0.5,0.36],
[0.5,0.43,0.36,0.5,0.43,0.36,0.43,0.5,0.36],
[0.67,0.57,0.48,0.67,0.57,0.48,0.57,0.67,0.48],
[0.67,0.57,0.48,0.67,0.57,0.48,0.57,0.67,0.48],
[0.67,0.57,0.48,0.67,0.57,0.48,0.57,0.67,0.48],
[0.83,0.71,0.6,0.83,0.71,0.6,0.71,0.83,0.6],
[0.83,0.71,0.6,0.83,0.71,0.6,0.71,0.83,0.6],
[1,0.86,0.71,1,0.86,0.71,0.86,1,0.71],
[0.17,0.14,0.12,0.17,0.14,0.12,0.14,0.17,0.12],
[0.17,0.14,0.12,0.17,0.14,0.12,0.14,0.17,0.12],
[0.17,0.14,0.12,0.17,0.14,0.12,0.14,0.17,0.12],
[0.17,0.14,0.12,0.17,0.14,0.12,0.14,0.17,0.12],
[0.17,0.14,0.12,0.17,0.14,0.12,0.14,0.17,0.12],
[0.17,0.14,0.12,0.17,0.14,0.12,0.14,0.17,0.12],
[0.33,0.29,0.24,0.33,0.29,0.24,0.29,0.33,0.24],
[0.33,0.29,0.24,0.33,0.29,0.24,0.29,0.33,0.24],
[0.33,0.29,0.24,0.33,0.29,0.24,0.29,0.33,0.24],
[0.33,0.29,0.24,0.33,0.29,0.24,0.29,0.33,0.24],
[0.33,0.29,0.24,0.33,0.29,0.24,0.29,0.33,0.24],
[0.5,0.43,0.36,0.5,0.43,0.36,0.43,0.5,0.36],
[0.5,0.43,0.36,0.5,0.43,0.36,0.43,0.5,0.36],
[0.5,0.43,0.36,0.5,0.43,0.36,0.43,0.5,0.36],
[0.5,0.43,0.36,0.5,0.43,0.36,0.43,0.5,0.36],
[0.67,0.57,0.48,0.67,0.57,0.48,0.57,0.67,0.48],
[0.67,0.57,0.48,0.67,0.57,0.48,0.57,0.67,0.48],
[0.67,0.57,0.48,0.67,0.57,0.48,0.57,0.67,0.48],
[0.83,0.71,0.6,0.83,0.71,0.6,0.71,0.83,0.6],
[0.83,0.71,0.6,0.83,0.71,0.6,0.71,0.83,0.6],
[1,0.86,0.71,1,0.86,0.71,0.86,1,0.71],
[0.17,0.14,0.12,0.17,0.14,0.12,0.14,0.17,0.12],
[0.17,0.14,0.12,0.17,0.14,0.12,0.14,0.17,0.12],
[0.17,0.14,0.12,0.17,0.14,0.12,0.14,0.17,0.12],
[0.17,0.14,0.12,0.17,0.14,0.12,0.14,0.17,0.12],
[0.17,0.14,0.12,0.17,0.14,0.12,0.14,0.17,0.12],
[0.17,0.14,0.12,0.17,0.14,0.12,0.14,0.17,0.12],
[0.33,0.29,0.24,0.33,0.29,0.24,0.29,0.33,0.24],
[0.33,0.29,0.24,0.33,0.29,0.24,0.29,0.33,0.24],
[0.33,0.29,0.24,0.33,0.29,0.24,0.29,0.33,0.24],
[0.33,0.29,0.24,0.33,0.29,0.24,0.29,0.33,0.24],
[0.33,0.29,0.24,0.33,0.29,0.24,0.29,0.33,0.24],
[0.5,0.43,0.36,0.5,0.43,0.36,0.43,0.5,0.36],
[0.5,0.43,0.36,0.5,0.43,0.36,0.43,0.5,0.36],
[0.5,0.43,0.36,0.5,0.43,0.36,0.43,0.5,0.36],
[0.5,0.43,0.36,0.5,0.43,0.36,0.43,0.5,0.36],
[0.67,0.57,0.48,0.67,0.57,0.48,0.57,0.67,0.48],
[0.67,0.57,0.48,0.67,0.57,0.48,0.57,0.67,0.48],
[0.67,0.57,0.48,0.67,0.57,0.48,0.57,0.67,0.48],
[0.83,0.71,0.6,0.83,0.71,0.6,0.71,0.83,0.6],
[0.83,0.71,0.6,0.83,0.71,0.6,0.71,0.83,0.6],
[1,0.86,0.71,1,0.86,0.71,0.86,1,0.71],
[0.17,0.14,0.12,0.17,0.14,0.12,0.14,0.17,0.12],
[0.17,0.14,0.12,0.17,0.14,0.12,0.14,0.17,0.12],
[0.17,0.14,0.12,0.17,0.14,0.12,0.14,0.17,0.12],
[0.17,0.14,0.12,0.17,0.14,0.12,0.14,0.17,0.12],
[0.17,0.14,0.12,0.17,0.14,0.12,0.14,0.17,0.12],
[0.17,0.14,0.12,0.17,0.14,0.12,0.14,0.17,0.12],
[0.33,0.29,0.24,0.33,0.29,0.24,0.29,0.33,0.24],
[0.33,0.29,0.24,0.33,0.29,0.24,0.29,0.33,0.24],
[0.33,0.29,0.24,0.33,0.29,0.24,0.29,0.33,0.24],
[0.33,0.29,0.24,0.33,0.29,0.24,0.29,0.33,0.24],
[0.33,0.29,0.24,0.33,0.29,0.24,0.29,0.33,0.24],
[0.5,0.43,0.36,0.5,0.43,0.36,0.43,0.5,0.36],
[0.5,0.43,0.36,0.5,0.43,0.36,0.43,0.5,0.36],
[0.5,0.43,0.36,0.5,0.43,0.36,0.43,0.5,0.36],
[0.5,0.43,0.36,0.5,0.43,0.36,0.43,0.5,0.36],
[0.67,0.57,0.48,0.67,0.57,0.48,0.57,0.67,0.48],
[0.67,0.57,0.48,0.67,0.57,0.48,0.57,0.67,0.48],
[0.67,0.57,0.48,0.67,0.57,0.48,0.57,0.67,0.48],
[0.83,0.71,0.6,0.83,0.71,0.6,0.71,0.83,0.6],
[0.83,0.71,0.6,0.83,0.71,0.6,0.71,0.83,0.6],
[1,0.86,0.71,1,0.86,0.71,0.86,1,0.71],
[0.17,0.14,0.12,0.17,0.14,0.12,0.14,0.17,0.12],
[0.17,0.14,0.12,0.17,0.14,0.12,0.14,0.17,0.12],
[0.17,0.14,0.12,0.17,0.14,0.12,0.14,0.17,0.12],
[0.17,0.14,0.12,0.17,0.14,0.12,0.14,0.17,0.12],
[0.17,0.14,0.12,0.17,0.14,0.12,0.14,0.17,0.12],
[0.17,0.14,0.12,0.17,0.14,0.12,0.14,0.17,0.12],
[0.33,0.29,0.24,0.33,0.29,0.24,0.29,0.33,0.24],
[0.33,0.29,0.24,0.33,0.29,0.24,0.29,0.33,0.24],
[0.33,0.29,0.24,0.33,0.29,0.24,0.29,0.33,0.24],
[0.33,0.29,0.24,0.33,0.29,0.24,0.29,0.33,0.24],
[0.33,0.29,0.24,0.33,0.29,0.24,0.29,0.33,0.24],
[0.5,0.43,0.36,0.5,0.43,0.36,0.43,0.5,0.36],
[0.5,0.43,0.36,0.5,0.43,0.36,0.43,0.5,0.36],
[0.5,0.43,0.36,0.5,0.43,0.36,0.43,0.5,0.36],
[0.5,0.43,0.36,0.5,0.43,0.36,0.43,0.5,0.36],
[0.67,0.57,0.48,0.67,0.57,0.48,0.57,0.67,0.48],
[0.67,0.57,0.48,0.67,0.57,0.48,0.57,0.67,0.48],
[0.67,0.57,0.48,0.67,0.57,0.48,0.57,0.67,0.48],
[0.83,0.71,0.6,0.83,0.71,0.6,0.71,0.83,0.6],
[0.83,0.71,0.6,0.83,0.71,0.6,0.71,0.83,0.6],
[1,0.86,0.71,1,0.86,0.71,0.86,1,0.71],
[0.17,0.14,0.12,0.17,0.14,0.12,0.14,0.17,0.12],
[0.17,0.14,0.12,0.17,0.14,0.12,0.14,0.17,0.12],
[0.17,0.14,0.12,0.17,0.14,0.12,0.14,0.17,0.12],
[0.17,0.14,0.12,0.17,0.14,0.12,0.14,0.17,0.12],
[0.17,0.14,0.12,0.17,0.14,0.12,0.14,0.17,0.12],
[0.17,0.14,0.12,0.17,0.14,0.12,0.14,0.17,0.12],
[0.33,0.29,0.24,0.33,0.29,0.24,0.29,0.33,0.24],
[0.33,0.29,0.24,0.33,0.29,0.24,0.29,0.33,0.24],
[0.33,0.29,0.24,0.33,0.29,0.24,0.29,0.33,0.24],
[0.33,0.29,0.24,0.33,0.29,0.24,0.29,0.33,0.24],
[0.33,0.29,0.24,0.33,0.29,0.24,0.29,0.33,0.24],
[0.5,0.43,0.36,0.5,0.43,0.36,0.43,0.5,0.36],
[0.5,0.43,0.36,0.5,0.43,0.36,0.43,0.5,0.36],
[0.5,0.43,0.36,0.5,0.43,0.36,0.43,0.5,0.36],
[0.5,0.43,0.36,0.5,0.43,0.36,0.43,0.5,0.36],
[0.67,0.57,0.48,0.67,0.57,0.48,0.57,0.67,0.48],
[0.67,0.57,0.48,0.67,0.57,0.48,0.57,0.67,0.48],
[0.67,0.57,0.48,0.67,0.57,0.48,0.57,0.67,0.48],
[0.83,0.71,0.6,0.83,0.71,0.6,0.71,0.83,0.6],
[0.83,0.71,0.6,0.83,0.71,0.6,0.71,0.83,0.6],
[1,0.86,0.71,1,0.86,0.71,0.86,1,0.71],
[0.33,0.29,0.24,0.33,0.29,0.24,0.29,0.33,0.24],
[0.33,0.29,0.24,0.33,0.29,0.24,0.29,0.33,0.24],
[0.33,0.29,0.24,0.33,0.29,0.24,0.29,0.33,0.24],
[0.33,0.29,0.24,0.33,0.29,0.24,0.29,0.33,0.24],
[0.33,0.29,0.24,0.33,0.29,0.24,0.29,0.33,0.24],
[0.33,0.29,0.24,0.33,0.29,0.24,0.29,0.33,0.24],
[0.67,0.57,0.48,0.67,0.57,0.48,0.57,0.67,0.48],
[0.67,0.57,0.48,0.67,0.57,0.48,0.57,0.67,0.48],
[0.67,0.57,0.48,0.67,0.57,0.48,0.57,0.67,0.48],
[0.67,0.57,0.48,0.67,0.57,0.48,0.57,0.67,0.48],
[0.67,0.57,0.48,0.67,0.57,0.48,0.57,0.67,0.48],
[1,0.86,0.71,1,0.86,0.71,0.86,1,0.71],
[1,0.86,0.71,1,0.86,0.71,0.86,1,0.71],
[1,0.86,0.71,1,0.86,0.71,0.86,1,0.71],
[1,0.86,0.71,1,0.86,0.71,0.86,1,0.71],
[1.33,1.14,0.95,1.33,1.14,0.95,1.14,1.33,0.95],
[1.33,1.14,0.95,1.33,1.14,0.95,1.14,1.33,0.95],
[1.33,1.14,0.95,1.33,1.14,0.95,1.14,1.33,0.95],
[1.67,1.43,1.19,1.67,1.43,1.19,1.43,1.67,1.19],
[1.67,1.43,1.19,1.67,1.43,1.19,1.43,1.67,1.19],
[2,1.71,1.43,2,1.71,1.43,1.71,2,1.43],
[0.33,0.29,0.24,0.33,0.29,0.24,0.29,0.33,0.24],
[0.33,0.29,0.24,0.33,0.29,0.24,0.29,0.33,0.24],
[0.33,0.29,0.24,0.33,0.29,0.24,0.29,0.33,0.24],
[0.33,0.29,0.24,0.33,0.29,0.24,0.29,0.33,0.24],
[0.33,0.29,0.24,0.33,0.29,0.24,0.29,0.33,0.24],
[0.33,0.29,0.24,0.33,0.29,0.24,0.29,0.33,0.24],
[0.67,0.57,0.48,0.67,0.57,0.48,0.57,0.67,0.48],
[0.67,0.57,0.48,0.67,0.57,0.48,0.57,0.67,0.48],
[0.67,0.57,0.48,0.67,0.57,0.48,0.57,0.67,0.48],
[0.67,0.57,0.48,0.67,0.57,0.48,0.57,0.67,0.48],
[0.67,0.57,0.48,0.67,0.57,0.48,0.57,0.67,0.48],
[1,0.86,0.71,1,0.86,0.71,0.86,1,0.71],
[1,0.86,0.71,1,0.86,0.71,0.86,1,0.71],
[1,0.86,0.71,1,0.86,0.71,0.86,1,0.71],
[1,0.86,0.71,1,0.86,0.71,0.86,1,0.71],
[1.33,1.14,0.95,1.33,1.14,0.95,1.14,1.33,0.95],
[1.33,1.14,0.95,1.33,1.14,0.95,1.14,1.33,0.95],
[1.33,1.14,0.95,1.33,1.14,0.95,1.14,1.33,0.95],
[1.67,1.43,1.19,1.67,1.43,1.19,1.43,1.67,1.19],
[1.67,1.43,1.19,1.67,1.43,1.19,1.43,1.67,1.19],
[2,1.71,1.43,2,1.71,1.43,1.71,2,1.43],
[0.33,0.29,0.24,0.33,0.29,0.24,0.29,0.33,0.24],
[0.33,0.29,0.24,0.33,0.29,0.24,0.29,0.33,0.24],
[0.33,0.29,0.24,0.33,0.29,0.24,0.29,0.33,0.24],
[0.33,0.29,0.24,0.33,0.29,0.24,0.29,0.33,0.24],
[0.33,0.29,0.24,0.33,0.29,0.24,0.29,0.33,0.24],
[0.33,0.29,0.24,0.33,0.29,0.24,0.29,0.33,0.24],
[0.67,0.57,0.48,0.67,0.57,0.48,0.57,0.67,0.48],
[0.67,0.57,0.48,0.67,0.57,0.48,0.57,0.67,0.48],
[0.67,0.57,0.48,0.67,0.57,0.48,0.57,0.67,0.48],
[0.67,0.57,0.48,0.67,0.57,0.48,0.57,0.67,0.48],
[0.67,0.57,0.48,0.67,0.57,0.48,0.57,0.67,0.48],
[1,0.86,0.71,1,0.86,0.71,0.86,1,0.71],
[1,0.86,0.71,1,0.86,0.71,0.86,1,0.71],
[1,0.86,0.71,1,0.86,0.71,0.86,1,0.71],
[1,0.86,0.71,1,0.86,0.71,0.86,1,0.71],
[1.33,1.14,0.95,1.33,1.14,0.95,1.14,1.33,0.95],
[1.33,1.14,0.95,1.33,1.14,0.95,1.14,1.33,0.95],
[1.33,1.14,0.95,1.33,1.14,0.95,1.14,1.33,0.95],
[1.67,1.43,1.19,1.67,1.43,1.19,1.43,1.67,1.19],
[1.67,1.43,1.19,1.67,1.43,1.19,1.43,1.67,1.19],
[2,1.71,1.43,2,1.71,1.43,1.71,2,1.43],
[0.33,0.29,0.24,0.33,0.29,0.24,0.29,0.33,0.24],
[0.33,0.29,0.24,0.33,0.29,0.24,0.29,0.33,0.24],
[0.33,0.29,0.24,0.33,0.29,0.24,0.29,0.33,0.24],
[0.33,0.29,0.24,0.33,0.29,0.24,0.29,0.33,0.24],
[0.33,0.29,0.24,0.33,0.29,0.24,0.29,0.33,0.24],
[0.33,0.29,0.24,0.33,0.29,0.24,0.29,0.33,0.24],
[0.67,0.57,0.48,0.67,0.57,0.48,0.57,0.67,0.48],
[0.67,0.57,0.48,0.67,0.57,0.48,0.57,0.67,0.48],
[0.67,0.57,0.48,0.67,0.57,0.48,0.57,0.67,0.48],
[0.67,0.57,0.48,0.67,0.57,0.48,0.57,0.67,0.48],
[0.67,0.57,0.48,0.67,0.57,0.48,0.57,0.67,0.48],
[1,0.86,0.71,1,0.86,0.71,0.86,1,0.71],
[1,0.86,0.71,1,0.86,0.71,0.86,1,0.71],
[1,0.86,0.71,1,0.86,0.71,0.86,1,0.71],
[1,0.86,0.71,1,0.86,0.71,0.86,1,0.71],
[1.33,1.14,0.95,1.33,1.14,0.95,1.14,1.33,0.95],
[1.33,1.14,0.95,1.33,1.14,0.95,1.14,1.33,0.95],
[1.33,1.14,0.95,1.33,1.14,0.95,1.14,1.33,0.95],
[1.67,1.43,1.19,1.67,1.43,1.19,1.43,1.67,1.19],
[1.67,1.43,1.19,1.67,1.43,1.19,1.43,1.67,1.19],
[2,1.71,1.43,2,1.71,1.43,1.71,2,1.43],
[0.33,0.29,0.24,0.33,0.29,0.24,0.29,0.33,0.24],
[0.33,0.29,0.24,0.33,0.29,0.24,0.29,0.33,0.24],
[0.33,0.29,0.24,0.33,0.29,0.24,0.29,0.33,0.24],
[0.33,0.29,0.24,0.33,0.29,0.24,0.29,0.33,0.24],
[0.33,0.29,0.24,0.33,0.29,0.24,0.29,0.33,0.24],
[0.33,0.29,0.24,0.33,0.29,0.24,0.29,0.33,0.24],
[0.67,0.57,0.48,0.67,0.57,0.48,0.57,0.67,0.48],
[0.67,0.57,0.48,0.67,0.57,0.48,0.57,0.67,0.48],
[0.67,0.57,0.48,0.67,0.57,0.48,0.57,0.67,0.48],
[0.67,0.57,0.48,0.67,0.57,0.48,0.57,0.67,0.48],
[0.67,0.57,0.48,0.67,0.57,0.48,0.57,0.67,0.48],
[1,0.86,0.71,1,0.86,0.71,0.86,1,0.71],
[1,0.86,0.71,1,0.86,0.71,0.86,1,0.71],
[1,0.86,0.71,1,0.86,0.71,0.86,1,0.71],
[1,0.86,0.71,1,0.86,0.71,0.86,1,0.71],
[1.33,1.14,0.95,1.33,1.14,0.95,1.14,1.33,0.95],
[1.33,1.14,0.95,1.33,1.14,0.95,1.14,1.33,0.95],
[1.33,1.14,0.95,1.33,1.14,0.95,1.14,1.33,0.95],
[1.67,1.43,1.19,1.67,1.43,1.19,1.43,1.67,1.19],
[1.67,1.43,1.19,1.67,1.43,1.19,1.43,1.67,1.19],
[2,1.71,1.43,2,1.71,1.43,1.71,2,1.43],
[0.33,0.29,0.24,0.33,0.29,0.24,0.29,0.33,0.24],
[0.33,0.29,0.24,0.33,0.29,0.24,0.29,0.33,0.24],
[0.33,0.29,0.24,0.33,0.29,0.24,0.29,0.33,0.24],
[0.33,0.29,0.24,0.33,0.29,0.24,0.29,0.33,0.24],
[0.33,0.29,0.24,0.33,0.29,0.24,0.29,0.33,0.24],
[0.33,0.29,0.24,0.33,0.29,0.24,0.29,0.33,0.24],
[0.67,0.57,0.48,0.67,0.57,0.48,0.57,0.67,0.48],
[0.67,0.57,0.48,0.67,0.57,0.48,0.57,0.67,0.48],
[0.67,0.57,0.48,0.67,0.57,0.48,0.57,0.67,0.48],
[0.67,0.57,0.48,0.67,0.57,0.48,0.57,0.67,0.48],
[0.67,0.57,0.48,0.67,0.57,0.48,0.57,0.67,0.48],
[1,0.86,0.71,1,0.86,0.71,0.86,1,0.71],
[1,0.86,0.71,1,0.86,0.71,0.86,1,0.71],
[1,0.86,0.71,1,0.86,0.71,0.86,1,0.71],
[1,0.86,0.71,1,0.86,0.71,0.86,1,0.71],
[1.33,1.14,0.95,1.33,1.14,0.95,1.14,1.33,0.95],
[1.33,1.14,0.95,1.33,1.14,0.95,1.14,1.33,0.95],
[1.33,1.14,0.95,1.33,1.14,0.95,1.14,1.33,0.95],
[1.67,1.43,1.19,1.67,1.43,1.19,1.43,1.67,1.19],
[1.67,1.43,1.19,1.67,1.43,1.19,1.43,1.67,1.19],
[2,1.71,1.43,2,1.71,1.43,1.71,2,1.43],
[0.5,0.43,0.36,0.5,0.43,0.36,0.43,0.5,0.36],
[0.5,0.43,0.36,0.5,0.43,0.36,0.43,0.5,0.36],
[0.5,0.43,0.36,0.5,0.43,0.36,0.43,0.5,0.36],
[0.5,0.43,0.36,0.5,0.43,0.36,0.43,0.5,0.36],
[0.5,0.43,0.36,0.5,0.43,0.36,0.43,0.5,0.36],
[0.5,0.43,0.36,0.5,0.43,0.36,0.43,0.5,0.36],
[1,0.86,0.71,1,0.86,0.71,0.86,1,0.71],
[1,0.86,0.71,1,0.86,0.71,0.86,1,0.71],
[1,0.86,0.71,1,0.86,0.71,0.86,1,0.71],
[1,0.86,0.71,1,0.86,0.71,0.86,1,0.71],
[1,0.86,0.71,1,0.86,0.71,0.86,1,0.71],
[1.5,1.29,1.07,1.5,1.29,1.07,1.29,1.5,1.07],
[1.5,1.29,1.07,1.5,1.29,1.07,1.29,1.5,1.07],
[1.5,1.29,1.07,1.5,1.29,1.07,1.29,1.5,1.07],
[1.5,1.29,1.07,1.5,1.29,1.07,1.29,1.5,1.07],
[2,1.71,1.43,2,1.71,1.43,1.71,2,1.43],
[2,1.71,1.43,2,1.71,1.43,1.71,2,1.43],
[2,1.71,1.43,2,1.71,1.43,1.71,2,1.43],
[2.5,2.14,1.79,2.5,2.14,1.79,2.14,2.5,1.79],
[2.5,2.14,1.79,2.5,2.14,1.79,2.14,2.5,1.79],
[3,2.57,2.14,3,2.57,2.14,2.57,3,2.14],
[0.5,0.43,0.36,0.5,0.43,0.36,0.43,0.5,0.36],
[0.5,0.43,0.36,0.5,0.43,0.36,0.43,0.5,0.36],
[0.5,0.43,0.36,0.5,0.43,0.36,0.43,0.5,0.36],
[0.5,0.43,0.36,0.5,0.43,0.36,0.43,0.5,0.36],
[0.5,0.43,0.36,0.5,0.43,0.36,0.43,0.5,0.36],
[0.5,0.43,0.36,0.5,0.43,0.36,0.43,0.5,0.36],
[1,0.86,0.71,1,0.86,0.71,0.86,1,0.71],
[1,0.86,0.71,1,0.86,0.71,0.86,1,0.71],
[1,0.86,0.71,1,0.86,0.71,0.86,1,0.71],
[1,0.86,0.71,1,0.86,0.71,0.86,1,0.71],
[1,0.86,0.71,1,0.86,0.71,0.86,1,0.71],
[1.5,1.29,1.07,1.5,1.29,1.07,1.29,1.5,1.07],
[1.5,1.29,1.07,1.5,1.29,1.07,1.29,1.5,1.07],
[1.5,1.29,1.07,1.5,1.29,1.07,1.29,1.5,1.07],
[1.5,1.29,1.07,1.5,1.29,1.07,1.29,1.5,1.07],
[2,1.71,1.43,2,1.71,1.43,1.71,2,1.43],
[2,1.71,1.43,2,1.71,1.43,1.71,2,1.43],
[2,1.71,1.43,2,1.71,1.43,1.71,2,1.43],
[2.5,2.14,1.79,2.5,2.14,1.79,2.14,2.5,1.79],
[2.5,2.14,1.79,2.5,2.14,1.79,2.14,2.5,1.79],
[3,2.57,2.14,3,2.57,2.14,2.57,3,2.14],
[0.5,0.43,0.36,0.5,0.43,0.36,0.43,0.5,0.36],
[0.5,0.43,0.36,0.5,0.43,0.36,0.43,0.5,0.36],
[0.5,0.43,0.36,0.5,0.43,0.36,0.43,0.5,0.36],
[0.5,0.43,0.36,0.5,0.43,0.36,0.43,0.5,0.36],
[0.5,0.43,0.36,0.5,0.43,0.36,0.43,0.5,0.36],
[0.5,0.43,0.36,0.5,0.43,0.36,0.43,0.5,0.36],
[1,0.86,0.71,1,0.86,0.71,0.86,1,0.71],
[1,0.86,0.71,1,0.86,0.71,0.86,1,0.71],
[1,0.86,0.71,1,0.86,0.71,0.86,1,0.71],
[1,0.86,0.71,1,0.86,0.71,0.86,1,0.71],
[1,0.86,0.71,1,0.86,0.71,0.86,1,0.71],
[1.5,1.29,1.07,1.5,1.29,1.07,1.29,1.5,1.07],
[1.5,1.29,1.07,1.5,1.29,1.07,1.29,1.5,1.07],
[1.5,1.29,1.07,1.5,1.29,1.07,1.29,1.5,1.07],
[1.5,1.29,1.07,1.5,1.29,1.07,1.29,1.5,1.07],
[2,1.71,1.43,2,1.71,1.43,1.71,2,1.43],
[2,1.71,1.43,2,1.71,1.43,1.71,2,1.43],
[2,1.71,1.43,2,1.71,1.43,1.71,2,1.43],
[2.5,2.14,1.79,2.5,2.14,1.79,2.14,2.5,1.79],
[2.5,2.14,1.79,2.5,2.14,1.79,2.14,2.5,1.79],
[3,2.57,2.14,3,2.57,2.14,2.57,3,2.14],
[0.5,0.43,0.36,0.5,0.43,0.36,0.43,0.5,0.36],
[0.5,0.43,0.36,0.5,0.43,0.36,0.43,0.5,0.36],
[0.5,0.43,0.36,0.5,0.43,0.36,0.43,0.5,0.36],
[0.5,0.43,0.36,0.5,0.43,0.36,0.43,0.5,0.36],
[0.5,0.43,0.36,0.5,0.43,0.36,0.43,0.5,0.36],
[0.5,0.43,0.36,0.5,0.43,0.36,0.43,0.5,0.36],
[1,0.86,0.71,1,0.86,0.71,0.86,1,0.71],
[1,0.86,0.71,1,0.86,0.71,0.86,1,0.71],
[1,0.86,0.71,1,0.86,0.71,0.86,1,0.71],
[1,0.86,0.71,1,0.86,0.71,0.86,1,0.71],
[1,0.86,0.71,1,0.86,0.71,0.86,1,0.71],
[1.5,1.29,1.07,1.5,1.29,1.07,1.29,1.5,1.07],
[1.5,1.29,1.07,1.5,1.29,1.07,1.29,1.5,1.07],
[1.5,1.29,1.07,1.5,1.29,1.07,1.29,1.5,1.07],
[1.5,1.29,1.07,1.5,1.29,1.07,1.29,1.5,1.07],
[2,1.71,1.43,2,1.71,1.43,1.71,2,1.43],
[2,1.71,1.43,2,1.71,1.43,1.71,2,1.43],
[2,1.71,1.43,2,1.71,1.43,1.71,2,1.43],
[2.5,2.14,1.79,2.5,2.14,1.79,2.14,2.5,1.79],
[2.5,2.14,1.79,2.5,2.14,1.79,2.14,2.5,1.79],
[3,2.57,2.14,3,2.57,2.14,2.57,3,2.14],
[0.5,0.43,0.36,0.5,0.43,0.36,0.43,0.5,0.36],
[0.5,0.43,0.36,0.5,0.43,0.36,0.43,0.5,0.36],
[0.5,0.43,0.36,0.5,0.43,0.36,0.43,0.5,0.36],
[0.5,0.43,0.36,0.5,0.43,0.36,0.43,0.5,0.36],
[0.5,0.43,0.36,0.5,0.43,0.36,0.43,0.5,0.36],
[0.5,0.43,0.36,0.5,0.43,0.36,0.43,0.5,0.36],
[1,0.86,0.71,1,0.86,0.71,0.86,1,0.71],
[1,0.86,0.71,1,0.86,0.71,0.86,1,0.71],
[1,0.86,0.71,1,0.86,0.71,0.86,1,0.71],
[1,0.86,0.71,1,0.86,0.71,0.86,1,0.71],
[1,0.86,0.71,1,0.86,0.71,0.86,1,0.71],
[1.5,1.29,1.07,1.5,1.29,1.07,1.29,1.5,1.07],
[1.5,1.29,1.07,1.5,1.29,1.07,1.29,1.5,1.07],
[1.5,1.29,1.07,1.5,1.29,1.07,1.29,1.5,1.07],
[1.5,1.29,1.07,1.5,1.29,1.07,1.29,1.5,1.07],
[2,1.71,1.43,2,1.71,1.43,1.71,2,1.43],
[2,1.71,1.43,2,1.71,1.43,1.71,2,1.43],
[2,1.71,1.43,2,1.71,1.43,1.71,2,1.43],
[2.5,2.14,1.79,2.5,2.14,1.79,2.14,2.5,1.79],
[2.5,2.14,1.79,2.5,2.14,1.79,2.14,2.5,1.79],
[3,2.57,2.14,3,2.57,2.14,2.57,3,2.14],
[0.67,0.57,0.48,0.67,0.57,0.48,0.57,0.67,0.48],
[0.67,0.57,0.48,0.67,0.57,0.48,0.57,0.67,0.48],
[0.67,0.57,0.48,0.67,0.57,0.48,0.57,0.67,0.48],
[0.67,0.57,0.48,0.67,0.57,0.48,0.57,0.67,0.48],
[0.67,0.57,0.48,0.67,0.57,0.48,0.57,0.67,0.48],
[0.67,0.57,0.48,0.67,0.57,0.48,0.57,0.67,0.48],
[1.33,1.14,0.95,1.33,1.14,0.95,1.14,1.33,0.95],
[1.33,1.14,0.95,1.33,1.14,0.95,1.14,1.33,0.95],
[1.33,1.14,0.95,1.33,1.14,0.95,1.14,1.33,0.95],
[1.33,1.14,0.95,1.33,1.14,0.95,1.14,1.33,0.95],
[1.33,1.14,0.95,1.33,1.14,0.95,1.14,1.33,0.95],
[2,1.71,1.43,2,1.71,1.43,1.71,2,1.43],
[2,1.71,1.43,2,1.71,1.43,1.71,2,1.43],
[2,1.71,1.43,2,1.71,1.43,1.71,2,1.43],
[2,1.71,1.43,2,1.71,1.43,1.71,2,1.43],
[2.67,2.29,1.9,2.67,2.29,1.9,2.29,2.67,1.9],
[2.67,2.29,1.9,2.67,2.29,1.9,2.29,2.67,1.9],
[2.67,2.29,1.9,2.67,2.29,1.9,2.29,2.67,1.9],
[3.33,2.86,2.38,3.33,2.86,2.38,2.86,3.33,2.38],
[3.33,2.86,2.38,3.33,2.86,2.38,2.86,3.33,2.38],
[4,3.43,2.86,4,3.43,2.86,3.43,4,2.86],
[0.67,0.57,0.48,0.67,0.57,0.48,0.57,0.67,0.48],
[0.67,0.57,0.48,0.67,0.57,0.48,0.57,0.67,0.48],
[0.67,0.57,0.48,0.67,0.57,0.48,0.57,0.67,0.48],
[0.67,0.57,0.48,0.67,0.57,0.48,0.57,0.67,0.48],
[0.67,0.57,0.48,0.67,0.57,0.48,0.57,0.67,0.48],
[0.67,0.57,0.48,0.67,0.57,0.48,0.57,0.67,0.48],
[1.33,1.14,0.95,1.33,1.14,0.95,1.14,1.33,0.95],
[1.33,1.14,0.95,1.33,1.14,0.95,1.14,1.33,0.95],
[1.33,1.14,0.95,1.33,1.14,0.95,1.14,1.33,0.95],
[1.33,1.14,0.95,1.33,1.14,0.95,1.14,1.33,0.95],
[1.33,1.14,0.95,1.33,1.14,0.95,1.14,1.33,0.95],
[2,1.71,1.43,2,1.71,1.43,1.71,2,1.43],
[2,1.71,1.43,2,1.71,1.43,1.71,2,1.43],
[2,1.71,1.43,2,1.71,1.43,1.71,2,1.43],
[2,1.71,1.43,2,1.71,1.43,1.71,2,1.43],
[2.67,2.29,1.9,2.67,2.29,1.9,2.29,2.67,1.9],
[2.67,2.29,1.9,2.67,2.29,1.9,2.29,2.67,1.9],
[2.67,2.29,1.9,2.67,2.29,1.9,2.29,2.67,1.9],
[3.33,2.86,2.38,3.33,2.86,2.38,2.86,3.33,2.38],
[3.33,2.86,2.38,3.33,2.86,2.38,2.86,3.33,2.38],
[4,3.43,2.86,4,3.43,2.86,3.43,4,2.86],
[0.67,0.57,0.48,0.67,0.57,0.48,0.57,0.67,0.48],
[0.67,0.57,0.48,0.67,0.57,0.48,0.57,0.67,0.48],
[0.67,0.57,0.48,0.67,0.57,0.48,0.57,0.67,0.48],
[0.67,0.57,0.48,0.67,0.57,0.48,0.57,0.67,0.48],
[0.67,0.57,0.48,0.67,0.57,0.48,0.57,0.67,0.48],
[0.67,0.57,0.48,0.67,0.57,0.48,0.57,0.67,0.48],
[1.33,1.14,0.95,1.33,1.14,0.95,1.14,1.33,0.95],
[1.33,1.14,0.95,1.33,1.14,0.95,1.14,1.33,0.95],
[1.33,1.14,0.95,1.33,1.14,0.95,1.14,1.33,0.95],
[1.33,1.14,0.95,1.33,1.14,0.95,1.14,1.33,0.95],
[1.33,1.14,0.95,1.33,1.14,0.95,1.14,1.33,0.95],
[2,1.71,1.43,2,1.71,1.43,1.71,2,1.43],
[2,1.71,1.43,2,1.71,1.43,1.71,2,1.43],
[2,1.71,1.43,2,1.71,1.43,1.71,2,1.43],
[2,1.71,1.43,2,1.71,1.43,1.71,2,1.43],
[2.67,2.29,1.9,2.67,2.29,1.9,2.29,2.67,1.9],
[2.67,2.29,1.9,2.67,2.29,1.9,2.29,2.67,1.9],
[2.67,2.29,1.9,2.67,2.29,1.9,2.29,2.67,1.9],
[3.33,2.86,2.38,3.33,2.86,2.38,2.86,3.33,2.38],
[3.33,2.86,2.38,3.33,2.86,2.38,2.86,3.33,2.38],
[4,3.43,2.86,4,3.43,2.86,3.43,4,2.86],
[0.67,0.57,0.48,0.67,0.57,0.48,0.57,0.67,0.48],
[0.67,0.57,0.48,0.67,0.57,0.48,0.57,0.67,0.48],
[0.67,0.57,0.48,0.67,0.57,0.48,0.57,0.67,0.48],
[0.67,0.57,0.48,0.67,0.57,0.48,0.57,0.67,0.48],
[0.67,0.57,0.48,0.67,0.57,0.48,0.57,0.67,0.48],
[0.67,0.57,0.48,0.67,0.57,0.48,0.57,0.67,0.48],
[1.33,1.14,0.95,1.33,1.14,0.95,1.14,1.33,0.95],
[1.33,1.14,0.95,1.33,1.14,0.95,1.14,1.33,0.95],
[1.33,1.14,0.95,1.33,1.14,0.95,1.14,1.33,0.95],
[1.33,1.14,0.95,1.33,1.14,0.95,1.14,1.33,0.95],
[1.33,1.14,0.95,1.33,1.14,0.95,1.14,1.33,0.95],
[2,1.71,1.43,2,1.71,1.43,1.71,2,1.43],
[2,1.71,1.43,2,1.71,1.43,1.71,2,1.43],
[2,1.71,1.43,2,1.71,1.43,1.71,2,1.43],
[2,1.71,1.43,2,1.71,1.43,1.71,2,1.43],
[2.67,2.29,1.9,2.67,2.29,1.9,2.29,2.67,1.9],
[2.67,2.29,1.9,2.67,2.29,1.9,2.29,2.67,1.9],
[2.67,2.29,1.9,2.67,2.29,1.9,2.29,2.67,1.9],
[3.33,2.86,2.38,3.33,2.86,2.38,2.86,3.33,2.38],
[3.33,2.86,2.38,3.33,2.86,2.38,2.86,3.33,2.38],
[4,3.43,2.86,4,3.43,2.86,3.43,4,2.86],
[0.83,0.71,0.6,0.83,0.71,0.6,0.71,0.83,0.6],
[0.83,0.71,0.6,0.83,0.71,0.6,0.71,0.83,0.6],
[0.83,0.71,0.6,0.83,0.71,0.6,0.71,0.83,0.6],
[0.83,0.71,0.6,0.83,0.71,0.6,0.71,0.83,0.6],
[0.83,0.71,0.6,0.83,0.71,0.6,0.71,0.83,0.6],
[0.83,0.71,0.6,0.83,0.71,0.6,0.71,0.83,0.6],
[1.67,1.43,1.19,1.67,1.43,1.19,1.43,1.67,1.19],
[1.67,1.43,1.19,1.67,1.43,1.19,1.43,1.67,1.19],
[1.67,1.43,1.19,1.67,1.43,1.19,1.43,1.67,1.19],
[1.67,1.43,1.19,1.67,1.43,1.19,1.43,1.67,1.19],
[1.67,1.43,1.19,1.67,1.43,1.19,1.43,1.67,1.19],
[2.5,2.14,1.79,2.5,2.14,1.79,2.14,2.5,1.79],
[2.5,2.14,1.79,2.5,2.14,1.79,2.14,2.5,1.79],
[2.5,2.14,1.79,2.5,2.14,1.79,2.14,2.5,1.79],
[2.5,2.14,1.79,2.5,2.14,1.79,2.14,2.5,1.79],
[3.33,2.86,2.38,3.33,2.86,2.38,2.86,3.33,2.38],
[3.33,2.86,2.38,3.33,2.86,2.38,2.86,3.33,2.38],
[3.33,2.86,2.38,3.33,2.86,2.38,2.86,3.33,2.38],
[4.17,3.57,2.98,4.17,3.57,2.98,3.57,4.17,2.98],
[4.17,3.57,2.98,4.17,3.57,2.98,3.57,4.17,2.98],
[5,4.29,3.57,5,4.29,3.57,4.29,5,3.57],
[0.83,0.71,0.6,0.83,0.71,0.6,0.71,0.83,0.6],
[0.83,0.71,0.6,0.83,0.71,0.6,0.71,0.83,0.6],
[0.83,0.71,0.6,0.83,0.71,0.6,0.71,0.83,0.6],
[0.83,0.71,0.6,0.83,0.71,0.6,0.71,0.83,0.6],
[0.83,0.71,0.6,0.83,0.71,0.6,0.71,0.83,0.6],
[0.83,0.71,0.6,0.83,0.71,0.6,0.71,0.83,0.6],
[1.67,1.43,1.19,1.67,1.43,1.19,1.43,1.67,1.19],
[1.67,1.43,1.19,1.67,1.43,1.19,1.43,1.67,1.19],
[1.67,1.43,1.19,1.67,1.43,1.19,1.43,1.67,1.19],
[1.67,1.43,1.19,1.67,1.43,1.19,1.43,1.67,1.19],
[1.67,1.43,1.19,1.67,1.43,1.19,1.43,1.67,1.19],
[2.5,2.14,1.79,2.5,2.14,1.79,2.14,2.5,1.79],
[2.5,2.14,1.79,2.5,2.14,1.79,2.14,2.5,1.79],
[2.5,2.14,1.79,2.5,2.14,1.79,2.14,2.5,1.79],
[2.5,2.14,1.79,2.5,2.14,1.79,2.14,2.5,1.79],
[3.33,2.86,2.38,3.33,2.86,2.38,2.86,3.33,2.38],
[3.33,2.86,2.38,3.33,2.86,2.38,2.86,3.33,2.38],
[3.33,2.86,2.38,3.33,2.86,2.38,2.86,3.33,2.38],
[4.17,3.57,2.98,4.17,3.57,2.98,3.57,4.17,2.98],
[4.17,3.57,2.98,4.17,3.57,2.98,3.57,4.17,2.98],
[5,4.29,3.57,5,4.29,3.57,4.29,5,3.57],
[0.83,0.71,0.6,0.83,0.71,0.6,0.71,0.83,0.6],
[0.83,0.71,0.6,0.83,0.71,0.6,0.71,0.83,0.6],
[0.83,0.71,0.6,0.83,0.71,0.6,0.71,0.83,0.6],
[0.83,0.71,0.6,0.83,0.71,0.6,0.71,0.83,0.6],
[0.83,0.71,0.6,0.83,0.71,0.6,0.71,0.83,0.6],
[0.83,0.71,0.6,0.83,0.71,0.6,0.71,0.83,0.6],
[1.67,1.43,1.19,1.67,1.43,1.19,1.43,1.67,1.19],
[1.67,1.43,1.19,1.67,1.43,1.19,1.43,1.67,1.19],
[1.67,1.43,1.19,1.67,1.43,1.19,1.43,1.67,1.19],
[1.67,1.43,1.19,1.67,1.43,1.19,1.43,1.67,1.19],
[1.67,1.43,1.19,1.67,1.43,1.19,1.43,1.67,1.19],
[2.5,2.14,1.79,2.5,2.14,1.79,2.14,2.5,1.79],
[2.5,2.14,1.79,2.5,2.14,1.79,2.14,2.5,1.79],
[2.5,2.14,1.79,2.5,2.14,1.79,2.14,2.5,1.79],
[2.5,2.14,1.79,2.5,2.14,1.79,2.14,2.5,1.79],
[3.33,2.86,2.38,3.33,2.86,2.38,2.86,3.33,2.38],
[3.33,2.86,2.38,3.33,2.86,2.38,2.86,3.33,2.38],
[3.33,2.86,2.38,3.33,2.86,2.38,2.86,3.33,2.38],
[4.17,3.57,2.98,4.17,3.57,2.98,3.57,4.17,2.98],
[4.17,3.57,2.98,4.17,3.57,2.98,3.57,4.17,2.98],
[5,4.29,3.57,5,4.29,3.57,4.29,5,3.57],
[1,0.86,0.71,1,0.86,0.71,0.86,1,0.71],
[1,0.86,0.71,1,0.86,0.71,0.86,1,0.71],
[1,0.86,0.71,1,0.86,0.71,0.86,1,0.71],
[1,0.86,0.71,1,0.86,0.71,0.86,1,0.71],
[1,0.86,0.71,1,0.86,0.71,0.86,1,0.71],
[1,0.86,0.71,1,0.86,0.71,0.86,1,0.71],
[2,1.71,1.43,2,1.71,1.43,1.71,2,1.43],
[2,1.71,1.43,2,1.71,1.43,1.71,2,1.43],
[2,1.71,1.43,2,1.71,1.43,1.71,2,1.43],
[2,1.71,1.43,2,1.71,1.43,1.71,2,1.43],
[2,1.71,1.43,2,1.71,1.43,1.71,2,1.43],
[3,2.57,2.14,3,2.57,2.14,2.57,3,2.14],
[3,2.57,2.14,3,2.57,2.14,2.57,3,2.14],
[3,2.57,2.14,3,2.57,2.14,2.57,3,2.14],
[3,2.57,2.14,3,2.57,2.14,2.57,3,2.14],
[4,3.43,2.86,4,3.43,2.86,3.43,4,2.86],
[4,3.43,2.86,4,3.43,2.86,3.43,4,2.86],
[4,3.43,2.86,4,3.43,2.86,3.43,4,2.86],
[5,4.29,3.57,5,4.29,3.57,4.29,5,3.57],
[5,4.29,3.57,5,4.29,3.57,4.29,5,3.57],
[6,5.14,4.29,6,5.14,4.29,5.14,6,4.29],
[1,0.86,0.71,1,0.86,0.71,0.86,1,0.71],
[1,0.86,0.71,1,0.86,0.71,0.86,1,0.71],
[1,0.86,0.71,1,0.86,0.71,0.86,1,0.71],
[1,0.86,0.71,1,0.86,0.71,0.86,1,0.71],
[1,0.86,0.71,1,0.86,0.71,0.86,1,0.71],
[1,0.86,0.71,1,0.86,0.71,0.86,1,0.71],
[2,1.71,1.43,2,1.71,1.43,1.71,2,1.43],
[2,1.71,1.43,2,1.71,1.43,1.71,2,1.43],
[2,1.71,1.43,2,1.71,1.43,1.71,2,1.43],
[2,1.71,1.43,2,1.71,1.43,1.71,2,1.43],
[2,1.71,1.43,2,1.71,1.43,1.71,2,1.43],
[3,2.57,2.14,3,2.57,2.14,2.57,3,2.14],
[3,2.57,2.14,3,2.57,2.14,2.57,3,2.14],
[3,2.57,2.14,3,2.57,2.14,2.57,3,2.14],
[3,2.57,2.14,3,2.57,2.14,2.57,3,2.14],
[4,3.43,2.86,4,3.43,2.86,3.43,4,2.86],
[4,3.43,2.86,4,3.43,2.86,3.43,4,2.86],
[4,3.43,2.86,4,3.43,2.86,3.43,4,2.86],
[5,4.29,3.57,5,4.29,3.57,4.29,5,3.57],
[5,4.29,3.57,5,4.29,3.57,4.29,5,3.57],
[6,5.14,4.29,6,5.14,4.29,5.14,6,4.29],
[1.17,1,0.83,1.17,1,0.83,1,1.17,0.83],
[1.17,1,0.83,1.17,1,0.83,1,1.17,0.83],
[1.17,1,0.83,1.17,1,0.83,1,1.17,0.83],
[1.17,1,0.83,1.17,1,0.83,1,1.17,0.83],
[1.17,1,0.83,1.17,1,0.83,1,1.17,0.83],
[1.17,1,0.83,1.17,1,0.83,1,1.17,0.83],
[2.33,2,1.67,2.33,2,1.67,2,2.33,1.67],
[2.33,2,1.67,2.33,2,1.67,2,2.33,1.67],
[2.33,2,1.67,2.33,2,1.67,2,2.33,1.67],
[2.33,2,1.67,2.33,2,1.67,2,2.33,1.67],
[2.33,2,1.67,2.33,2,1.67,2,2.33,1.67],
[3.5,3,2.5,3.5,3,2.5,3,3.5,2.5],
[3.5,3,2.5,3.5,3,2.5,3,3.5,2.5],
[3.5,3,2.5,3.5,3,2.5,3,3.5,2.5],
[3.5,3,2.5,3.5,3,2.5,3,3.5,2.5],
[4.67,4,3.33,4.67,4,3.33,4,4.67,3.33],
[4.67,4,3.33,4.67,4,3.33,4,4.67,3.33],
[4.67,4,3.33,4.67,4,3.33,4,4.67,3.33],
[5.83,5,4.17,5.83,5,4.17,5,5.83,4.17],
[5.83,5,4.17,5.83,5,4.17,5,5.83,4.17],
[7,6,5,7,6,5,6,7,5]]
[1,1,1,1,1,1,2,2,2,2,2,3,3,3,3,4,4,4,5,5,6,1,1,1,1,1,1,2,2,2,2,2,3,3,3,3,4,4,4,5,5,6,1,1,1,1,1,1,2,2,2,2,2,3,3,3,3,4,4,4,5,5,6,1,1,1,1,1,1,2,2,2,2,2,3,3,3,3,4,4,4,5,5,6,1,1,1,1,1,1,2,2,2,2,2,3,3,3,3,4,4,4,5,5,6,1,1,1,1,1,1,2,2,2,2,2,3,3,3,3,4,4,4,5,5,6,1,1,1,1,1,1,2,2,2,2,2,3,3,3,3,4,4,4,5,5,6,2,2,2,2,2,2,4,4,4,4,4,6,6,6,6,8,8,8,10,10,12,2,2,2,2,2,2,4,4,4,4,4,6,6,6,6,8,8,8,10,10,12,2,2,2,2,2,2,4,4,4,4,4,6,6,6,6,8,8,8,10,10,12,2,2,2,2,2,2,4,4,4,4,4,6,6,6,6,8,8,8,10,10,12,2,2,2,2,2,2,4,4,4,4,4,6,6,6,6,8,8,8,10,10,12,2,2,2,2,2,2,4,4,4,4,4,6,6,6,6,8,8,8,10,10,12,3,3,3,3,3,3,6,6,6,6,6,9,9,9,9,12,12,12,15,15,18,3,3,3,3,3,3,6,6,6,6,6,9,9,9,9,12,12,12,15,15,18,3,3,3,3,3,3,6,6,6,6,6,9,9,9,9,12,12,12,15,15,18,3,3,3,3,3,3,6,6,6,6,6,9,9,9,9,12,12,12,15,15,18,3,3,3,3,3,3,6,6,6,6,6,9,9,9,9,12,12,12,15,15,18,4,4,4,4,4,4,8,8,8,8,8,12,12,12,12,16,16,16,20,20,24,4,4,4,4,4,4,8,8,8,8,8,12,12,12,12,16,16,16,20,20,24,4,4,4,4,4,4,8,8,8,8,8,12,12,12,12,16,16,16,20,20,24,4,4,4,4,4,4,8,8,8,8,8,12,12,12,12,16,16,16,20,20,24,5,5,5,5,5,5,10,10,10,10,10,15,15,15,15,20,20,20,25,25,30,5,5,5,5,5,5,10,10,10,10,10,15,15,15,15,20,20,20,25,25,30,5,5,5,5,5,5,10,10,10,10,10,15,15,15,15,20,20,20,25,25,30,6,6,6,6,6,6,12,12,12,12,12,18,18,18,18,24,24,24,30,30,36,6,6,6,6,6,6,12,12,12,12,12,18,18,18,18,24,24,24,30,30,36,7,7,7,7,7,7,14,14,14,14,14,21,21,21,21,28,28,28,35,35,42] 
[6.03,6.79,4.05,8.32,6.53,4.96,8.43,5.32,8.18] 
[0.01,0.01,0.02,0.01,0.01,0.02,0.01,0.01,0.02] 
[7,6,5,7,6,5,6,7,5] 
[2.09,2.06,1.81,1.84,2.1,2.11,1.94,1.81,2.01]