588
42
9
324000
[[0,0,0,0,0,0,0,0,0],
[0,0,0,0,0,0,0,0,0],
[0,0,0,0,0,0,0,0,0],
[0,0,0,0,0,0,0,0,0],
[0,0,0,0,0,0,0,0,0],
[0,0,0,0,0,0,0,0,0],
[1.05,4.41,3.62,4.93,0.13,1.19,20.16,1.05,6.62],
[9.86,5.81,16.07,0.4,15.85,2.21,10.9,0.4,12.75],
[13.16,5.85,0.01,16.47,3.23,26.65,22.38,1.98,18.42],
[1.34,0.21,21.39,21.06,3.7,12.7,15.02,5.95,27.68],
[7.76,6.41,0.01,0.06,29.49,12.15,7.72,19.22,4.71],
[5.13,3.44,8.04,4.48,9.71,1.18,10.83,0.53,6.79],
[7.75,3.89,10.49,9.54,7.95,14.12,11.77,0.99,10.56],
[6.86,3.3,14.52,12.61,2.31,13.97,12.71,7.58,15.68],
[8.22,5.19,14.5,13.3,15.16,8.29,7.98,9.65,13.98],
[5.18,3.43,7.27,7.19,6.75,11.07,15.32,1.24,8.36],
[5.19,2.65,12.59,8.55,7.41,9.61,9.51,5.68,13.49],
[7.34,4.26,14.77,9.46,12.81,13.32,10.04,7.67,10.46],
[3.91,2.76,9.45,7.73,7.52,8.31,11.78,5.65,10.33],
[6.65,4.05,12.12,7.11,11.61,10.86,7.93,5.87,10.22],
[5.36,3.53,9.82,7.12,9.98,10.41,10.89,5.41,8.31],
[0,0,0,0,0,0,0,0,0],
[0,0,0,0,0,0,0,0,0],
[0,0,0,0,0,0,0,0,0],
[0,0,0,0,0,0,0,0,0],
[0,0,0,0,0,0,0,0,0],
[0,0,0,0,0,0,0,0,0],
[1.67,4.15,0.06,16.3,1.43,10.49,0.09,2.49,1.98],
[3,1.17,31.84,0.82,13.11,18.54,1.5,6.92,4],
[2.4,7.26,0.08,2.27,15.46,35.36,0,0.34,8.86],
[4.5,4.03,4.5,0.01,3.54,28.88,6.48,27.9,18.3],
[22.98,13.68,7.53,2.71,4.23,16.42,8.28,27.31,0.53],
[1.62,5.01,22.2,8.98,12.57,10.06,1.31,9.04,2.11],
[1.81,3.68,20.24,2.97,9.55,18.87,0.99,3.81,4.61],
[2.41,11.13,3.44,1.62,7.73,21.52,4.33,20.9,9.62],
[11.54,6.86,4.14,1.71,2.6,15.68,4.96,18.4,14.63],
[1.42,4.18,21.17,6.28,9.01,15.34,1.29,7.46,3.64],
[2.6,8.38,13.58,2.96,6.48,16.62,2.96,14.05,7.45],
[9.2,8.49,3.06,1.66,7.39,17.35,3.58,15.07,9.76],
[1.97,6.68,16,4.89,7.19,13.54,2.35,12.03,5.63],
[6.97,6.78,12.54,2.36,6.02,13.94,2.86,11.59,9.07],
[5.88,5.92,16.19,4.32,6.25,12.52,2.52,10.98,7.28],
[0,0,0,0,0,0,0,0,0],
[0,0,0,0,0,0,0,0,0],
[0,0,0,0,0,0,0,0,0],
[0,0,0,0,0,0,0,0,0],
[0,0,0,0,0,0,0,0,0],
[0,0,0,0,0,0,0,0,0],
[5.18,0.08,5.95,1.33,11.23,2.27,14.74,3.38,3.51],
[19.34,0,0.01,2.93,13.21,0.02,19.97,5.18,2.74],
[0.01,4.81,8.86,3.18,2.29,0.1,21.91,15.62,2.14],
[0.23,0.94,7.3,8.65,4.03,4.65,35.7,19.78,2.31],
[3.3,11.42,1.81,1.5,1.6,0.53,8.99,1.38,35.7],
[9.68,0.05,4.17,4.15,8.17,1.39,11.7,2.92,6.23],
[13.26,3.19,5.68,2.04,14,0.1,13.98,7.87,1.64],
[0.13,5.24,5.41,4.39,2.19,3.61,19.76,11.88,1.49],
[2.94,6.06,8.49,9.17,2.06,4.5,17.85,10.63,19.29],
[9.08,2.23,4.95,2.8,9.42,0.93,12.25,6.59,4.19],
[9.41,5.08,4.07,4.06,9.36,2.97,18.75,8.55,1.69],
[2.28,5.5,5.92,6.28,1.55,4.98,13.34,8.03,15.84],
[7.42,4.25,4.23,5.12,7.07,2.43,14.78,6.81,4.32],
[7.47,4.78,4.51,6.56,7.83,4.8,14.09,6.64,11.89],
[6.17,4,5.08,8,6.27,3.85,11.82,5.55,10.51],
[0,0,0,0,0,0,0,0,0],
[0,0,0,0,0,0,0,0,0],
[0,0,0,0,0,0,0,0,0],
[0,0,0,0,0,0,0,0,0],
[0,0,0,0,0,0,0,0,0],
[0,0,0,0,0,0,0,0,0],
[0.67,2.27,9.46,16.36,3.25,3.73,1.64,2.49,11.05],
[0.41,2.62,6.37,9.42,4.68,6.3,4.38,3.48,0.22],
[0.48,0.05,0.35,5.41,0.19,9.59,6.62,0.03,2.08],
[2.21,26.5,18.3,0.91,0.58,3.92,0.02,8.53,0],
[9.77,6.96,0.52,3.92,29.18,2.38,6.77,12.9,0.11],
[0.37,1.63,15.73,8.91,2.69,9.92,2.23,2.02,6.47],
[0.89,2.04,3.48,14.65,3.88,5.41,10.93,2.54,1.08],
[1.1,16.9,14.13,2.74,0.29,13.1,4.19,5.39,1.35],
[4.89,13.25,14.6,4.48,22.6,2.16,4.77,7.29,0.08],
[0.61,1.42,12.72,10.51,2.61,6.91,7.76,1.73,6.82],
[0.92,11.27,9.67,11.08,2.62,8.75,9.87,4.09,1.02],
[3.54,11.52,16.53,3.52,16.82,9.06,4.48,5.04,0.91],
[0.74,9.31,12.44,8.57,1.97,7.82,8.35,3.34,6.2],
[3.23,8.65,12.42,8.54,12.84,6.86,7.72,4.59,0.79],
[2.59,7.78,12.71,7.15,10.75,6.34,6.8,3.74,5.28],
[0,0,0,0,0,0,0,0,0],
[0,0,0,0,0,0,0,0,0],
[0,0,0,0,0,0,0,0,0],
[0,0,0,0,0,0,0,0,0],
[0,0,0,0,0,0,0,0,0],
[0,0,0,0,0,0,0,0,0],
[18.48,1.01,2.58,5.38,6.2,11,7.53,2.42,17.52],
[12.01,5.15,14.47,1.5,5.85,0.58,0.2,0.29,0.43],
[0.94,14.05,2.38,4.29,21.06,30.65,4.21,6.16,3.89],
[0.72,10.49,0.21,0.05,20.61,0.06,9.12,23.12,0.11],
[3.46,4.84,0.87,2.65,2.71,0.21,10.67,13.83,10.4],
[10.39,5.63,7.29,6.48,4.02,6.03,5.98,1.25,10.14],
[6.39,7.13,7.32,2.17,10.54,23.64,2.32,3.41,3.75],
[1.65,8.26,2.2,2.59,13.89,19.54,4.75,11.56,3.09],
[3.84,5.47,0.44,2.03,10.56,0.26,6.62,12.71,6.3],
[6.93,5.56,4.97,4.43,9.92,16.23,4.34,4.32,7.27],
[4.32,5.87,4.91,1.73,9.64,22.57,3.17,7.83,4.23],
[4.88,6.34,1.47,2.31,9.27,13.77,5.05,8.61,4.82],
[5.54,5.48,3.73,3.33,8.58,16.93,5.54,6.44,5.93],
[5.03,4.87,3.92,1.75,7.23,19.06,3.85,6.47,4.51],
[6.67,4.57,3.22,3.43,6.89,15.31,5.04,5.86,6.59],
[0,0,0,0,0,0,0,0,0],
[0,0,0,0,0,0,0,0,0],
[0,0,0,0,0,0,0,0,0],
[0,0,0,0,0,0,0,0,0],
[0,0,0,0,0,0,0,0,0],
[0,0,0,0,0,0,0,0,0],
[3.15,3.3,23.81,0.74,4.68,2.55,12.2,8.16,14.74],
[0.3,0.17,13.68,2.27,2.42,7.72,0.79,0.03,16.47],
[7.6,5.51,0.17,5.54,0.27,0.29,0.97,14.53,30.5],
[0.63,0.24,9.07,0,4.81,3.67,0.02,16.47,25.28],
[1.31,1.58,8.61,3.67,6.34,14.91,8.04,6.52,0.41],
[2.94,2.81,12.96,1.14,6.98,3.89,10.74,5.78,10.42],
[4.27,3.14,8.21,7.57,2.33,6.34,0.59,9.27,16.37],
[4.03,4.61,7,3.81,2.63,3.33,0.74,10.35,18.67],
[1.9,1.63,5.9,2.36,3.75,7.45,5.61,8.42,19.28],
[3.59,2.95,8.73,5.48,7.24,4.32,7.46,7.63,15.34],
[3.22,3.95,7.59,7.34,2.43,9.35,0.51,7.42,14.56],
[2.97,5.89,4.98,3.13,2.51,5.11,5.77,7.53,14.77],
[2.82,3.23,9.45,6.36,5.52,7.62,5.68,7.32,13.03],
[2.51,5.88,6.46,5.55,2.75,7.86,4.48,6.32,13.76],
[2.41,4.73,7.76,5.09,5.93,6.59,6.58,6.16,12.05],
[0,0,0,0,0,0,0,0,0],
[0,0,0,0,0,0,0,0,0],
[0,0,0,0,0,0,0,0,0],
[0,0,0,0,0,0,0,0,0],
[0,0,0,0,0,0,0,0,0],
[0,0,0,0,0,0,0,0,0],
[0.54,2.04,3.15,2,0.71,1.07,2.86,37.58,13.62],
[0.82,1.23,5.71,8.57,4.81,3.25,1.73,6.77,2.06],
[0.63,0.45,19.66,17.23,1.57,1.31,1.66,1.75,8.08],
[27.98,2.93,14.8,14.31,7.18,5.35,2.18,0.14,8.74],
[2.93,2.04,27.9,1.11,3.86,0.01,0.85,0.19,1.92],
[0.46,1.12,3.08,9.81,2.45,1.64,1.58,18.94,13.99],
[1.44,0.63,9.85,9.1,6.08,1.67,3.39,7.97,4.04],
[16.28,1.49,11.6,10.56,3.6,2.67,1.29,0.93,5.61],
[14.57,1.68,14.92,7.62,3.85,3.71,1.11,0.11,4.37],
[0.97,0.83,7.94,8.03,4.59,1.13,2.33,13.14,9.54],
[10.9,1.75,7.99,8.05,4.67,3.42,2.27,6.26,3.88],
[12.05,1.12,16.53,7.04,2.58,2.57,0.93,0.81,3.81],
[8.57,1.41,6.6,8.5,3.73,2.61,1.78,9.91,9.58],
[9.25,1.33,12.44,6.11,4.01,3.73,1.95,5.55,2.93],
[7.97,1.16,11.34,7.09,3.53,3.13,1.59,8.11,7.78],
[0.92,1.38,13.01,6.06,1.71,0.99,2.95,0.04,0.12],
[1.84,8.78,2.12,0.41,0.06,9.9,9.46,0.13,13.26],
[12.35,2.67,0.03,4.74,0.01,0.11,0.99,13.11,3.73],
[2.76,1.84,0,0.14,5.09,1.23,32.72,2.65,28.5],
[2.62,1.23,6.2,18.61,5.28,0.49,0.49,37.15,17.64],
[0.15,0,28.2,5.81,1.16,0.02,24.57,12.35,7.61],
[0.93,3.39,5.5,8.68,0.71,6.75,7.06,1.18,4.69],
[5.06,5.85,16.24,1.73,9.65,8.93,6.9,5.08,6.07],
[5.76,5.86,0.03,6.79,7.17,21.01,14.98,5.36,11.03],
[1.95,1.42,9.65,9.61,5.87,13.89,11.37,14.61,15.54],
[10.5,6.88,12.65,8.46,11.49,9.64,8.36,16.62,9.82],
[3.35,4.16,13.69,7.24,9.01,5.83,5.22,4.79,3.69],
[3.84,5.39,12.41,5.4,7.31,14.6,11.5,4.02,9.38],
[4.51,6.01,7.65,8.18,5.48,14.23,9.23,11.44,10.16],
[7.92,4.82,11.5,8.69,7.91,9.59,11.81,11.28,11.62],
[2.9,4.08,13.05,6.63,7.18,12.43,9.45,4.77,6.75],
[3.5,5.57,11.27,6.57,6.65,11.78,8.3,8.46,9.26],
[7.43,5.6,9.9,7.36,9.12,13.16,10.14,10,9.12],
[2.82,4.5,11.44,7.5,7.27,10.24,7.49,7.87,7.23],
[6.12,5.35,11.9,6.08,8.09,11.33,9.18,7.97,8.57],
[5.22,4.51,11.95,7.25,7.71,10.76,8.4,7.57,7.09],
[3,0.61,1.55,33.54,14.05,9.37,0.02,0.58,0.21],
[3.38,9.59,11.81,0.36,0.64,1.77,18.42,0.25,7.96],
[18.42,17.52,4.35,0.04,0.62,30.26,1.1,29.26,6.13],
[8.2,0.49,22.92,9.5,21.71,0.57,32.72,0.76,15.9],
[20.29,13.52,0,0.06,0.59,6.06,7.84,0,1.51],
[4.44,11.57,1.86,6.92,16.76,5.38,9.46,16.7,29.95],
[2.29,3.91,5.66,12.69,5.67,7.47,8.23,2.22,2.76],
[8.45,9.23,10.92,1.28,9.19,13.96,11.91,9.86,6.92],
[9.34,6.05,10.85,3.19,8.42,15.57,14.94,11.89,10.63],
[10.63,4.85,7.7,4.73,7.44,11.66,15.48,16.03,11.41],
[9.72,8.38,3.41,2.36,5.89,5.65,5.77,12.39,15.08],
[5.69,6.36,11,7.8,8.61,11.1,7.21,7.75,4.9],
[7.91,5.64,11.16,2.81,10.05,10.05,14.14,7.74,8.24],
[10.08,6.55,6.66,3.05,5.41,13.52,10.69,15.77,8.39],
[7.64,5.23,7.54,4.38,7.91,8.1,11.52,13.27,13.57],
[6.28,4.68,11.37,6.96,9.56,9.95,10.29,8.05,6.14],
[8.59,6.07,7.98,3.5,7.31,11,11.74,11.35,7.87],
[8.18,6.37,6.25,3.41,6.56,10.43,9.02,13.77,11.15],
[7.14,5.16,9.09,6.46,7.62,10.09,9.18,9.65,6.67],
[7.74,6.02,8.08,3.99,7.56,9.19,10.39,10.75,9.88],
[6.83,5.27,9.85,6.32,7.76,8.74,8.52,9.58,8.4],
[0.1,6.73,0.97,2.55,11.23,0.35,7.45,9.59,2.42],
[11.66,1.88,0.12,20.16,3.25,8.08,0.03,0.1,0.01],
[2.65,8.99,4.23,0.08,15.96,27.23,6.48,14.63,4.96],
[5.95,1.08,19.72,0.7,35.36,3.28,22.18,0,0.46],
[0.22,25.78,6.44,7.96,10.08,5.41,1.98,2.44,0.77],
[3.18,0.88,21.19,4.26,0.92,2.29,1.02,15.85,22.71],
[4.28,3.41,5.43,12.07,5.23,2.84,6.86,3.24,5.31],
[7.12,4.06,2.62,7.06,6.76,12.94,9.35,4.94,1.89],
[2.92,4.34,10.11,3.07,17.3,11.46,10.29,7.7,1.81],
[2.23,11.86,9.14,5.42,15.41,2.9,13.72,9.86,0.78],
[5.2,8.98,9.28,5.78,11.08,3.43,6.23,9.88,14.46],
[4.32,3.91,8,7.47,6.39,8.24,7.55,4.88,6.09],
[5.69,4.04,6.19,7.43,11.57,8.7,10.23,5,1.27],
[1.87,8.93,8.86,3.89,12.46,8.16,9.62,8.87,1.53],
[4.6,8.36,9.72,7.64,14.3,2.94,9.4,9.24,9.14],
[4.16,3.85,8.53,6.59,9.87,6.44,8.59,5.14,5.09],
[4.47,7.01,6.35,6.5,9.7,7.06,12.28,6.35,1.39],
[3.92,7.3,9.64,5.49,13.15,6.38,7.64,8.76,7.37],
[3.65,6.21,7.56,6.19,8.8,5.63,10.38,6.01,5.05],
[4.94,6,7.55,6.76,11.57,5.99,9.7,6.83,5.75],
[4.08,5.58,8.14,6.89,10.58,5.08,8.61,6.47,7.19],
[4,6.73,9.16,2.6,0.29,3.46,12.01,3.15,0.98],
[2.18,0.01,2.74,22.58,0.02,10.53,4,1.84,3.43],
[1.81,0.32,0.14,8.45,0.01,0,0.3,1.1,2.76],
[0.1,11.66,1.75,2.23,24.22,6.09,1.14,1.62,3.08],
[0.1,24.71,6.23,0.1,0.15,0.05,15.57,0.38,4.18],
[21.78,0.02,17.23,10.81,17.11,1.73,3.7,0.24,2.29],
[6.43,2.29,4.33,8.89,3.17,9.25,8.03,1.66,10.87],
[4.14,2.63,7.63,13.41,3.51,4.02,1.88,1.27,2.28],
[0.65,6.05,1.39,3.57,10.95,14.45,4.04,2.07,1.99],
[0.98,12.73,6.4,0.87,10.5,2.54,7.23,10.62,2.44],
[7.56,8.27,7.83,3.66,14.04,1.26,6.5,9.12,3.55],
[4.54,3.2,9.28,8.59,2.7,8.1,4.9,1.45,8],
[2.93,4.24,5.07,9.26,7.41,11.66,5.31,2.55,2.14],
[1.22,10.37,6.57,2.21,6.98,13.55,5.64,6.79,2.08],
[4.94,7.68,7.91,2.75,13.27,2.05,5.19,8,2.9],
[3.32,4.08,7.59,7.15,6.07,10.16,5.71,2.6,6.31],
[2.25,7.49,6.27,6.71,6,13.44,6.04,5.14,2.25],
[4,7.84,8.59,3.19,11.18,10.37,4.55,5.87,2.47],
[2.87,6.58,7.29,5.69,5.05,11.13,6.18,4.36,5.4],
[4.18,6.11,7.5,6.43,8.93,11.54,5.2,4.92,2.39],
[4.33,5.62,7.85,5.66,8.02,9.86,5.43,4.39,5.47],
[9.16,3.81,2.86,0,24.5,1.28,17.41,0.13,1.2],
[9.29,0.76,2.51,10.04,0.09,0.34,4.26,0.88,2.08],
[0.02,12.6,2.86,8.32,1.34,6.77,11.62,2.71,23.46],
[2.76,6.48,0.32,2.38,15.57,5.75,0.14,21.58,7.03],
[0,0.04,9.72,1.94,7.76,0.05,10.67,17.82,4.21],
[8.9,10.63,1.25,4.62,1.9,13.16,8.04,4.21,35.03],
[7.21,1.63,8.8,3.7,8.21,4.57,7.32,3.58,11.83],
[5.78,5.03,11.17,7.36,3.11,4.46,5.33,1.22,12.22],
[3.24,6.69,1.7,3.58,8.4,10.32,4.11,8.39,12.26],
[0.92,4.5,5.36,1.45,8.7,2.39,5.25,13.23,8.52],
[3.05,3.7,6.15,2.2,3.35,7.51,6.27,7.57,14.19],
[5.34,3.78,8.27,5.48,7.13,4.25,6.8,3.14,11.86],
[4.42,4.34,7.19,5.25,5.56,12.03,3.44,5.36,8.93],
[2.44,5.25,5.61,2.56,6.61,9.15,5.51,8.87,9.91],
[2.41,4.94,4.07,1.8,6.15,5.69,4.93,8.86,12.12],
[4.59,3.65,6.04,4.97,7.57,8.81,5.16,5.33,10.49],
[3.31,4.36,7.08,4.24,5.18,13.69,4.55,6.7,9.2],
[3.44,5.39,4.27,2.49,5.12,8.56,5.27,6.94,12.08],
[3.76,3.87,6.48,4.52,6.88,10.92,5.53,6.19,9.45],
[3.8,4.81,6.06,3.86,4.46,12.18,4.58,5.68,11.11],
[4.16,4.38,5.61,4.29,6.05,10.22,5.35,5.46,10.92],
[0.66,6.37,0.03,4.15,2.33,0.25,20.29,16.25,23.94],
[3.43,4.56,10.81,0.06,2.18,9.77,0.46,24.57,6.96],
[10.9,0.38,3.92,2.76,0.71,2.12,0.06,6.37,0],
[1.79,13.21,4.15,23.46,0.01,0.72,4.06,6.81,7.26],
[9.99,5.85,23.26,1.28,0.35,25.78,0.44,3.33,0.39],
[0.09,26.06,11.52,0.07,1.31,1.71,19.53,1.34,1.98],
[2.41,5.4,10.99,1.45,1.8,3.39,7.46,15.39,10.3],
[4.8,1.73,11.09,4.22,3.3,4.12,0.99,11.59,7.35],
[6.33,5,6.61,9.28,0.76,1.42,1.39,5.43,14.08],
[10.09,7.16,9.25,10.72,4.08,8.86,1.93,5.64,13.17],
[3.41,10.64,12.51,1.92,3.9,11.77,7.27,2.31,0.88],
[3.74,3.43,8.4,4.38,3.81,2.52,5.78,10.68,10.1],
[5.09,4.23,7.92,7.25,3.75,3.25,1.67,8.48,10.07],
[8.27,5.4,8.96,6.99,2.65,6.03,1.2,4.71,10.45],
[6.89,9.63,8.35,6.59,3.27,7.95,6.05,3.66,9.71],
[3.86,4.46,7.56,6.67,5.1,2.4,5.31,8.92,10.67],
[6.45,5.21,8.99,7.19,3.37,6.12,1.3,7.46,9.17],
[6.49,7.95,9.29,5.11,2.44,5.99,4.54,3.59,8.09],
[5.44,4.92,8.64,7.43,4.16,4.86,4.18,7.82,10.08],
[5.43,7.5,8.89,5.6,3.39,5.84,3.7,5.96,7.88],
[4.94,6.77,9.04,6.15,4.41,4.81,5.44,6.52,9.02],
[1.51,1.93,6.71,16.9,7.24,8.95,2.15,0.51,0.11],
[1.82,6.13,5.95,0.26,0.34,10.57,9.79,0.13,7.3],
[10.46,8.9,2.68,3.49,0.48,21.44,0.7,15.19,9.75],
[10.48,2.19,15.32,7.2,10.86,0.64,21.82,1.32,15.41],
[10.41,7.11,4.19,11.75,2.74,3.22,4.25,24.91,16.22],
[2.51,7.59,15.21,12.72,14.88,3.81,12.52,9.79,14.98],
[1.6,3.23,5.11,8.6,3.45,10.07,9.07,1.57,3.58],
[7.16,6.82,9.82,1.76,8.74,15.14,9.59,6.13,6.82],
[8.63,5.01,7.94,5.23,5.72,16.61,14.92,8.12,10.07],
[8.5,3.74,8.9,7.74,5.65,9.75,13.98,14.04,12.67],
[7.38,6.42,8.83,9.79,9.63,5.9,7.27,14.15,13.11],
[4.89,4.86,9.6,6.26,7.81,12.16,7.22,4.99,4.82],
[7.14,4.89,10.1,4.17,8.29,13.04,12.79,5.36,8.12],
[8.32,5.14,7.82,6.21,4.27,12.98,10.76,12.64,10.36],
[7.35,4.6,9.58,8.07,8.83,7.13,11.9,11.37,12.1],
[5.54,3.95,10.31,6.39,7.93,12.47,10.91,5.54,6.35],
[7.12,4.93,8.52,5.29,6.87,11.63,10.81,9.23,8.86],
[7.29,5.22,8.46,6.83,7.69,10.55,10.16,11.05,10.6],
[5.85,4.17,8.78,6.74,7.12,11.03,9.46,8.2,7.36],
[6.96,5.09,8.98,6.02,8.18,9.9,10.28,8.7,9.38],
[6.05,4.45,9.28,7.06,7.97,9.87,9.28,7.91,7.97],
[2.44,3.55,0.86,17.89,8.48,7.7,5.25,5.21,2.23],
[5.84,4.82,7.16,11.88,1.63,4.05,12.79,0.34,5.11],
[9.39,9.31,2.86,0.04,13.14,19.19,6.83,15.47,3.72],
[4.78,1.53,14.25,8.52,19.58,3.48,18.64,0.48,12.72],
[12.25,13.75,4.24,5.8,5.48,11.46,3.92,1.59,0.8],
[7.58,6.17,19.56,3.83,14.42,2.77,9.06,10.85,17.72],
[3.31,3.35,5.42,12,4.05,5.23,8.76,2.44,3.9],
[6.37,6.13,8.59,4.78,7.64,12.52,11.89,6.65,4.21],
[5.73,4.34,7.83,3.88,13.63,14.15,10.49,7.21,7.17],
[6.9,8.67,8.31,6.79,10.05,8.03,9.75,11.5,7.62],
[7.93,8.55,10.27,4.01,9.38,5.91,5.69,11.63,9.49],
[4.63,4.86,11.03,7.51,7.16,9.77,8.79,5.94,4.8],
[5.39,4.28,8.93,5.56,9.67,10.23,12.26,5.47,5.92],
[6.67,8.37,7.71,4.27,9.93,11.79,7.81,11.49,5.69],
[6.23,6.96,10.21,5.9,11.24,5.77,8.42,10.65,9.6],
[4.47,3.93,11.21,7.3,8.78,8.89,9.88,5.85,5.81],
[6.15,6.97,7.83,5.3,8.04,9.71,10.54,8.42,5.51],
[6.24,7.28,9.17,4.32,10.6,9.12,7.4,10.67,7.7],
[5.27,6,9.45,6.73,7.71,8.74,9.06,7.53,6.08],
[5.92,6.41,8.96,5.09,9.3,8.03,9.59,8.47,7.01],
[5.24,5.7,10.3,6.34,8.99,7.53,8.55,7.82,7.11],
[2.31,4.49,4.77,5.15,8.88,1.8,6.67,4.83,1.24],
[12.6,1.18,2.29,14.27,2.36,18.56,2.46,1.01,2.16],
[4.42,7.34,2.4,6.25,10.93,18.06,5.44,7.82,2.68],
[3.52,6.13,10.4,1.12,20.21,3.27,12.19,1.11,1.56],
[0.32,16.83,4.23,4.78,7.63,4.01,15.4,1.24,4.49],
[11.09,0.69,12.87,14.58,9.37,4.01,1.85,9.43,21.48],
[6.5,2.31,3.84,8.32,4.56,9.08,7.77,2.56,7.23],
[6.81,4.41,4.65,8.65,5.38,14.88,5.65,3.59,1.96],
[3.19,5.5,6.86,3.22,14.6,13.15,7.05,6.47,1.96],
[1.76,9.24,6.13,3.26,13.37,2.92,11.57,10.82,2.51],
[5.2,7.58,7,7.91,11.41,3.7,7.26,9.07,11.02],
[5.33,3.95,6.92,6.84,5.59,10.97,6.48,3.55,6.7],
[5.15,4.31,5.7,6.3,9.91,13.15,7.08,4.6,1.78],
[2.3,7.79,6.52,3.6,11.51,9.99,8.69,8.73,2.35],
[4.13,6.6,7.06,6.33,12.33,3.31,7.74,9.44,7.29],
[4.63,4.04,6.94,5.53,9.04,10.11,7.02,4.75,5.26],
[4.03,6.21,5.41,5.55,8.84,11.21,9,6.55,2.11],
[3.83,6.52,7.18,5.78,11.91,8,6.67,8.37,6.02],
[4.02,5.58,6.16,5.12,8.31,9.11,8.28,5.91,4.97],
[4.83,5.4,6.12,6.71,9.93,9.39,7.4,6.72,5.09],
[4.63,4.99,6.59,6.2,9.5,7.98,7.06,6.21,6.67],
[4.74,3.65,11.42,1.72,14.75,4.56,9.97,2.61,0.73],
[4.65,0.56,5.24,11.71,0.1,5.98,8.27,2.67,1.89],
[1.33,7.27,2.42,5.59,0.82,4.56,6.7,1.39,12.12],
[2.26,6.3,1.88,1.53,13.58,3.95,0.59,11.53,3.64],
[0.06,15.84,5.45,1.07,4.56,0.04,8.9,10.4,8.38],
[11.17,7.39,9.23,5.58,16.48,6.74,4.19,3.63,18.91],
[4.5,2.04,7.44,5.82,6.24,7.34,7.31,2.65,9.64],
[3.83,3.94,9.77,9.16,2.88,4.29,6.42,1.77,7.39],
[2.05,5.52,2.15,3.3,6.64,9.01,3.8,5.26,7.96],
[1.09,8.99,6.93,1.07,7.42,2.48,4.52,9.67,6.74],
[4.88,9.48,6.53,3,9.79,5,5.55,7.12,11.25],
[3.64,3.39,9.1,6.16,5.54,6.05,6.53,2.48,9.07],
[2.99,4.06,6.91,7.79,5.21,8.88,5.49,4,5.85],
[1.82,7.63,7.23,2.35,5.29,9.4,4.72,6.89,7.54],
[3.62,7.52,6.67,2.44,9.54,4.14,4.68,7.43,8.95],
[3.11,3.62,7.37,6.19,6.5,7.73,6.06,3.92,8.54],
[2.37,5.88,7.71,6.27,4.69,11.1,5.61,5.51,6.43],
[3.36,6.9,7.31,2.88,7.85,8.07,4.65,5.84,8.92],
[2.66,5.16,7.72,5.49,5.83,9.39,6.05,4.93,7.98],
[3.49,5.71,7.46,5.73,6.54,9.8,5.19,4.97,7.77],
[3.51,5.14,7.5,5.19,7.12,8.61,5.57,4.66,8.84],
[8.19,3.5,2.13,2.75,12.85,0.64,12.6,9.95,13.19],
[4.72,4.78,5.41,6.22,1.81,7.96,2.21,13.86,8.56],
[7,10.11,2.29,4.19,2.02,3.4,7.21,3.29,15.69],
[4.51,6.96,3.75,12.25,10.11,5.67,3.3,10.85,4.76],
[6.62,4.24,11.96,1.1,6.51,17.98,8.86,8.96,3.91],
[6.6,13.37,11.04,3.51,1.09,13.08,10.03,2.11,19.12],
[5.37,3.65,7.56,4.14,5.95,4.45,5.99,9.72,9.95],
[5.33,6.54,9.6,6.3,4.07,4.75,3.97,7.19,12.22],
[5.97,7.11,5.14,7.57,5.38,7.1,4.58,5.65,10.9],
[6.28,6.46,6.29,6.44,6.66,9.49,6.29,8.01,8.07],
[5.68,7.42,9.33,1.96,3.58,13.72,7.68,4.6,10.26],
[5.38,5,7.14,6.43,5.96,3.63,5.63,7,11.02],
[4.95,5.85,7.05,7.06,5.07,8.02,3.89,7.27,9.44],
[5.87,6.59,6.64,5.26,5.16,9.42,5.73,5.84,9.25],
[5.58,7.38,6.78,4.93,4.83,10.45,6.49,5.59,9.83],
[5.16,4.93,6.17,6.94,6.21,5.95,5.17,7.1,9.52],
[5.28,6.19,7.32,5.85,4.87,10.12,4.72,6.93,9.27],
[5.48,7.24,7.33,4.47,4.08,9.5,6.03,4.67,10.21],
[5.33,5.36,6.65,6.45,5.81,8.08,5.51,6.87,9.19],
[5.09,6.85,7.46,5.15,4.27,9.85,5.15,5.81,10.03],
[5.16,6.06,7,5.92,5.23,8.2,5.73,5.96,9.83],
[1.67,2.71,5.39,12.3,5.66,10.37,7.22,3.53,1.61],
[4.7,4.13,5.03,9.43,1.14,7.46,8.54,0.23,5.02],
[6.97,6.22,2.05,2.49,10.71,15.33,4.7,11.14,6.5],
[6.99,3.38,10.99,9.34,13.69,2.32,18.47,0.88,11.49],
[8.92,9.23,4.21,9.03,7.7,9.11,2.86,16.73,11.71],
[6.35,5.91,17.15,8.6,18.12,2.54,9.34,9.48,12.06],
[2.78,3.05,5,9.36,2.93,8.18,9.85,1.9,4.29],
[5.96,5.37,8.43,5.15,8.02,12.31,10.06,4.97,4.95],
[6.23,4.37,6.14,5.15,11.23,14.46,11.6,6.02,7.77],
[6.82,6.57,8.99,7.89,9.4,7.87,10.97,11.27,9.95],
[6.79,7.57,9.54,7.67,11.09,5.99,6.31,12.35,10.6],
[4.3,4.17,9.87,6.71,7.09,10.66,8.8,4.53,4.74],
[5.7,4.34,8.51,5.85,8.84,11.3,11.49,4.4,6.32],
[6.45,6.81,8.26,5.74,9.25,11.83,8.59,10.21,8.18],
[6.28,6.01,10.42,7.43,10.93,5.71,9.64,9.77,9.92],
[4.56,3.73,10.21,6.79,7.97,10.57,10.31,4.7,6.02],
[5.96,5.87,8.26,6.1,8.17,10.29,9.99,7.59,7.01],
[6.08,6.19,9.81,6.02,10.42,9.55,8.39,9.39,8.58],
[5.01,5.08,9.09,6.79,7.76,9.87,9.17,6.88,6.78],
[5.85,5.6,9.3,6.24,9.34,8.75,9.38,7.5,7.57],
[5.12,4.98,9.74,6.78,8.84,8.73,8.83,6.97,7.19],
[2.36,3,4.45,12.21,6.81,5.23,4.77,3.47,1.51],
[8.83,3.23,5.05,9.84,1.68,13.73,8.63,0.71,7.12],
[6.76,6.89,1.95,4.62,13.36,14.1,7.91,10.36,2.98],
[3.25,4.12,9.5,5.68,16.2,2.83,12.44,0.83,8.48],
[8.54,13.12,3.16,5.21,6.17,11.03,10.42,1.15,2.99],
[8.91,4.18,13.23,9.73,11.88,3.05,6.07,7.56,15.92],
[5.41,2.73,4.69,9.5,3.8,8.13,7.78,2.2,5.97],
[6.76,5.22,8.22,6.3,6.7,13.3,9.01,4.84,4.56],
[4.42,5.29,5.95,4.43,12.77,14.53,8.72,6.08,5.79],
[5.06,7.7,6.04,5.18,10.13,7.14,9.8,11.73,5.97],
[7.58,7.44,7.69,6.4,9.13,6.1,7.07,10.45,8.31],
[5.3,4.56,9.6,7.46,6.48,10.28,7.49,4.57,5.9],
[5.23,4.51,7.84,5.61,8.97,13.02,9.52,4.73,5.63],
[5.16,7.69,6.07,4.61,10.09,12.31,8.39,10.51,4.77],
[5.72,6.06,7.6,6.05,10.25,5.45,7.9,10.28,8.15],
[4.67,4.17,9.35,6.71,8.44,10.59,8.12,5.23,6.03],
[5.55,6.33,6.72,5.37,7.9,11.82,9.24,7.85,4.95],
[5.68,6.64,7.1,5.46,10.22,9.76,7.38,9.64,6.68],
[5.09,5.57,7.91,6.23,7.65,10.16,8.14,6.98,5.75],
[5.88,5.76,7.45,5.86,8.61,9.95,8.39,7.74,6.42],
[5.52,5.21,8.47,6.47,8.45,8.92,7.6,7.15,6.88],
[3.16,3.58,8.89,4.7,11.96,3.56,8.29,3.35,1.28],
[8.83,0.9,5.45,10.63,2.07,15.56,7.23,2.19,1.47],
[4.17,7.25,2.39,4.53,7.32,12.43,6.04,7.69,11.82],
[2.91,4.28,6.93,1.09,16.98,3.1,8.89,7.91,2.5],
[0.27,12.24,5.46,5.43,6.17,2.92,10.28,10.21,9.86],
[7.5,7.17,8.59,9.98,13.53,5.19,3.02,6.84,19.83],
[5.18,2.16,6.18,7.07,6.07,9.21,7.33,3.15,7.43],
[5.57,3.92,7.04,7.09,4.25,12.02,7.44,4.25,6.14],
[3.39,4.98,5.09,3.09,11.36,9.46,6.44,6.96,6.58],
[1.4,7.08,6.22,3.26,10.38,2.66,8.47,10.12,5.83],
[3.97,8.42,6.74,7.04,9.64,5.03,6.65,8.56,13.22],
[4.43,3.5,7.41,5.88,6.15,9.35,7.01,4.18,8.24],
[4.62,3.89,6.37,6.07,7.79,11.12,7.34,5.04,4.68],
[2.44,6.5,6.58,3.51,8.94,7.87,7.04,8.58,7.01],
[3.35,6.57,6.42,5.65,10.78,4.14,6.66,8.41,10.09],
[4.11,3.57,6.84,5.39,8.14,8.95,7.04,5.01,7.32],
[3.68,5.35,6.48,5.55,6.97,10.22,7.91,6.8,5.59],
[3.44,6.27,6.55,5.06,9.92,6.99,6.12,7.71,9.77],
[3.56,4.79,6.67,5.13,7.44,8.63,7.57,6.15,7.34],
[4.17,5.36,6.48,6.14,8.18,8.9,6.8,6.47,8.24],
[3.95,4.9,6.65,5.69,8.32,7.82,6.7,6.02,8.87],
[5.5,4.62,10.3,4.43,11.1,3.43,10.79,6.86,10.58],
[3.15,4.14,4.91,7.85,1.56,6.95,6.44,9.3,5.71],
[4.72,8.75,1.88,3.98,1.79,3.08,6.16,2.5,11.69],
[4.76,8.93,5.33,10.33,9.44,3.95,2.21,7.69,3.57],
[5.33,10.96,10.02,0.76,5.74,13.29,7.1,7.24,9.15],
[7.72,9.09,9.95,3.9,11.65,9.9,7.82,2.49,14.67],
[3.95,4.25,7.48,5.31,5.74,5.66,7.56,7.31,9.07],
[3.87,6.27,8.42,7.79,3.91,4.32,5.93,5.66,9.02],
[4.59,7.7,4.83,6.21,5.02,6.82,4.45,4.37,8.73],
[4.83,8.53,7.12,5.1,6.55,7.45,4.8,6.98,7.94],
[5.61,8.6,8.72,2.39,7.69,11.2,6.45,5.13,10.68],
[3.98,5.32,8.2,6.47,5.56,4.85,6.72,5.52,9.2],
[3.88,6.44,6.83,8.01,5.16,6.82,5.8,5.84,7.33],
[4.47,7.9,7.47,4.33,4.92,9.24,4.93,5.23,8.65],
[5.38,7.91,7.75,4.4,7.64,8.29,5.59,5.43,9.06],
[3.99,5.68,7.08,7.19,6.09,5.89,6.51,5.66,8.35],
[4.06,6.92,7.5,6.65,4.93,9.24,5.67,5.9,7.92],
[4.92,7.61,8.71,4.03,6.36,8.82,5.37,4.5,9.29],
[4.09,6.22,7.55,6.56,5.72,7.85,6.26,5.77,8.35],
[4.56,6.91,8.12,5.87,5.87,8.86,5.75,5.27,8.57],
[4.49,6.33,8.09,5.97,6.33,7.78,6.21,5.26,8.82],
[1.77,2.74,5.66,9.34,5.15,7.83,5.75,2.65,1.25],
[8.31,3.1,3.9,8,1.39,11.76,6.5,0.54,5.83],
[5.9,5.17,1.55,4.32,13,11.94,6.5,8.36,6.05],
[5.29,4.05,8.3,7.24,12.25,2.15,14.28,1.31,8.75],
[7.24,9.89,3.77,7.05,9.26,10.52,7.85,12.94,9.21],
[7.02,4.72,13.58,9.86,14.07,2.54,7.31,7.82,12.74],
[4.7,2.61,4.36,7.96,2.98,8.71,8.67,1.85,5.62],
[6.38,4.89,8.18,5.6,7.38,11.84,8.29,3.98,5.31],
[5.04,5.02,5.04,5.42,11.23,14.65,9.75,5.52,6.59],
[5.58,6.33,7.08,6.37,9.65,7.58,10.22,11.34,7.99],
[6.79,6.73,8.11,7.52,10.38,6.31,6.85,11.16,9.76],
[4.91,4.08,8.9,6.66,6.71,10.05,7.84,3.78,5.68],
[5.63,4.44,7.76,5.77,8.45,12.86,9.42,4.13,5.94],
[5.31,6.67,6.85,5.51,9.94,12.43,8.57,9.68,6.87],
[6.06,5.5,8.43,6.91,10.22,5.6,8.66,9.59,8.77],
[4.73,3.91,8.88,6.44,7.92,11.18,8.83,4.51,6.1],
[5.67,5.65,7.3,5.75,8.18,11.71,8.91,7.26,6.32],
[5.71,5.91,8.09,6.15,10.29,10.09,7.87,8.83,7.74],
[4.97,4.94,7.9,6.28,7.85,10.64,8.4,6.55,6.41],
[5.96,5.26,8.06,6.2,8.83,10.1,8.29,7.11,7.13],
[5.43,4.74,8.42,6.55,8.49,9.57,7.96,6.6,7.08],
[3.56,2.74,9.06,9.27,10.91,4.78,7.12,2.65,1.75],
[6.81,2.84,5.62,8.53,1.75,13.75,8.79,1.65,5.48],
[5.37,8.02,2.32,3.62,10.51,11.35,6.79,8.58,8.93],
[3.22,3.27,7.24,5.3,13.85,3.2,9.43,6.68,9.22],
[6.59,11.3,4.88,6.67,5.11,9.47,7.85,9.08,7.76],
[7.01,6.69,10.09,7.49,12.46,4.72,7.4,6.51,17.62],
[4.74,2.49,6.53,7.92,5.63,8.33,7.44,2.78,6.32],
[5.51,5.29,9.07,5.63,5.48,11.41,8.43,4.62,6.46],
[4.31,5.08,5,4.15,10.86,11.34,7.23,6.89,8.07],
[4.38,6.61,6.53,5.62,8.5,5.97,7.68,10.99,7.55],
[6.05,8.09,7.82,6.37,8.12,6.45,6.89,9.69,11.48],
[4.59,4.24,9.4,6.33,6.64,8.98,7.45,4.71,6.98],
[4.72,4.34,7.98,5.51,7.54,11.52,8.29,5.07,6.79],
[4.68,6.7,6.54,4.67,8.47,10.23,6.89,9.9,7.42],
[4.82,6.17,7.34,6.01,9.18,5.57,7.14,9.3,10.04],
[4.33,3.83,8.77,6.19,7.87,9.5,7.63,5.36,7.27],
[4.9,5.65,7.44,5.47,6.64,10.85,7.84,7.67,6.64],
[4.96,6.35,6.95,5.19,9,8.53,6.74,8.81,9.28],
[4.59,4.95,7.95,6.02,7.09,9.43,7.43,6.9,7.17],
[5.08,5.59,7.68,5.66,7.48,9.39,7.44,7.25,8.29],
[4.82,5.03,8.17,6.05,7.73,8.48,7.17,6.77,8.37],
[4.24,3.86,9.62,7.71,9.43,3.19,8.57,7.83,7.94],
[7.16,3.15,4.65,8.29,3.53,12.28,6.76,6.97,4.28],
[4.94,7.46,2.22,3.81,5.66,9.57,5.31,6.06,13.41],
[4,7.23,6.82,7.95,14.15,3.71,10.12,5.95,2.67],
[4.89,9.91,7.93,4.16,5.78,10.46,7.96,8.47,12.02],
[5.8,7.6,10.82,7.52,11.33,7.48,5.87,5.18,15.34],
[5.07,3.47,6.51,7.23,5.77,7.29,7.63,6.63,7.45],
[5.39,5.18,6.55,6.47,4.58,9.73,6.9,5.87,8.41],
[4.32,6.53,6.22,5.23,9.14,8.13,6.86,5.71,8.05],
[4.35,7.65,6.59,5.38,8.87,6.32,8.07,8.01,7.57],
[4.89,7.99,8.35,5.65,7.93,8.97,6.55,6.97,12.28],
[4.68,4.49,7.2,6.39,5.78,7.6,6.95,6.01,8.62],
[4.95,5.53,6.42,6.7,7.03,9.05,7.7,5.95,6.46],
[4.27,7.07,7,4.55,7.55,8.55,6.72,6.88,8.86],
[4.86,7.21,7.36,5.99,9.16,7.16,7.12,6.72,9.88],
[4.61,4.9,6.84,6.65,7.24,7.38,7.48,6.05,7.53],
[4.71,6.3,6.61,5.93,6.4,9.36,7.62,6.59,7.57],
[4.62,6.88,7.81,5.24,8.27,8.11,6.36,6.23,10.12],
[4.47,5.63,6.86,6.1,6.7,7.94,7.46,6.52,8.03],
[4.86,6.27,7.2,6.03,7.16,8.74,7.03,6.16,8.96],
[4.62,5.72,7.29,6.13,7.25,7.68,7,6.18,8.95],
[2.91,2.45,8.15,7.53,8.8,6.5,8.55,2.14,1.61],
[6.68,2.68,4.5,7.67,1.61,11.58,7.22,1.4,4.71],
[5.17,6.47,2.04,3.73,11.32,10.59,5.7,7.61,8.86],
[5.47,3.56,6.9,7.35,11.36,2.56,11.91,5.44,8.59],
[6.1,9.22,4.53,7.06,7.47,10.03,6.3,14.28,10.13],
[6.01,6,10.87,7.9,12.96,4.32,7.38,6.58,14.24],
[4.38,2.44,5.85,7,4.73,8.23,8.28,2.41,6.01],
[5.41,4.89,8.91,5.4,6.27,10.44,7.89,4.12,6.57],
[4.86,4.82,4.59,5.05,10.32,12.02,8.51,6.13,8.29],
[5.26,5.87,7.3,6.56,8.56,6.56,8.52,10.78,8.87],
[5.67,7.23,7.77,6.87,9.33,6.54,6.6,10.18,11.09],
[4.4,3.9,8.86,5.96,6.71,8.82,7.72,4.11,6.55],
[5.14,4.22,8.01,5.66,7.45,11.52,8.61,4.5,6.84],
[4.94,6.04,7.14,5.35,8.87,10.81,7.38,9.26,8.42],
[5.32,5.73,7.94,6.6,9.38,5.62,7.8,8.93,10.07],
[4.5,3.66,8.5,6.06,7.51,9.99,8.3,4.73,7.14],
[5.14,5.19,7.81,5.74,7.16,10.89,7.9,7.15,7.38],
[5.11,5.81,7.72,5.71,9.41,9,7.26,8.28,9.39],
[4.65,4.54,7.97,6.08,7.29,9.87,7.77,6.52,7.41],
[5.28,5.22,8.07,5.93,7.91,9.54,7.58,6.81,8.41],
[4.89,4.68,8.17,6.17,7.89,8.98,7.54,6.38,8.18],
[4.95,3.09,10.67,9.46,9.5,3.98,7.2,6.84,6.46],
[6.01,5.18,5.32,7.24,3.27,11.2,7.55,5.68,5.94],
[6.56,8.95,2.08,3.35,8.41,9.12,5.71,7.5,10.75],
[4.58,5.8,7.82,8.45,11.88,4.11,9.49,5.43,7.48],
[7.57,9.31,6.55,5.65,4.82,12.13,6.55,8.34,10.52],
[5.96,7.82,13.17,6.02,10.47,7.36,7.66,5.21,14.96],
[5.02,3.82,7.36,7.64,5.81,6.91,7.21,5.69,6.64],
[5.73,6.91,8.37,5.38,5.33,9.65,7.41,6.29,7.72],
[5.52,6.79,6.08,5.39,9.22,9.87,6.91,6.06,8.46],
[6.13,6.88,6.7,6.41,7.6,7.96,7.32,9.13,8.28],
[6.22,7.79,9.02,5.43,7,8.96,6.49,8.19,11.62],
[5.18,5.39,9.12,6.56,6.24,7.59,6.92,6.16,7.47],
[5.38,6.18,7.73,6.01,6.94,9.78,7.91,6.1,7.24],
[5.97,7.18,6.8,5.15,7.4,9.99,6.42,8.27,8.58],
[5.73,6.75,8.21,6.02,8.07,7.75,7.04,7.73,9.86],
[5.13,5.25,8.45,6.81,7.2,8.1,7.42,6.19,7.33],
[5.72,6.59,7.32,5.69,6.18,9.94,7.32,7.4,7.66],
[5.7,7.01,8.03,5.23,7.81,9.01,6.46,7.38,9.64],
[5.42,5.77,7.89,6.44,6.54,8.59,7.06,7.08,7.63],
[5.56,6.58,8.09,5.58,6.76,9.16,7.12,6.92,8.71],
[5.35,5.9,8.42,6.2,6.96,8.17,6.94,6.77,8.47],
[4.32,2.96,9.25,7.89,8.06,5.43,7.89,5.93,5.39],
[6.31,4.42,4.47,6.94,3.13,9.94,6.56,4.74,5.47],
[5.87,7.67,1.84,3.34,9.52,8.82,4.92,6.71,9.81],
[7.04,5.23,7.94,8.77,10.29,3.48,12.52,4.58,7.38],
[6.68,7.85,6.42,5.98,6.48,11.36,5.46,12.21,11.05],
[5.42,7.49,12.41,6.58,10.95,7.09,8.13,5.51,12.51],
[4.91,3.59,6.55,7.01,5.17,7.09,7.82,4.94,6.27],
[5.67,6.3,8.32,5.24,5.93,9.15,7.11,5.45,7.52],
[5.99,6.2,5.68,5.9,9.18,10.58,8.27,5.48,8.58],
[6.62,6.04,7.32,7.05,7.83,7.9,8.37,9.16,9.18],
[5.86,7.19,8.73,5.91,8.19,8.52,6.46,8.75,10.88],
[5.01,4.98,8.61,6.28,6.31,7.68,7.13,5.41,7.03],
[5.88,5.67,7.8,6.08,6.94,10,8.41,5.36,7.29],
[6.07,6.45,7.26,5.67,7.95,10.29,7.02,7.97,9.04],
[5.99,6.26,8.53,6.56,8.42,7.41,7.96,7.63,9.82],
[5.37,4.85,8.21,6.61,6.96,8.67,8.07,5.51,7.23],
[5.92,5.95,7.64,5.92,6.64,9.97,7.56,7.05,8.04],
[5.74,6.46,8.51,5.69,8.37,9.21,7.13,7.14,9.51],
[5.48,5.25,7.88,6.47,6.73,8.94,7.43,6.73,7.74],
[5.7,6.09,8.35,5.87,7.22,9.2,7.45,6.6,8.66],
[5.39,5.48,8.39,6.33,7.2,8.5,7.37,6.44,8.26]]
[[0,0,0,0,0,0,0,0,0],
[0,0,0,0,0,0,0,0,0],
[0,0,0,0,0,0,0,0,0],
[0,0,0,0,0,0,0,0,0],
[0,0,0,0,0,0,0,0,0],
[0,0,0,0,0,0,0,0,0],
[0,0.02,0,0.04,0,0,0,0.04,0.02],
[0.04,0.08,0,0,0.02,0,0,0.02,0],
[0,0.04,0.02,0.02,0.02,0,0,0.01,0],
[0.01,0,0.02,0.02,0,0.02,0.08,0.04,0],
[0.01,0.04,0,0.02,0,0.01,0.04,0.02,0],
[0.03,0.04,0,0.03,0.01,0,0,0.02,0.01],
[0.02,0.04,0.02,0.01,0.01,0,0,0.02,0],
[0.01,0.04,0.01,0.01,0.02,0.01,0.04,0.02,0],
[0,0.02,0.01,0.01,0,0.01,0.04,0.02,0],
[0.02,0.03,0.02,0.02,0.01,0,0,0.02,0.01],
[0.02,0.04,0.02,0.01,0.02,0.01,0.03,0.02,0],
[0.01,0.03,0.01,0.01,0.02,0.01,0.03,0.02,0],
[0.02,0.03,0.02,0.02,0.01,0.01,0.03,0.02,0.01],
[0.01,0.03,0.01,0.01,0.02,0.01,0.02,0.02,0],
[0.01,0.03,0.01,0.02,0.01,0.01,0.02,0.02,0.01],
[0,0,0,0,0,0,0,0,0],
[0,0,0,0,0,0,0,0,0],
[0,0,0,0,0,0,0,0,0],
[0,0,0,0,0,0,0,0,0],
[0,0,0,0,0,0,0,0,0],
[0,0,0,0,0,0,0,0,0],
[0,0.02,0,0,0,0,0.04,0.02,0],
[0.04,0.02,0.02,0,0.01,0.01,0,0,0.01],
[0.04,0,0,0.04,0.01,0.02,0.02,0,0.02],
[0.02,0.01,0.04,0.02,0,0,0,0.04,0.02],
[0,0.01,0.02,0,0,0,0.04,0.04,0],
[0.02,0.04,0.01,0,0.01,0.01,0.03,0.01,0],
[0.03,0.01,0.01,0.02,0,0.01,0.01,0,0.02],
[0.02,0.01,0.03,0.02,0.01,0.01,0.02,0.02,0.01],
[0.01,0,0.02,0.02,0,0,0.02,0.03,0.01],
[0.02,0.03,0.01,0.02,0.01,0.01,0.02,0.02,0.02],
[0.02,0.01,0.02,0.02,0.01,0.01,0.02,0.02,0.02],
[0.02,0.01,0.02,0.02,0.01,0.01,0.02,0.02,0.01],
[0.02,0.02,0.02,0.01,0.01,0.01,0.02,0.02,0.02],
[0.02,0.01,0.02,0.02,0.01,0.01,0.02,0.02,0.01],
[0.01,0.02,0.01,0.01,0.01,0.01,0.02,0.02,0.01],
[0,0,0,0,0,0,0,0,0],
[0,0,0,0,0,0,0,0,0],
[0,0,0,0,0,0,0,0,0],
[0,0,0,0,0,0,0,0,0],
[0,0,0,0,0,0,0,0,0],
[0,0,0,0,0,0,0,0,0],
[0.01,0.02,0.01,0.04,0.02,0,0.02,0,0.01],
[0.04,0,0,0,0.01,0,0.02,0.02,0.01],
[0.08,0,0,0,0.01,0,0.02,0,0.02],
[0.04,0,0.02,0.04,0.01,0.02,0,0.08,0.04],
[0,0.08,0.01,0.04,0,0,0,0.04,0],
[0.02,0.01,0,0.03,0.01,0,0.04,0.02,0],
[0.04,0,0,0,0,0,0.01,0.01,0.01],
[0.04,0,0.01,0.03,0,0.02,0.01,0.05,0.02],
[0.03,0.05,0.01,0.03,0.01,0.01,0,0.04,0.03],
[0.03,0.01,0.01,0.02,0.01,0,0.03,0.02,0.01],
[0.03,0,0.01,0.02,0,0.02,0.01,0.04,0.02],
[0.03,0.04,0.01,0.02,0.01,0.02,0.01,0.04,0.02],
[0.03,0.01,0.01,0.03,0.01,0.02,0.02,0.03,0.01],
[0.03,0.03,0.01,0.02,0.01,0.02,0.01,0.03,0.02],
[0.02,0.03,0.01,0.02,0.01,0.02,0.02,0.03,0.01],
[0,0,0,0,0,0,0,0,0],
[0,0,0,0,0,0,0,0,0],
[0,0,0,0,0,0,0,0,0],
[0,0,0,0,0,0,0,0,0],
[0,0,0,0,0,0,0,0,0],
[0,0,0,0,0,0,0,0,0],
[0,0.01,0,0,0.01,0.02,0,0.01,0.08],
[0.04,0.01,0,0.04,0.02,0.08,0,0.02,0],
[0,0.02,0.02,0.02,0,0,0,0.04,0.08],
[0,0.04,0.01,0.01,0,0.04,0.02,0,0.04],
[0.02,0,0,0.01,0,0,0,0.02,0],
[0.02,0,0,0.02,0.01,0.04,0,0.02,0.05],
[0.03,0.01,0.02,0.02,0.01,0.04,0.01,0.02,0.05],
[0,0.02,0.01,0.01,0,0.04,0.01,0.04,0.04],
[0.01,0.02,0.01,0,0,0.02,0.01,0.01,0.03],
[0.02,0.01,0.02,0.02,0.01,0.03,0.01,0.02,0.05],
[0.03,0.02,0.02,0.02,0.02,0.04,0.01,0.03,0.04],
[0.01,0.02,0.01,0.01,0,0.03,0.01,0.03,0.03],
[0.03,0.01,0.02,0.01,0.01,0.03,0.01,0.02,0.04],
[0.02,0.01,0.01,0.01,0.01,0.03,0.01,0.02,0.03],
[0.02,0.01,0.01,0.01,0.01,0.03,0.01,0.02,0.03],
[0,0,0,0,0,0,0,0,0],
[0,0,0,0,0,0,0,0,0],
[0,0,0,0,0,0,0,0,0],
[0,0,0,0,0,0,0,0,0],
[0,0,0,0,0,0,0,0,0],
[0,0,0,0,0,0,0,0,0],
[0.02,0.08,0,0,0,0,0.02,0,0],
[0.02,0,0.01,0,0,0,0,0.02,0],
[0.02,0,0,0.02,0.02,0,0.02,0,0],
[0.01,0.04,0,0.04,0,0.01,0,0.02,0.02],
[0.02,0,0,0,0,0,0,0,0.01],
[0.04,0.04,0,0,0,0,0.01,0.01,0],
[0.01,0,0.01,0.02,0.02,0,0.02,0.01,0],
[0.02,0.03,0,0.02,0.01,0,0.01,0.01,0.01],
[0.01,0.02,0,0.02,0,0.01,0,0.01,0.01],
[0.03,0.03,0.01,0.02,0.02,0,0.02,0.01,0],
[0.02,0.03,0.01,0.02,0.02,0.01,0.02,0.01,0.01],
[0.02,0.02,0,0.02,0.01,0.01,0.01,0.01,0.01],
[0.02,0.03,0.01,0.02,0.02,0.01,0.01,0.01,0.01],
[0.01,0.03,0.01,0.02,0.02,0.01,0.02,0.01,0.01],
[0.02,0.03,0.01,0.01,0.02,0.01,0.01,0.01,0.01],
[0,0,0,0,0,0,0,0,0],
[0,0,0,0,0,0,0,0,0],
[0,0,0,0,0,0,0,0,0],
[0,0,0,0,0,0,0,0,0],
[0,0,0,0,0,0,0,0,0],
[0,0,0,0,0,0,0,0,0],
[0.02,0,0.02,0,0.02,0.04,0.01,0.01,0],
[0.01,0.01,0,0,0,0.02,0,0,0.04],
[0,0.01,0,0.02,0.04,0,0,0,0],
[0.01,0.01,0.04,0.08,0.08,0.02,0,0,0],
[0,0,0,0,0,0.04,0.02,0,0.04],
[0.01,0.01,0.02,0.01,0.01,0.02,0,0,0.03],
[0,0,0.01,0.01,0.02,0.01,0,0,0.03],
[0,0,0.02,0.04,0.04,0.01,0,0,0],
[0,0,0.04,0.04,0.04,0.02,0.02,0,0.02],
[0.01,0.01,0.03,0.01,0.03,0.02,0.01,0.01,0.03],
[0,0,0.02,0.03,0.03,0.01,0,0,0.03],
[0,0,0.03,0.03,0.03,0.02,0.02,0,0.02],
[0.01,0.01,0.03,0.03,0.03,0.02,0.01,0.01,0.03],
[0,0,0.03,0.03,0.02,0.02,0.01,0,0.03],
[0.01,0.01,0.03,0.03,0.02,0.02,0.01,0.01,0.03],
[0,0,0,0,0,0,0,0,0],
[0,0,0,0,0,0,0,0,0],
[0,0,0,0,0,0,0,0,0],
[0,0,0,0,0,0,0,0,0],
[0,0,0,0,0,0,0,0,0],
[0,0,0,0,0,0,0,0,0],
[0.02,0,0,0,0.02,0,0,0.02,0],
[0,0,0,0,0.04,0,0,0.02,0.02],
[0,0,0,0,0,0.08,0.04,0,0],
[0,0,0.04,0.02,0.02,0,0.01,0,0],
[0.04,0.04,0.08,0,0.04,0.04,0.02,0,0.04],
[0.01,0,0,0,0.02,0,0,0.04,0.01],
[0,0,0,0,0.03,0.05,0.03,0.01,0.02],
[0,0,0.03,0.01,0.01,0.05,0.02,0,0.01],
[0.02,0.03,0.04,0.01,0.02,0.03,0.01,0,0.02],
[0.01,0,0,0,0.02,0.04,0.02,0.03,0.02],
[0,0,0.02,0.01,0.02,0.05,0.02,0.01,0.03],
[0.02,0.02,0.03,0.01,0.02,0.04,0.03,0,0.02],
[0.01,0,0.02,0.01,0.02,0.04,0.02,0.02,0.03],
[0.02,0.02,0.02,0.01,0.03,0.04,0.03,0.01,0.03],
[0.01,0.01,0.02,0.01,0.02,0.03,0.03,0.02,0.03],
[0,0.02,0,0,0,0,0,0.02,0.01],
[0,0.02,0,0.02,0,0,0.02,0.04,0],
[0,0.08,0.01,0.04,0,0.01,0.02,0.01,0.01],
[0.04,0,0,0.02,0,0,0,0,0.08],
[0,0.02,0.02,0.02,0,0.01,0.08,0,0.02],
[0.01,0.02,0,0,0,0,0.02,0.02,0.04],
[0,0.03,0,0.02,0,0,0.02,0.02,0.01],
[0.03,0.04,0.01,0.02,0.01,0.01,0.01,0.02,0.01],
[0.03,0.03,0.01,0.02,0.01,0.01,0.02,0.01,0.03],
[0.02,0.01,0.03,0.01,0.01,0.01,0.04,0.03,0.04],
[0,0.02,0.01,0.02,0,0,0.03,0.03,0.02],
[0.02,0.03,0.01,0.02,0.01,0.01,0.02,0.02,0.01],
[0.03,0.02,0.01,0.02,0.01,0.01,0.02,0.02,0.02],
[0.02,0.02,0.02,0.02,0.01,0.01,0.03,0.02,0.02],
[0.01,0.01,0.02,0.02,0.01,0.01,0.03,0.03,0.03],
[0.02,0.02,0.01,0.02,0.01,0.01,0.02,0.02,0.02],
[0.02,0.02,0.02,0.02,0.01,0.01,0.02,0.02,0.02],
[0.01,0.02,0.01,0.02,0.01,0.01,0.02,0.02,0.02],
[0.02,0.02,0.02,0.02,0.01,0.01,0.02,0.02,0.02],
[0.02,0.02,0.01,0.02,0.01,0.01,0.02,0.02,0.02],
[0.02,0.02,0.01,0.02,0.01,0.01,0.02,0.02,0.02],
[0,0.02,0.02,0,0,0,0.08,0,0],
[0.04,0.02,0,0.02,0.01,0,0,0.01,0.01],
[0.04,0,0.01,0.04,0.01,0.02,0.04,0,0.01],
[0.08,0,0.02,0,0.01,0,0.01,0,0],
[0,0.02,0.04,0,0,0.02,0.02,0,0.02],
[0,0.04,0,0.04,0,0.02,0,0,0.04],
[0.02,0.03,0.01,0.02,0.01,0,0.03,0.01,0],
[0.03,0.01,0.01,0.02,0,0.01,0.02,0.01,0],
[0.04,0,0.01,0.02,0,0.01,0.02,0,0.02],
[0.03,0.01,0.02,0.02,0.01,0.02,0.01,0.04,0.03],
[0,0.03,0.02,0.02,0,0.01,0.02,0.03,0.02],
[0.02,0.02,0.01,0.02,0.01,0.01,0.03,0.01,0],
[0.03,0.01,0.01,0.02,0,0.01,0.01,0.01,0.01],
[0.03,0.01,0.02,0.02,0.01,0.01,0.01,0.03,0.02],
[0.02,0.02,0.01,0.02,0.01,0.02,0.01,0.03,0.03],
[0.03,0.02,0.01,0.02,0.01,0.01,0.02,0.02,0.01],
[0.03,0.01,0.01,0.02,0.01,0.01,0.01,0.02,0.02],
[0.02,0.02,0.01,0.02,0.01,0.01,0.01,0.02,0.02],
[0.02,0.02,0.01,0.02,0.01,0.01,0.02,0.02,0.01],
[0.02,0.02,0.01,0.02,0.01,0.01,0.01,0.02,0.02],
[0.02,0.02,0.01,0.02,0.01,0.01,0.02,0.02,0.02],
[0,0,0.04,0.02,0,0,0.02,0.02,0.04],
[0.04,0,0.02,0,0,0.02,0,0,0.02],
[0.04,0.01,0,0.04,0,0.04,0.04,0.08,0],
[0,0,0.02,0,0.02,0.01,0.02,0,0],
[0.04,0.04,0.01,0,0.02,0.08,0,0.08,0],
[0,0.02,0,0,0,0.04,0,0.01,0],
[0.02,0.01,0.02,0.02,0.01,0.01,0.01,0.01,0.03],
[0.03,0.01,0.01,0.02,0.01,0.03,0.02,0.03,0.01],
[0.03,0.01,0.01,0.02,0.01,0.02,0.03,0.04,0.03],
[0.02,0.02,0.01,0.02,0.02,0.03,0.01,0.04,0.03],
[0.02,0.03,0.01,0.02,0.01,0.04,0,0.03,0],
[0.02,0.01,0.01,0.02,0.01,0.02,0.02,0.02,0.02],
[0.03,0.01,0.01,0.01,0.01,0.02,0.02,0.02,0.03],
[0.03,0.02,0.01,0.02,0.01,0.03,0.02,0.04,0.03],
[0.02,0.03,0.01,0.01,0.01,0.03,0.01,0.02,0.03],
[0.02,0.01,0.01,0.02,0.01,0.02,0.02,0.02,0.03],
[0.03,0.01,0.01,0.02,0.01,0.03,0.01,0.03,0.02],
[0.02,0.02,0.01,0.02,0.01,0.03,0.01,0.03,0.02],
[0.02,0.01,0.01,0.02,0.01,0.02,0.01,0.02,0.02],
[0.02,0.02,0.01,0.02,0.01,0.03,0.01,0.02,0.02],
[0.02,0.02,0.01,0.02,0.01,0.02,0.01,0.02,0.02],
[0.04,0.02,0.04,0,0.02,0,0.01,0,0.02],
[0.02,0.04,0.04,0,0,0,0,0.01,0.04],
[0.04,0,0,0.02,0.02,0.02,0,0,0.02],
[0.01,0.04,0.02,0.02,0,0.01,0.08,0.02,0],
[0,0.04,0,0.02,0,0.04,0.01,0,0],
[0,0.01,0,0,0,0.04,0.02,0.01,0.01],
[0.03,0.03,0.03,0,0.01,0.01,0.01,0,0.03],
[0.02,0.02,0.02,0.02,0.02,0.03,0,0.02,0.02],
[0.02,0.02,0.01,0.01,0.01,0.01,0.03,0.02,0.03],
[0.01,0.03,0.01,0.02,0,0.02,0.03,0.02,0.02],
[0.02,0.02,0,0.01,0.01,0.03,0.01,0.01,0],
[0.03,0.02,0.02,0.01,0.01,0.02,0.01,0.02,0.03],
[0.02,0.02,0.01,0.02,0.02,0.02,0.02,0.01,0.03],
[0.02,0.02,0.01,0.01,0.01,0.02,0.02,0.02,0.02],
[0.01,0.02,0.01,0.01,0,0.02,0.02,0.01,0.02],
[0.02,0.02,0.02,0.02,0.02,0.01,0.02,0.01,0.02],
[0.02,0.02,0.01,0.02,0.02,0.02,0.02,0.02,0.02],
[0.02,0.02,0.01,0.01,0.01,0.02,0.02,0.02,0.02],
[0.02,0.02,0.01,0.01,0.02,0.02,0.01,0.02,0.02],
[0.02,0.02,0.01,0.01,0.02,0.02,0.02,0.02,0.02],
[0.02,0.02,0.01,0.01,0.02,0.02,0.01,0.01,0.02],
[0,0.04,0,0,0.08,0.02,0.01,0,0.02],
[0,0.02,0.01,0,0.02,0,0.02,0.01,0.04],
[0.04,0.02,0,0,0.02,0.01,0.01,0,0],
[0.01,0,0,0.08,0.04,0.01,0,0,0],
[0.01,0,0.01,0.04,0,0.02,0,0.02,0.04],
[0,0,0.04,0.01,0,0,0.04,0.02,0.01],
[0.01,0.03,0.01,0,0.04,0.02,0.01,0,0.02],
[0.02,0.02,0.01,0,0.02,0.01,0.01,0.01,0.02],
[0.02,0.01,0.01,0.03,0.02,0,0.01,0,0],
[0,0.02,0.02,0.04,0.03,0.01,0,0.01,0.02],
[0.01,0,0.02,0.02,0.01,0.02,0.02,0.01,0.02],
[0.02,0.02,0.01,0.01,0.03,0.01,0.01,0.01,0.02],
[0.01,0.01,0.01,0.02,0.02,0.01,0.01,0.01,0.01],
[0.01,0.01,0.01,0.03,0.02,0.01,0.01,0.01,0.01],
[0.01,0.01,0.02,0.03,0.02,0.01,0.01,0.01,0.01],
[0.02,0.02,0.02,0.02,0.03,0.01,0.01,0.01,0.02],
[0.01,0.02,0.01,0.02,0.02,0.01,0.01,0.01,0.02],
[0.01,0.01,0.02,0.02,0.02,0.01,0.01,0.01,0.01],
[0.01,0.02,0.01,0.02,0.03,0.01,0.01,0.01,0.02],
[0.01,0.02,0.01,0.02,0.02,0.01,0.01,0.01,0.02],
[0.01,0.02,0.02,0.02,0.02,0.01,0.01,0.01,0.02],
[0,0,0.04,0.08,0.02,0.04,0,0.04,0],
[0,0,0,0.02,0.02,0,0.04,0,0],
[0.01,0.02,0,0.01,0,0.04,0.04,0.02,0],
[0.01,0.02,0,0.04,0.04,0,0,0.02,0],
[0,0.04,0,0.04,0.04,0.04,0.01,0.02,0],
[0.02,0,0.08,0.01,0,0.04,0.04,0.04,0],
[0.02,0,0.02,0.03,0.03,0.03,0.02,0.02,0],
[0.01,0.01,0,0.01,0.02,0.02,0.03,0.01,0.02],
[0,0.02,0,0.02,0.02,0.03,0.03,0.02,0],
[0.01,0.02,0.03,0.03,0.03,0.02,0.01,0.01,0],
[0.02,0.02,0.04,0.02,0.02,0.03,0.02,0.02,0.03],
[0.01,0.01,0.01,0.02,0.02,0.03,0.02,0.02,0.02],
[0.01,0.01,0.01,0.02,0.02,0.03,0.03,0.01,0.02],
[0.01,0.02,0.02,0.02,0.02,0.03,0.02,0.01,0.01],
[0.01,0.02,0.04,0.02,0.03,0.02,0.01,0.02,0.02],
[0.01,0.01,0.01,0.02,0.02,0.03,0.02,0.02,0.02],
[0.01,0.01,0.02,0.02,0.02,0.03,0.02,0.01,0.03],
[0.01,0.02,0.03,0.02,0.02,0.03,0.02,0.02,0.01],
[0.01,0.01,0.02,0.02,0.02,0.03,0.02,0.01,0.03],
[0.01,0.02,0.02,0.02,0.02,0.03,0.02,0.01,0.02],
[0.01,0.01,0.02,0.02,0.02,0.03,0.02,0.02,0.03],
[0,0.01,0.01,0,0,0,0.05,0.01,0],
[0.02,0.01,0,0.01,0.01,0,0.01,0.02,0.01],
[0.04,0.04,0,0.03,0,0.01,0.02,0.01,0],
[0.04,0,0.02,0.01,0.01,0,0.01,0,0.04],
[0,0.01,0.02,0.02,0.01,0.01,0.04,0,0.01],
[0.01,0.02,0,0.02,0,0.01,0.01,0.01,0.03],
[0.01,0.02,0.01,0.02,0.01,0,0.03,0.01,0.01],
[0.03,0.03,0.01,0.02,0.01,0.01,0.01,0.02,0.01],
[0.03,0.02,0.01,0.02,0.01,0.01,0.01,0.01,0.02],
[0.02,0.01,0.02,0.02,0.01,0.01,0.02,0.04,0.03],
[0.01,0.03,0.01,0.02,0.01,0.01,0.02,0.03,0.02],
[0.02,0.02,0.01,0.02,0.01,0,0.02,0.02,0],
[0.03,0.02,0.01,0.01,0.01,0,0.01,0.02,0.02],
[0.02,0.02,0.01,0.02,0.01,0.01,0.02,0.03,0.02],
[0.02,0.02,0.01,0.02,0.01,0.01,0.02,0.03,0.03],
[0.02,0.02,0.01,0.02,0.01,0,0.02,0.02,0.01],
[0.02,0.02,0.01,0.02,0.01,0.01,0.02,0.03,0.02],
[0.02,0.02,0.01,0.02,0.01,0.01,0.02,0.02,0.02],
[0.02,0.02,0.01,0.02,0.01,0.01,0.02,0.02,0.01],
[0.02,0.02,0.01,0.02,0.01,0.01,0.02,0.02,0.02],
[0.02,0.02,0.01,0.02,0.01,0.01,0.02,0.02,0.02],
[0,0.01,0.02,0.01,0,0,0.04,0.01,0.03],
[0.03,0.01,0.01,0.01,0,0.01,0,0,0.01],
[0.03,0.01,0.01,0.03,0.01,0.02,0.03,0.04,0.01],
[0.04,0,0.01,0,0.01,0.01,0.02,0,0],
[0.02,0.02,0.02,0,0.01,0.04,0.01,0.04,0.01],
[0,0.02,0,0.02,0,0.02,0,0.01,0.02],
[0.01,0.02,0.01,0.01,0.01,0.01,0.02,0.01,0.02],
[0.03,0.01,0.01,0.02,0.01,0.02,0.01,0.02,0.01],
[0.03,0.01,0.01,0.02,0.01,0.01,0.02,0.02,0.03],
[0.03,0.02,0.02,0.01,0.01,0.02,0.02,0.03,0.03],
[0.01,0.02,0.01,0.01,0,0.03,0.01,0.03,0.01],
[0.02,0.02,0.01,0.02,0.01,0.01,0.02,0.02,0.02],
[0.03,0.01,0.01,0.02,0.01,0.02,0.01,0.02,0.02],
[0.02,0.01,0.01,0.02,0.01,0.02,0.02,0.03,0.02],
[0.02,0.02,0.01,0.02,0.01,0.02,0.01,0.02,0.03],
[0.02,0.01,0.01,0.02,0.01,0.01,0.02,0.02,0.02],
[0.03,0.01,0.01,0.02,0.01,0.02,0.01,0.02,0.02],
[0.02,0.02,0.01,0.02,0.01,0.02,0.01,0.02,0.02],
[0.02,0.02,0.01,0.02,0.01,0.02,0.02,0.02,0.02],
[0.02,0.01,0.01,0.02,0.01,0.02,0.01,0.02,0.02],
[0.02,0.02,0.01,0.02,0.01,0.02,0.01,0.02,0.02],
[0.02,0.01,0.03,0.02,0.02,0,0.02,0.01,0.02],
[0.02,0.04,0.02,0,0,0.01,0,0,0.02],
[0.03,0.01,0,0.02,0.01,0.02,0.02,0.04,0.01],
[0.01,0.03,0.01,0.02,0.01,0,0.04,0.02,0],
[0.02,0.03,0,0.02,0.01,0.04,0,0.04,0],
[0,0.02,0,0,0,0.03,0.01,0,0.01],
[0.02,0.02,0.02,0.01,0.01,0.01,0.01,0.01,0.02],
[0.02,0.02,0.01,0.01,0.01,0.02,0.01,0.02,0.01],
[0.03,0.02,0.01,0.02,0.01,0.01,0.03,0.03,0.02],
[0.01,0.02,0.01,0.02,0.01,0.02,0.02,0.03,0.02],
[0.02,0.03,0.01,0.01,0.01,0.03,0.01,0.02,0.01],
[0.02,0.02,0.01,0.02,0.01,0.01,0.01,0.02,0.02],
[0.02,0.02,0.01,0.02,0.01,0.01,0.02,0.02,0.02],
[0.02,0.02,0.01,0.02,0.01,0.02,0.02,0.03,0.02],
[0.02,0.03,0.01,0.01,0.01,0.02,0.02,0.02,0.02],
[0.02,0.02,0.01,0.02,0.01,0.01,0.02,0.02,0.02],
[0.02,0.02,0.01,0.02,0.01,0.02,0.01,0.02,0.02],
[0.02,0.02,0.01,0.01,0.01,0.02,0.02,0.02,0.02],
[0.02,0.02,0.01,0.02,0.01,0.01,0.01,0.02,0.02],
[0.02,0.02,0.01,0.01,0.01,0.02,0.01,0.02,0.02],
[0.02,0.02,0.01,0.01,0.01,0.02,0.01,0.02,0.02],
[0.03,0.02,0.04,0.01,0.04,0.01,0,0,0.04],
[0.01,0.02,0.02,0,0.01,0,0.01,0,0.03],
[0.03,0.01,0,0.01,0.01,0.01,0.01,0.01,0.02],
[0,0.02,0.02,0.04,0.03,0,0.05,0.01,0],
[0.01,0.02,0,0.02,0,0.02,0,0.02,0.03],
[0,0,0.03,0,0,0.03,0.02,0.01,0],
[0.03,0.02,0.03,0,0.02,0.02,0.01,0,0.03],
[0.02,0.01,0.01,0.01,0.01,0.02,0.01,0.01,0.02],
[0.01,0.01,0.01,0.02,0.02,0.01,0.03,0.01,0.02],
[0.01,0.02,0.01,0.03,0.02,0.02,0.02,0.02,0.02],
[0.01,0.01,0.01,0.01,0.01,0.03,0.01,0.01,0.01],
[0.02,0.02,0.02,0.01,0.02,0.02,0.01,0.01,0.03],
[0.02,0.02,0.01,0.02,0.02,0.02,0.02,0.01,0.03],
[0.01,0.02,0.01,0.02,0.02,0.02,0.02,0.02,0.02],
[0.01,0.01,0.02,0.02,0.01,0.02,0.02,0.01,0.02],
[0.02,0.02,0.02,0.02,0.02,0.01,0.01,0.01,0.03],
[0.01,0.02,0.01,0.02,0.02,0.02,0.02,0.01,0.02],
[0.01,0.01,0.01,0.02,0.01,0.02,0.02,0.01,0.02],
[0.02,0.02,0.02,0.02,0.02,0.02,0.01,0.01,0.02],
[0.01,0.01,0.01,0.02,0.02,0.02,0.02,0.01,0.02],
[0.02,0.01,0.02,0.02,0.02,0.02,0.01,0.01,0.02],
[0,0.03,0.02,0.04,0.04,0.02,0.01,0.03,0.01],
[0,0.01,0,0.01,0.01,0,0.02,0,0.03],
[0.02,0.01,0,0,0.01,0.02,0.02,0.02,0],
[0,0.01,0,0.04,0.03,0.01,0,0.01,0],
[0.01,0.04,0.01,0.03,0.02,0.02,0,0.01,0.03],
[0.02,0,0.04,0,0.01,0.03,0.03,0.02,0],
[0.01,0.02,0.01,0.02,0.03,0.02,0.01,0.01,0.02],
[0.01,0.01,0.01,0.01,0.02,0.01,0.02,0.01,0.02],
[0.01,0.01,0,0.02,0.02,0.02,0.02,0.02,0],
[0.01,0.03,0.02,0.03,0.02,0.01,0.01,0.01,0.01],
[0.01,0.02,0.03,0.01,0.01,0.02,0.01,0.02,0.02],
[0.02,0.02,0.01,0.02,0.02,0.02,0.02,0.01,0.02],
[0.01,0.01,0.01,0.02,0.02,0.02,0.02,0.01,0.02],
[0.01,0.02,0.02,0.02,0.02,0.02,0.02,0.01,0.01],
[0.01,0.02,0.02,0.02,0.02,0.02,0.01,0.01,0.02],
[0.01,0.01,0.01,0.02,0.02,0.02,0.02,0.01,0.02],
[0.01,0.02,0.01,0.02,0.02,0.02,0.02,0.01,0.02],
[0.01,0.02,0.02,0.01,0.02,0.02,0.02,0.01,0.01],
[0.01,0.02,0.01,0.02,0.02,0.02,0.02,0.01,0.02],
[0.01,0.02,0.02,0.01,0.02,0.02,0.02,0.01,0.02],
[0.01,0.02,0.02,0.02,0.02,0.02,0.02,0.01,0.02],
[0,0.01,0.02,0.01,0,0,0.04,0.01,0.02],
[0.02,0.01,0.01,0.01,0.01,0.01,0.01,0.02,0.01],
[0.03,0.03,0.01,0.03,0.01,0.02,0.02,0.03,0.01],
[0.03,0,0.02,0.01,0.01,0.01,0.03,0,0.04],
[0.02,0.02,0.02,0.02,0.01,0.03,0.03,0.04,0.01],
[0.01,0.02,0,0.02,0,0.02,0.01,0.01,0.02],
[0.01,0.02,0.01,0.02,0.01,0.01,0.02,0.01,0.02],
[0.03,0.02,0.01,0.02,0.01,0.02,0.01,0.02,0.01],
[0.03,0.02,0.01,0.02,0.01,0.01,0.02,0.02,0.03],
[0.02,0.01,0.02,0.01,0.01,0.02,0.02,0.03,0.03],
[0.01,0.02,0.01,0.01,0,0.02,0.01,0.03,0.01],
[0.02,0.02,0.01,0.02,0.01,0.01,0.02,0.02,0.01],
[0.03,0.01,0.01,0.02,0.01,0.01,0.02,0.02,0.02],
[0.02,0.02,0.01,0.02,0.01,0.02,0.02,0.03,0.02],
[0.01,0.02,0.01,0.01,0.01,0.02,0.02,0.02,0.03],
[0.02,0.02,0.01,0.02,0.01,0.01,0.02,0.02,0.02],
[0.02,0.02,0.01,0.02,0.01,0.02,0.02,0.02,0.02],
[0.02,0.02,0.01,0.02,0.01,0.01,0.02,0.02,0.02],
[0.02,0.02,0.01,0.02,0.01,0.01,0.02,0.02,0.02],
[0.02,0.02,0.01,0.02,0.01,0.01,0.01,0.02,0.02],
[0.02,0.02,0.01,0.02,0.01,0.01,0.02,0.02,0.02],
[0.02,0.03,0.02,0.02,0.02,0,0.03,0.01,0.02],
[0.02,0.03,0.02,0.01,0.01,0.01,0,0,0.02],
[0.03,0.02,0.01,0.02,0.01,0.02,0.02,0.03,0.01],
[0.03,0.02,0.01,0.02,0.01,0.01,0.03,0.02,0],
[0.02,0.02,0.02,0.02,0.01,0.03,0.01,0.03,0.01],
[0,0.02,0,0.02,0,0.02,0.02,0.01,0.02],
[0.02,0.02,0.02,0.01,0.01,0.01,0.02,0.01,0.02],
[0.02,0.02,0.01,0.02,0.01,0.02,0.01,0.02,0.01],
[0.03,0.02,0.01,0.02,0.01,0.01,0.02,0.03,0.02],
[0.02,0.02,0.01,0.02,0.01,0.02,0.02,0.03,0.02],
[0.01,0.02,0.01,0.01,0,0.02,0.01,0.02,0.01],
[0.02,0.02,0.01,0.02,0.01,0.01,0.02,0.01,0.01],
[0.02,0.02,0.01,0.02,0.01,0.01,0.02,0.02,0.02],
[0.02,0.02,0.01,0.02,0.01,0.01,0.02,0.03,0.02],
[0.02,0.02,0.01,0.02,0.01,0.02,0.02,0.02,0.02],
[0.02,0.02,0.01,0.02,0.01,0.01,0.02,0.02,0.02],
[0.02,0.02,0.01,0.02,0.01,0.01,0.01,0.02,0.02],
[0.02,0.02,0.01,0.02,0.01,0.02,0.02,0.02,0.02],
[0.02,0.02,0.01,0.02,0.01,0.01,0.02,0.02,0.02],
[0.02,0.02,0.01,0.02,0.01,0.02,0.01,0.02,0.02],
[0.02,0.02,0.01,0.02,0.01,0.01,0.02,0.02,0.02],
[0.02,0.02,0.03,0.03,0.03,0.02,0.02,0.01,0.03],
[0.02,0.03,0.02,0,0.01,0.01,0.01,0,0.02],
[0.03,0.01,0,0.02,0.01,0.02,0.02,0.03,0.02],
[0.01,0.02,0.02,0.03,0.02,0,0.04,0.02,0],
[0.02,0.02,0,0.02,0.01,0.03,0,0.03,0.03],
[0,0.02,0.02,0.01,0,0.02,0.02,0.01,0.01],
[0.02,0.02,0.02,0.01,0.02,0.01,0.01,0.01,0.02],
[0.02,0.02,0.01,0.01,0.01,0.02,0.01,0.01,0.02],
[0.02,0.01,0.01,0.02,0.01,0.01,0.02,0.02,0.02],
[0.01,0.02,0.01,0.03,0.02,0.02,0.02,0.02,0.02],
[0.01,0.02,0.01,0.01,0.01,0.03,0.01,0.02,0.02],
[0.02,0.01,0.02,0.02,0.02,0.02,0.01,0.01,0.02],
[0.02,0.02,0.01,0.02,0.01,0.01,0.02,0.02,0.02],
[0.02,0.02,0.01,0.02,0.02,0.02,0.02,0.02,0.02],
[0.01,0.02,0.01,0.02,0.01,0.02,0.02,0.02,0.02],
[0.02,0.02,0.02,0.02,0.02,0.01,0.02,0.01,0.02],
[0.02,0.02,0.01,0.02,0.02,0.02,0.01,0.02,0.02],
[0.02,0.02,0.01,0.02,0.01,0.02,0.01,0.02,0.02],
[0.02,0.02,0.01,0.02,0.02,0.02,0.01,0.02,0.02],
[0.02,0.02,0.01,0.02,0.01,0.02,0.01,0.02,0.02],
[0.02,0.02,0.01,0.02,0.02,0.02,0.01,0.01,0.02],
[0.02,0.02,0.03,0.03,0.03,0.02,0.01,0.02,0.04],
[0.01,0.02,0.02,0.01,0.01,0,0.02,0,0.02],
[0.02,0.01,0,0.01,0.01,0.03,0.02,0.03,0.02],
[0,0.03,0.02,0.03,0.02,0.01,0.04,0.01,0],
[0.02,0.03,0.01,0.02,0.02,0.03,0,0.02,0.03],
[0.02,0,0.03,0,0.01,0.03,0.02,0.02,0],
[0.02,0.02,0.02,0.02,0.02,0.02,0.01,0.01,0.03],
[0.01,0.01,0.01,0.01,0.02,0.02,0.01,0.01,0.02],
[0.01,0.02,0.01,0.02,0.01,0.02,0.03,0.02,0.01],
[0.01,0.03,0.02,0.02,0.02,0.02,0.02,0.01,0.02],
[0.01,0.02,0.02,0.01,0.01,0.03,0.01,0.01,0.02],
[0.02,0.01,0.02,0.02,0.02,0.02,0.01,0.02,0.02],
[0.01,0.02,0.01,0.02,0.02,0.02,0.02,0.01,0.02],
[0.01,0.02,0.01,0.02,0.02,0.02,0.02,0.02,0.02],
[0.01,0.02,0.02,0.01,0.01,0.02,0.02,0.01,0.02],
[0.01,0.02,0.01,0.02,0.02,0.02,0.02,0.01,0.02],
[0.01,0.02,0.01,0.02,0.02,0.02,0.02,0.01,0.02],
[0.01,0.02,0.02,0.01,0.01,0.02,0.02,0.02,0.02],
[0.01,0.02,0.02,0.02,0.02,0.02,0.02,0.01,0.02],
[0.01,0.02,0.01,0.01,0.02,0.02,0.02,0.01,0.02],
[0.01,0.02,0.02,0.02,0.02,0.02,0.02,0.01,0.02],
[0.02,0.02,0.02,0.02,0.02,0,0.03,0.01,0.02],
[0.02,0.03,0.01,0.01,0.01,0.01,0.01,0.02,0.02],
[0.03,0.03,0.01,0.02,0.01,0.01,0.02,0.03,0.01],
[0.02,0.02,0.02,0.02,0.01,0.01,0.03,0.02,0.03],
[0.01,0.02,0.01,0.02,0.01,0.02,0.02,0.03,0.01],
[0.01,0.02,0,0.01,0,0.02,0.01,0.01,0.02],
[0.02,0.02,0.01,0.02,0.01,0,0.02,0.01,0.02],
[0.02,0.02,0.01,0.02,0.01,0.01,0.01,0.02,0.01],
[0.03,0.02,0.01,0.02,0.01,0.01,0.02,0.02,0.02],
[0.02,0.02,0.01,0.02,0.01,0.01,0.02,0.03,0.03],
[0.01,0.02,0.01,0.01,0.01,0.02,0.02,0.02,0.01],
[0.02,0.02,0.01,0.02,0.01,0.01,0.02,0.01,0.01],
[0.02,0.02,0.01,0.02,0.01,0.01,0.02,0.02,0.02],
[0.02,0.02,0.01,0.02,0.01,0.01,0.02,0.02,0.02],
[0.01,0.02,0.01,0.01,0.01,0.01,0.02,0.02,0.02],
[0.02,0.02,0.01,0.02,0.01,0.01,0.02,0.02,0.02],
[0.02,0.02,0.01,0.02,0.01,0.01,0.02,0.02,0.02],
[0.02,0.02,0.01,0.02,0.01,0.01,0.02,0.02,0.02],
[0.02,0.02,0.01,0.02,0.01,0.01,0.02,0.02,0.02],
[0.02,0.02,0.01,0.01,0.01,0.01,0.02,0.02,0.02],
[0.02,0.02,0.01,0.02,0.01,0.01,0.02,0.02,0.02],
[0.02,0.02,0.03,0.03,0.02,0.02,0.02,0.01,0.02],
[0.02,0.02,0.01,0.01,0.01,0.01,0.01,0,0.02],
[0.03,0.01,0.01,0.02,0.01,0.01,0.02,0.03,0.01],
[0.02,0.02,0.02,0.02,0.02,0.01,0.03,0.02,0],
[0.01,0.02,0.02,0.02,0.01,0.03,0.01,0.03,0.02],
[0,0.02,0.02,0.01,0,0.02,0.02,0.01,0.01],
[0.02,0.02,0.02,0.02,0.02,0.01,0.01,0.01,0.02],
[0.02,0.02,0.01,0.02,0.01,0.01,0.01,0.01,0.01],
[0.02,0.01,0.01,0.02,0.01,0.01,0.02,0.02,0.02],
[0.02,0.02,0.02,0.02,0.02,0.01,0.02,0.02,0.02],
[0.01,0.02,0.01,0.01,0,0.02,0.01,0.02,0.02],
[0.02,0.02,0.01,0.02,0.01,0.01,0.01,0.01,0.02],
[0.02,0.02,0.01,0.02,0.01,0.01,0.02,0.02,0.02],
[0.02,0.01,0.01,0.02,0.01,0.01,0.02,0.02,0.02],
[0.01,0.02,0.01,0.02,0.01,0.02,0.02,0.02,0.02],
[0.02,0.02,0.01,0.02,0.01,0.01,0.02,0.01,0.02],
[0.02,0.02,0.01,0.02,0.01,0.01,0.01,0.02,0.02],
[0.02,0.01,0.01,0.02,0.01,0.02,0.02,0.02,0.02],
[0.02,0.02,0.01,0.02,0.02,0.01,0.01,0.02,0.02],
[0.02,0.02,0.01,0.02,0.01,0.02,0.01,0.02,0.02],
[0.02,0.02,0.01,0.02,0.01,0.02,0.01,0.02,0.02],
[0.02,0.02,0.03,0.03,0.02,0.02,0.01,0.02,0.03],
[0.01,0.03,0.01,0.01,0.01,0.01,0.01,0,0.02],
[0.02,0.01,0,0.01,0.01,0.03,0.03,0.03,0.01],
[0.01,0.03,0.01,0.03,0.02,0.01,0.03,0.02,0],
[0.02,0.03,0.01,0.02,0.02,0.03,0,0.03,0.03],
[0.02,0.02,0.02,0.01,0,0.03,0.02,0.01,0.01],
[0.02,0.02,0.02,0.02,0.02,0.01,0.01,0.01,0.02],
[0.02,0.02,0.01,0.01,0.01,0.02,0.02,0.02,0.02],
[0.02,0.02,0.01,0.02,0.01,0.02,0.02,0.02,0.01],
[0.01,0.03,0.02,0.02,0.02,0.02,0.01,0.02,0.02],
[0.01,0.02,0.02,0.01,0.01,0.03,0.01,0.02,0.02],
[0.02,0.01,0.01,0.02,0.02,0.02,0.01,0.02,0.02],
[0.02,0.02,0.01,0.01,0.01,0.02,0.02,0.01,0.02],
[0.02,0.02,0.01,0.02,0.01,0.02,0.02,0.02,0.02],
[0.01,0.02,0.02,0.02,0.01,0.02,0.01,0.02,0.02],
[0.02,0.02,0.01,0.02,0.02,0.02,0.02,0.02,0.02],
[0.02,0.02,0.01,0.02,0.02,0.02,0.02,0.02,0.02],
[0.02,0.02,0.01,0.01,0.01,0.02,0.02,0.02,0.02],
[0.02,0.02,0.01,0.02,0.02,0.02,0.02,0.02,0.02],
[0.01,0.02,0.01,0.01,0.02,0.02,0.02,0.02,0.02],
[0.02,0.02,0.01,0.02,0.02,0.02,0.02,0.02,0.02],
[0.02,0.02,0.02,0.03,0.02,0.01,0.02,0.01,0.02],
[0.01,0.02,0.01,0.01,0.01,0.01,0.01,0.01,0.02],
[0.03,0.02,0.01,0.02,0.01,0.01,0.01,0.02,0.01],
[0.02,0.01,0.02,0.02,0.02,0.01,0.03,0.02,0.02],
[0.01,0.02,0.01,0.02,0.01,0.02,0.02,0.03,0.02],
[0.01,0.02,0.01,0.01,0,0.02,0.01,0.01,0.01],
[0.02,0.02,0.02,0.02,0.02,0.01,0.01,0.01,0.02],
[0.02,0.02,0.01,0.01,0.01,0.01,0.01,0.01,0.01],
[0.02,0.02,0.01,0.02,0.01,0.01,0.02,0.02,0.02],
[0.01,0.01,0.02,0.02,0.02,0.01,0.02,0.02,0.03],
[0.01,0.02,0.01,0.01,0.01,0.02,0.01,0.02,0.02],
[0.02,0.02,0.01,0.02,0.01,0.01,0.01,0.01,0.01],
[0.02,0.02,0.01,0.02,0.01,0.01,0.02,0.02,0.02],
[0.02,0.02,0.01,0.02,0.01,0.01,0.02,0.02,0.02],
[0.01,0.02,0.01,0.02,0.01,0.02,0.02,0.02,0.02],
[0.02,0.02,0.01,0.02,0.01,0.01,0.02,0.01,0.02],
[0.02,0.02,0.01,0.02,0.01,0.01,0.02,0.02,0.02],
[0.01,0.02,0.01,0.02,0.01,0.01,0.02,0.02,0.02],
[0.02,0.02,0.01,0.02,0.01,0.01,0.02,0.02,0.02],
[0.02,0.02,0.01,0.02,0.01,0.01,0.01,0.02,0.02],
[0.02,0.02,0.01,0.02,0.01,0.01,0.02,0.02,0.02],
[0.02,0.02,0.02,0.03,0.02,0.01,0.02,0.02,0.02],
[0.01,0.02,0.01,0.01,0.01,0.01,0.01,0,0.02],
[0.02,0.01,0.01,0.01,0.01,0.02,0.02,0.03,0.01],
[0.02,0.03,0.02,0.02,0.02,0.01,0.02,0.02,0],
[0.01,0.03,0.02,0.02,0.01,0.03,0.01,0.02,0.03],
[0.01,0.01,0.02,0.01,0,0.02,0.02,0.01,0.01],
[0.02,0.02,0.02,0.02,0.02,0.01,0.01,0.01,0.02],
[0.02,0.02,0.01,0.01,0.01,0.02,0.02,0.01,0.01],
[0.02,0.02,0.01,0.02,0.01,0.02,0.02,0.02,0.01],
[0.01,0.02,0.02,0.02,0.02,0.02,0.01,0.02,0.02],
[0.01,0.02,0.02,0.01,0.01,0.02,0.01,0.02,0.02],
[0.02,0.02,0.01,0.02,0.01,0.02,0.02,0.01,0.02],
[0.02,0.02,0.01,0.02,0.01,0.02,0.02,0.01,0.02],
[0.02,0.02,0.01,0.02,0.01,0.02,0.02,0.02,0.02],
[0.01,0.02,0.02,0.02,0.01,0.02,0.01,0.02,0.02],
[0.02,0.02,0.01,0.02,0.01,0.02,0.02,0.02,0.02],
[0.02,0.02,0.01,0.02,0.01,0.02,0.02,0.02,0.02],
[0.01,0.02,0.01,0.02,0.01,0.02,0.02,0.02,0.02],
[0.02,0.02,0.01,0.02,0.02,0.02,0.02,0.02,0.02],
[0.02,0.02,0.01,0.01,0.01,0.02,0.02,0.02,0.02],
[0.02,0.02,0.01,0.02,0.01,0.02,0.02,0.02,0.02],
[0.02,0.02,0.02,0.03,0.02,0.01,0.02,0.02,0.02],
[0.01,0.02,0.01,0.01,0.01,0.01,0.01,0.01,0.01],
[0.02,0.02,0.01,0.02,0.01,0.02,0.02,0.02,0.01],
[0.02,0.02,0.02,0.02,0.01,0.01,0.02,0.02,0.02],
[0.01,0.03,0.02,0.02,0.01,0.02,0.02,0.03,0.03],
[0.01,0.01,0.02,0.01,0,0.02,0.02,0.01,0.01],
[0.02,0.02,0.01,0.02,0.02,0.01,0.02,0.01,0.02],
[0.02,0.02,0.01,0.01,0.01,0.01,0.02,0.02,0.01],
[0.02,0.02,0.01,0.02,0.01,0.01,0.02,0.02,0.02],
[0.01,0.02,0.02,0.02,0.01,0.02,0.02,0.02,0.03],
[0.01,0.02,0.02,0.01,0.01,0.02,0.01,0.02,0.02],
[0.02,0.02,0.01,0.02,0.01,0.01,0.02,0.01,0.01],
[0.02,0.02,0.01,0.02,0.01,0.01,0.02,0.02,0.02],
[0.02,0.02,0.01,0.02,0.01,0.02,0.02,0.02,0.02],
[0.01,0.02,0.02,0.02,0.01,0.02,0.02,0.02,0.02],
[0.02,0.02,0.01,0.02,0.01,0.01,0.02,0.02,0.02],
[0.02,0.02,0.01,0.02,0.02,0.02,0.02,0.02,0.02],
[0.01,0.02,0.01,0.01,0.01,0.02,0.02,0.02,0.02],
[0.02,0.02,0.01,0.02,0.01,0.02,0.02,0.02,0.02],
[0.01,0.02,0.01,0.01,0.01,0.02,0.02,0.02,0.02],
[0.02,0.02,0.01,0.02,0.01,0.02,0.02,0.02,0.02]]
[[0.14,0.17,0.17,0.12,0.14,0.12,0.12,0.14,0.17],
[0.14,0.17,0.17,0.12,0.14,0.12,0.12,0.14,0.17],
[0.14,0.17,0.17,0.12,0.14,0.12,0.12,0.14,0.17],
[0.14,0.17,0.17,0.12,0.14,0.12,0.12,0.14,0.17],
[0.14,0.17,0.17,0.12,0.14,0.12,0.12,0.14,0.17],
[0.14,0.17,0.17,0.12,0.14,0.12,0.12,0.14,0.17],
[0.29,0.33,0.33,0.24,0.29,0.24,0.24,0.29,0.33],
[0.29,0.33,0.33,0.24,0.29,0.24,0.24,0.29,0.33],
[0.29,0.33,0.33,0.24,0.29,0.24,0.24,0.29,0.33],
[0.29,0.33,0.33,0.24,0.29,0.24,0.24,0.29,0.33],
[0.29,0.33,0.33,0.24,0.29,0.24,0.24,0.29,0.33],
[0.43,0.5,0.5,0.36,0.43,0.36,0.36,0.43,0.5],
[0.43,0.5,0.5,0.36,0.43,0.36,0.36,0.43,0.5],
[0.43,0.5,0.5,0.36,0.43,0.36,0.36,0.43,0.5],
[0.43,0.5,0.5,0.36,0.43,0.36,0.36,0.43,0.5],
[0.57,0.67,0.67,0.48,0.57,0.48,0.48,0.57,0.67],
[0.57,0.67,0.67,0.48,0.57,0.48,0.48,0.57,0.67],
[0.57,0.67,0.67,0.48,0.57,0.48,0.48,0.57,0.67],
[0.71,0.83,0.83,0.6,0.71,0.6,0.6,0.71,0.83],
[0.71,0.83,0.83,0.6,0.71,0.6,0.6,0.71,0.83],
[0.86,1,1,0.71,0.86,0.71,0.71,0.86,1],
[0.14,0.17,0.17,0.12,0.14,0.12,0.12,0.14,0.17],
[0.14,0.17,0.17,0.12,0.14,0.12,0.12,0.14,0.17],
[0.14,0.17,0.17,0.12,0.14,0.12,0.12,0.14,0.17],
[0.14,0.17,0.17,0.12,0.14,0.12,0.12,0.14,0.17],
[0.14,0.17,0.17,0.12,0.14,0.12,0.12,0.14,0.17],
[0.14,0.17,0.17,0.12,0.14,0.12,0.12,0.14,0.17],
[0.29,0.33,0.33,0.24,0.29,0.24,0.24,0.29,0.33],
[0.29,0.33,0.33,0.24,0.29,0.24,0.24,0.29,0.33],
[0.29,0.33,0.33,0.24,0.29,0.24,0.24,0.29,0.33],
[0.29,0.33,0.33,0.24,0.29,0.24,0.24,0.29,0.33],
[0.29,0.33,0.33,0.24,0.29,0.24,0.24,0.29,0.33],
[0.43,0.5,0.5,0.36,0.43,0.36,0.36,0.43,0.5],
[0.43,0.5,0.5,0.36,0.43,0.36,0.36,0.43,0.5],
[0.43,0.5,0.5,0.36,0.43,0.36,0.36,0.43,0.5],
[0.43,0.5,0.5,0.36,0.43,0.36,0.36,0.43,0.5],
[0.57,0.67,0.67,0.48,0.57,0.48,0.48,0.57,0.67],
[0.57,0.67,0.67,0.48,0.57,0.48,0.48,0.57,0.67],
[0.57,0.67,0.67,0.48,0.57,0.48,0.48,0.57,0.67],
[0.71,0.83,0.83,0.6,0.71,0.6,0.6,0.71,0.83],
[0.71,0.83,0.83,0.6,0.71,0.6,0.6,0.71,0.83],
[0.86,1,1,0.71,0.86,0.71,0.71,0.86,1],
[0.14,0.17,0.17,0.12,0.14,0.12,0.12,0.14,0.17],
[0.14,0.17,0.17,0.12,0.14,0.12,0.12,0.14,0.17],
[0.14,0.17,0.17,0.12,0.14,0.12,0.12,0.14,0.17],
[0.14,0.17,0.17,0.12,0.14,0.12,0.12,0.14,0.17],
[0.14,0.17,0.17,0.12,0.14,0.12,0.12,0.14,0.17],
[0.14,0.17,0.17,0.12,0.14,0.12,0.12,0.14,0.17],
[0.29,0.33,0.33,0.24,0.29,0.24,0.24,0.29,0.33],
[0.29,0.33,0.33,0.24,0.29,0.24,0.24,0.29,0.33],
[0.29,0.33,0.33,0.24,0.29,0.24,0.24,0.29,0.33],
[0.29,0.33,0.33,0.24,0.29,0.24,0.24,0.29,0.33],
[0.29,0.33,0.33,0.24,0.29,0.24,0.24,0.29,0.33],
[0.43,0.5,0.5,0.36,0.43,0.36,0.36,0.43,0.5],
[0.43,0.5,0.5,0.36,0.43,0.36,0.36,0.43,0.5],
[0.43,0.5,0.5,0.36,0.43,0.36,0.36,0.43,0.5],
[0.43,0.5,0.5,0.36,0.43,0.36,0.36,0.43,0.5],
[0.57,0.67,0.67,0.48,0.57,0.48,0.48,0.57,0.67],
[0.57,0.67,0.67,0.48,0.57,0.48,0.48,0.57,0.67],
[0.57,0.67,0.67,0.48,0.57,0.48,0.48,0.57,0.67],
[0.71,0.83,0.83,0.6,0.71,0.6,0.6,0.71,0.83],
[0.71,0.83,0.83,0.6,0.71,0.6,0.6,0.71,0.83],
[0.86,1,1,0.71,0.86,0.71,0.71,0.86,1],
[0.14,0.17,0.17,0.12,0.14,0.12,0.12,0.14,0.17],
[0.14,0.17,0.17,0.12,0.14,0.12,0.12,0.14,0.17],
[0.14,0.17,0.17,0.12,0.14,0.12,0.12,0.14,0.17],
[0.14,0.17,0.17,0.12,0.14,0.12,0.12,0.14,0.17],
[0.14,0.17,0.17,0.12,0.14,0.12,0.12,0.14,0.17],
[0.14,0.17,0.17,0.12,0.14,0.12,0.12,0.14,0.17],
[0.29,0.33,0.33,0.24,0.29,0.24,0.24,0.29,0.33],
[0.29,0.33,0.33,0.24,0.29,0.24,0.24,0.29,0.33],
[0.29,0.33,0.33,0.24,0.29,0.24,0.24,0.29,0.33],
[0.29,0.33,0.33,0.24,0.29,0.24,0.24,0.29,0.33],
[0.29,0.33,0.33,0.24,0.29,0.24,0.24,0.29,0.33],
[0.43,0.5,0.5,0.36,0.43,0.36,0.36,0.43,0.5],
[0.43,0.5,0.5,0.36,0.43,0.36,0.36,0.43,0.5],
[0.43,0.5,0.5,0.36,0.43,0.36,0.36,0.43,0.5],
[0.43,0.5,0.5,0.36,0.43,0.36,0.36,0.43,0.5],
[0.57,0.67,0.67,0.48,0.57,0.48,0.48,0.57,0.67],
[0.57,0.67,0.67,0.48,0.57,0.48,0.48,0.57,0.67],
[0.57,0.67,0.67,0.48,0.57,0.48,0.48,0.57,0.67],
[0.71,0.83,0.83,0.6,0.71,0.6,0.6,0.71,0.83],
[0.71,0.83,0.83,0.6,0.71,0.6,0.6,0.71,0.83],
[0.86,1,1,0.71,0.86,0.71,0.71,0.86,1],
[0.14,0.17,0.17,0.12,0.14,0.12,0.12,0.14,0.17],
[0.14,0.17,0.17,0.12,0.14,0.12,0.12,0.14,0.17],
[0.14,0.17,0.17,0.12,0.14,0.12,0.12,0.14,0.17],
[0.14,0.17,0.17,0.12,0.14,0.12,0.12,0.14,0.17],
[0.14,0.17,0.17,0.12,0.14,0.12,0.12,0.14,0.17],
[0.14,0.17,0.17,0.12,0.14,0.12,0.12,0.14,0.17],
[0.29,0.33,0.33,0.24,0.29,0.24,0.24,0.29,0.33],
[0.29,0.33,0.33,0.24,0.29,0.24,0.24,0.29,0.33],
[0.29,0.33,0.33,0.24,0.29,0.24,0.24,0.29,0.33],
[0.29,0.33,0.33,0.24,0.29,0.24,0.24,0.29,0.33],
[0.29,0.33,0.33,0.24,0.29,0.24,0.24,0.29,0.33],
[0.43,0.5,0.5,0.36,0.43,0.36,0.36,0.43,0.5],
[0.43,0.5,0.5,0.36,0.43,0.36,0.36,0.43,0.5],
[0.43,0.5,0.5,0.36,0.43,0.36,0.36,0.43,0.5],
[0.43,0.5,0.5,0.36,0.43,0.36,0.36,0.43,0.5],
[0.57,0.67,0.67,0.48,0.57,0.48,0.48,0.57,0.67],
[0.57,0.67,0.67,0.48,0.57,0.48,0.48,0.57,0.67],
[0.57,0.67,0.67,0.48,0.57,0.48,0.48,0.57,0.67],
[0.71,0.83,0.83,0.6,0.71,0.6,0.6,0.71,0.83],
[0.71,0.83,0.83,0.6,0.71,0.6,0.6,0.71,0.83],
[0.86,1,1,0.71,0.86,0.71,0.71,0.86,1],
[0.14,0.17,0.17,0.12,0.14,0.12,0.12,0.14,0.17],
[0.14,0.17,0.17,0.12,0.14,0.12,0.12,0.14,0.17],
[0.14,0.17,0.17,0.12,0.14,0.12,0.12,0.14,0.17],
[0.14,0.17,0.17,0.12,0.14,0.12,0.12,0.14,0.17],
[0.14,0.17,0.17,0.12,0.14,0.12,0.12,0.14,0.17],
[0.14,0.17,0.17,0.12,0.14,0.12,0.12,0.14,0.17],
[0.29,0.33,0.33,0.24,0.29,0.24,0.24,0.29,0.33],
[0.29,0.33,0.33,0.24,0.29,0.24,0.24,0.29,0.33],
[0.29,0.33,0.33,0.24,0.29,0.24,0.24,0.29,0.33],
[0.29,0.33,0.33,0.24,0.29,0.24,0.24,0.29,0.33],
[0.29,0.33,0.33,0.24,0.29,0.24,0.24,0.29,0.33],
[0.43,0.5,0.5,0.36,0.43,0.36,0.36,0.43,0.5],
[0.43,0.5,0.5,0.36,0.43,0.36,0.36,0.43,0.5],
[0.43,0.5,0.5,0.36,0.43,0.36,0.36,0.43,0.5],
[0.43,0.5,0.5,0.36,0.43,0.36,0.36,0.43,0.5],
[0.57,0.67,0.67,0.48,0.57,0.48,0.48,0.57,0.67],
[0.57,0.67,0.67,0.48,0.57,0.48,0.48,0.57,0.67],
[0.57,0.67,0.67,0.48,0.57,0.48,0.48,0.57,0.67],
[0.71,0.83,0.83,0.6,0.71,0.6,0.6,0.71,0.83],
[0.71,0.83,0.83,0.6,0.71,0.6,0.6,0.71,0.83],
[0.86,1,1,0.71,0.86,0.71,0.71,0.86,1],
[0.14,0.17,0.17,0.12,0.14,0.12,0.12,0.14,0.17],
[0.14,0.17,0.17,0.12,0.14,0.12,0.12,0.14,0.17],
[0.14,0.17,0.17,0.12,0.14,0.12,0.12,0.14,0.17],
[0.14,0.17,0.17,0.12,0.14,0.12,0.12,0.14,0.17],
[0.14,0.17,0.17,0.12,0.14,0.12,0.12,0.14,0.17],
[0.14,0.17,0.17,0.12,0.14,0.12,0.12,0.14,0.17],
[0.29,0.33,0.33,0.24,0.29,0.24,0.24,0.29,0.33],
[0.29,0.33,0.33,0.24,0.29,0.24,0.24,0.29,0.33],
[0.29,0.33,0.33,0.24,0.29,0.24,0.24,0.29,0.33],
[0.29,0.33,0.33,0.24,0.29,0.24,0.24,0.29,0.33],
[0.29,0.33,0.33,0.24,0.29,0.24,0.24,0.29,0.33],
[0.43,0.5,0.5,0.36,0.43,0.36,0.36,0.43,0.5],
[0.43,0.5,0.5,0.36,0.43,0.36,0.36,0.43,0.5],
[0.43,0.5,0.5,0.36,0.43,0.36,0.36,0.43,0.5],
[0.43,0.5,0.5,0.36,0.43,0.36,0.36,0.43,0.5],
[0.57,0.67,0.67,0.48,0.57,0.48,0.48,0.57,0.67],
[0.57,0.67,0.67,0.48,0.57,0.48,0.48,0.57,0.67],
[0.57,0.67,0.67,0.48,0.57,0.48,0.48,0.57,0.67],
[0.71,0.83,0.83,0.6,0.71,0.6,0.6,0.71,0.83],
[0.71,0.83,0.83,0.6,0.71,0.6,0.6,0.71,0.83],
[0.86,1,1,0.71,0.86,0.71,0.71,0.86,1],
[0.29,0.33,0.33,0.24,0.29,0.24,0.24,0.29,0.33],
[0.29,0.33,0.33,0.24,0.29,0.24,0.24,0.29,0.33],
[0.29,0.33,0.33,0.24,0.29,0.24,0.24,0.29,0.33],
[0.29,0.33,0.33,0.24,0.29,0.24,0.24,0.29,0.33],
[0.29,0.33,0.33,0.24,0.29,0.24,0.24,0.29,0.33],
[0.29,0.33,0.33,0.24,0.29,0.24,0.24,0.29,0.33],
[0.57,0.67,0.67,0.48,0.57,0.48,0.48,0.57,0.67],
[0.57,0.67,0.67,0.48,0.57,0.48,0.48,0.57,0.67],
[0.57,0.67,0.67,0.48,0.57,0.48,0.48,0.57,0.67],
[0.57,0.67,0.67,0.48,0.57,0.48,0.48,0.57,0.67],
[0.57,0.67,0.67,0.48,0.57,0.48,0.48,0.57,0.67],
[0.86,1,1,0.71,0.86,0.71,0.71,0.86,1],
[0.86,1,1,0.71,0.86,0.71,0.71,0.86,1],
[0.86,1,1,0.71,0.86,0.71,0.71,0.86,1],
[0.86,1,1,0.71,0.86,0.71,0.71,0.86,1],
[1.14,1.33,1.33,0.95,1.14,0.95,0.95,1.14,1.33],
[1.14,1.33,1.33,0.95,1.14,0.95,0.95,1.14,1.33],
[1.14,1.33,1.33,0.95,1.14,0.95,0.95,1.14,1.33],
[1.43,1.67,1.67,1.19,1.43,1.19,1.19,1.43,1.67],
[1.43,1.67,1.67,1.19,1.43,1.19,1.19,1.43,1.67],
[1.71,2,2,1.43,1.71,1.43,1.43,1.71,2],
[0.29,0.33,0.33,0.24,0.29,0.24,0.24,0.29,0.33],
[0.29,0.33,0.33,0.24,0.29,0.24,0.24,0.29,0.33],
[0.29,0.33,0.33,0.24,0.29,0.24,0.24,0.29,0.33],
[0.29,0.33,0.33,0.24,0.29,0.24,0.24,0.29,0.33],
[0.29,0.33,0.33,0.24,0.29,0.24,0.24,0.29,0.33],
[0.29,0.33,0.33,0.24,0.29,0.24,0.24,0.29,0.33],
[0.57,0.67,0.67,0.48,0.57,0.48,0.48,0.57,0.67],
[0.57,0.67,0.67,0.48,0.57,0.48,0.48,0.57,0.67],
[0.57,0.67,0.67,0.48,0.57,0.48,0.48,0.57,0.67],
[0.57,0.67,0.67,0.48,0.57,0.48,0.48,0.57,0.67],
[0.57,0.67,0.67,0.48,0.57,0.48,0.48,0.57,0.67],
[0.86,1,1,0.71,0.86,0.71,0.71,0.86,1],
[0.86,1,1,0.71,0.86,0.71,0.71,0.86,1],
[0.86,1,1,0.71,0.86,0.71,0.71,0.86,1],
[0.86,1,1,0.71,0.86,0.71,0.71,0.86,1],
[1.14,1.33,1.33,0.95,1.14,0.95,0.95,1.14,1.33],
[1.14,1.33,1.33,0.95,1.14,0.95,0.95,1.14,1.33],
[1.14,1.33,1.33,0.95,1.14,0.95,0.95,1.14,1.33],
[1.43,1.67,1.67,1.19,1.43,1.19,1.19,1.43,1.67],
[1.43,1.67,1.67,1.19,1.43,1.19,1.19,1.43,1.67],
[1.71,2,2,1.43,1.71,1.43,1.43,1.71,2],
[0.29,0.33,0.33,0.24,0.29,0.24,0.24,0.29,0.33],
[0.29,0.33,0.33,0.24,0.29,0.24,0.24,0.29,0.33],
[0.29,0.33,0.33,0.24,0.29,0.24,0.24,0.29,0.33],
[0.29,0.33,0.33,0.24,0.29,0.24,0.24,0.29,0.33],
[0.29,0.33,0.33,0.24,0.29,0.24,0.24,0.29,0.33],
[0.29,0.33,0.33,0.24,0.29,0.24,0.24,0.29,0.33],
[0.57,0.67,0.67,0.48,0.57,0.48,0.48,0.57,0.67],
[0.57,0.67,0.67,0.48,0.57,0.48,0.48,0.57,0.67],
[0.57,0.67,0.67,0.48,0.57,0.48,0.48,0.57,0.67],
[0.57,0.67,0.67,0.48,0.57,0.48,0.48,0.57,0.67],
[0.57,0.67,0.67,0.48,0.57,0.48,0.48,0.57,0.67],
[0.86,1,1,0.71,0.86,0.71,0.71,0.86,1],
[0.86,1,1,0.71,0.86,0.71,0.71,0.86,1],
[0.86,1,1,0.71,0.86,0.71,0.71,0.86,1],
[0.86,1,1,0.71,0.86,0.71,0.71,0.86,1],
[1.14,1.33,1.33,0.95,1.14,0.95,0.95,1.14,1.33],
[1.14,1.33,1.33,0.95,1.14,0.95,0.95,1.14,1.33],
[1.14,1.33,1.33,0.95,1.14,0.95,0.95,1.14,1.33],
[1.43,1.67,1.67,1.19,1.43,1.19,1.19,1.43,1.67],
[1.43,1.67,1.67,1.19,1.43,1.19,1.19,1.43,1.67],
[1.71,2,2,1.43,1.71,1.43,1.43,1.71,2],
[0.29,0.33,0.33,0.24,0.29,0.24,0.24,0.29,0.33],
[0.29,0.33,0.33,0.24,0.29,0.24,0.24,0.29,0.33],
[0.29,0.33,0.33,0.24,0.29,0.24,0.24,0.29,0.33],
[0.29,0.33,0.33,0.24,0.29,0.24,0.24,0.29,0.33],
[0.29,0.33,0.33,0.24,0.29,0.24,0.24,0.29,0.33],
[0.29,0.33,0.33,0.24,0.29,0.24,0.24,0.29,0.33],
[0.57,0.67,0.67,0.48,0.57,0.48,0.48,0.57,0.67],
[0.57,0.67,0.67,0.48,0.57,0.48,0.48,0.57,0.67],
[0.57,0.67,0.67,0.48,0.57,0.48,0.48,0.57,0.67],
[0.57,0.67,0.67,0.48,0.57,0.48,0.48,0.57,0.67],
[0.57,0.67,0.67,0.48,0.57,0.48,0.48,0.57,0.67],
[0.86,1,1,0.71,0.86,0.71,0.71,0.86,1],
[0.86,1,1,0.71,0.86,0.71,0.71,0.86,1],
[0.86,1,1,0.71,0.86,0.71,0.71,0.86,1],
[0.86,1,1,0.71,0.86,0.71,0.71,0.86,1],
[1.14,1.33,1.33,0.95,1.14,0.95,0.95,1.14,1.33],
[1.14,1.33,1.33,0.95,1.14,0.95,0.95,1.14,1.33],
[1.14,1.33,1.33,0.95,1.14,0.95,0.95,1.14,1.33],
[1.43,1.67,1.67,1.19,1.43,1.19,1.19,1.43,1.67],
[1.43,1.67,1.67,1.19,1.43,1.19,1.19,1.43,1.67],
[1.71,2,2,1.43,1.71,1.43,1.43,1.71,2],
[0.29,0.33,0.33,0.24,0.29,0.24,0.24,0.29,0.33],
[0.29,0.33,0.33,0.24,0.29,0.24,0.24,0.29,0.33],
[0.29,0.33,0.33,0.24,0.29,0.24,0.24,0.29,0.33],
[0.29,0.33,0.33,0.24,0.29,0.24,0.24,0.29,0.33],
[0.29,0.33,0.33,0.24,0.29,0.24,0.24,0.29,0.33],
[0.29,0.33,0.33,0.24,0.29,0.24,0.24,0.29,0.33],
[0.57,0.67,0.67,0.48,0.57,0.48,0.48,0.57,0.67],
[0.57,0.67,0.67,0.48,0.57,0.48,0.48,0.57,0.67],
[0.57,0.67,0.67,0.48,0.57,0.48,0.48,0.57,0.67],
[0.57,0.67,0.67,0.48,0.57,0.48,0.48,0.57,0.67],
[0.57,0.67,0.67,0.48,0.57,0.48,0.48,0.57,0.67],
[0.86,1,1,0.71,0.86,0.71,0.71,0.86,1],
[0.86,1,1,0.71,0.86,0.71,0.71,0.86,1],
[0.86,1,1,0.71,0.86,0.71,0.71,0.86,1],
[0.86,1,1,0.71,0.86,0.71,0.71,0.86,1],
[1.14,1.33,1.33,0.95,1.14,0.95,0.95,1.14,1.33],
[1.14,1.33,1.33,0.95,1.14,0.95,0.95,1.14,1.33],
[1.14,1.33,1.33,0.95,1.14,0.95,0.95,1.14,1.33],
[1.43,1.67,1.67,1.19,1.43,1.19,1.19,1.43,1.67],
[1.43,1.67,1.67,1.19,1.43,1.19,1.19,1.43,1.67],
[1.71,2,2,1.43,1.71,1.43,1.43,1.71,2],
[0.29,0.33,0.33,0.24,0.29,0.24,0.24,0.29,0.33],
[0.29,0.33,0.33,0.24,0.29,0.24,0.24,0.29,0.33],
[0.29,0.33,0.33,0.24,0.29,0.24,0.24,0.29,0.33],
[0.29,0.33,0.33,0.24,0.29,0.24,0.24,0.29,0.33],
[0.29,0.33,0.33,0.24,0.29,0.24,0.24,0.29,0.33],
[0.29,0.33,0.33,0.24,0.29,0.24,0.24,0.29,0.33],
[0.57,0.67,0.67,0.48,0.57,0.48,0.48,0.57,0.67],
[0.57,0.67,0.67,0.48,0.57,0.48,0.48,0.57,0.67],
[0.57,0.67,0.67,0.48,0.57,0.48,0.48,0.57,0.67],
[0.57,0.67,0.67,0.48,0.57,0.48,0.48,0.57,0.67],
[0.57,0.67,0.67,0.48,0.57,0.48,0.48,0.57,0.67],
[0.86,1,1,0.71,0.86,0.71,0.71,0.86,1],
[0.86,1,1,0.71,0.86,0.71,0.71,0.86,1],
[0.86,1,1,0.71,0.86,0.71,0.71,0.86,1],
[0.86,1,1,0.71,0.86,0.71,0.71,0.86,1],
[1.14,1.33,1.33,0.95,1.14,0.95,0.95,1.14,1.33],
[1.14,1.33,1.33,0.95,1.14,0.95,0.95,1.14,1.33],
[1.14,1.33,1.33,0.95,1.14,0.95,0.95,1.14,1.33],
[1.43,1.67,1.67,1.19,1.43,1.19,1.19,1.43,1.67],
[1.43,1.67,1.67,1.19,1.43,1.19,1.19,1.43,1.67],
[1.71,2,2,1.43,1.71,1.43,1.43,1.71,2],
[0.43,0.5,0.5,0.36,0.43,0.36,0.36,0.43,0.5],
[0.43,0.5,0.5,0.36,0.43,0.36,0.36,0.43,0.5],
[0.43,0.5,0.5,0.36,0.43,0.36,0.36,0.43,0.5],
[0.43,0.5,0.5,0.36,0.43,0.36,0.36,0.43,0.5],
[0.43,0.5,0.5,0.36,0.43,0.36,0.36,0.43,0.5],
[0.43,0.5,0.5,0.36,0.43,0.36,0.36,0.43,0.5],
[0.86,1,1,0.71,0.86,0.71,0.71,0.86,1],
[0.86,1,1,0.71,0.86,0.71,0.71,0.86,1],
[0.86,1,1,0.71,0.86,0.71,0.71,0.86,1],
[0.86,1,1,0.71,0.86,0.71,0.71,0.86,1],
[0.86,1,1,0.71,0.86,0.71,0.71,0.86,1],
[1.29,1.5,1.5,1.07,1.29,1.07,1.07,1.29,1.5],
[1.29,1.5,1.5,1.07,1.29,1.07,1.07,1.29,1.5],
[1.29,1.5,1.5,1.07,1.29,1.07,1.07,1.29,1.5],
[1.29,1.5,1.5,1.07,1.29,1.07,1.07,1.29,1.5],
[1.71,2,2,1.43,1.71,1.43,1.43,1.71,2],
[1.71,2,2,1.43,1.71,1.43,1.43,1.71,2],
[1.71,2,2,1.43,1.71,1.43,1.43,1.71,2],
[2.14,2.5,2.5,1.79,2.14,1.79,1.79,2.14,2.5],
[2.14,2.5,2.5,1.79,2.14,1.79,1.79,2.14,2.5],
[2.57,3,3,2.14,2.57,2.14,2.14,2.57,3],
[0.43,0.5,0.5,0.36,0.43,0.36,0.36,0.43,0.5],
[0.43,0.5,0.5,0.36,0.43,0.36,0.36,0.43,0.5],
[0.43,0.5,0.5,0.36,0.43,0.36,0.36,0.43,0.5],
[0.43,0.5,0.5,0.36,0.43,0.36,0.36,0.43,0.5],
[0.43,0.5,0.5,0.36,0.43,0.36,0.36,0.43,0.5],
[0.43,0.5,0.5,0.36,0.43,0.36,0.36,0.43,0.5],
[0.86,1,1,0.71,0.86,0.71,0.71,0.86,1],
[0.86,1,1,0.71,0.86,0.71,0.71,0.86,1],
[0.86,1,1,0.71,0.86,0.71,0.71,0.86,1],
[0.86,1,1,0.71,0.86,0.71,0.71,0.86,1],
[0.86,1,1,0.71,0.86,0.71,0.71,0.86,1],
[1.29,1.5,1.5,1.07,1.29,1.07,1.07,1.29,1.5],
[1.29,1.5,1.5,1.07,1.29,1.07,1.07,1.29,1.5],
[1.29,1.5,1.5,1.07,1.29,1.07,1.07,1.29,1.5],
[1.29,1.5,1.5,1.07,1.29,1.07,1.07,1.29,1.5],
[1.71,2,2,1.43,1.71,1.43,1.43,1.71,2],
[1.71,2,2,1.43,1.71,1.43,1.43,1.71,2],
[1.71,2,2,1.43,1.71,1.43,1.43,1.71,2],
[2.14,2.5,2.5,1.79,2.14,1.79,1.79,2.14,2.5],
[2.14,2.5,2.5,1.79,2.14,1.79,1.79,2.14,2.5],
[2.57,3,3,2.14,2.57,2.14,2.14,2.57,3],
[0.43,0.5,0.5,0.36,0.43,0.36,0.36,0.43,0.5],
[0.43,0.5,0.5,0.36,0.43,0.36,0.36,0.43,0.5],
[0.43,0.5,0.5,0.36,0.43,0.36,0.36,0.43,0.5],
[0.43,0.5,0.5,0.36,0.43,0.36,0.36,0.43,0.5],
[0.43,0.5,0.5,0.36,0.43,0.36,0.36,0.43,0.5],
[0.43,0.5,0.5,0.36,0.43,0.36,0.36,0.43,0.5],
[0.86,1,1,0.71,0.86,0.71,0.71,0.86,1],
[0.86,1,1,0.71,0.86,0.71,0.71,0.86,1],
[0.86,1,1,0.71,0.86,0.71,0.71,0.86,1],
[0.86,1,1,0.71,0.86,0.71,0.71,0.86,1],
[0.86,1,1,0.71,0.86,0.71,0.71,0.86,1],
[1.29,1.5,1.5,1.07,1.29,1.07,1.07,1.29,1.5],
[1.29,1.5,1.5,1.07,1.29,1.07,1.07,1.29,1.5],
[1.29,1.5,1.5,1.07,1.29,1.07,1.07,1.29,1.5],
[1.29,1.5,1.5,1.07,1.29,1.07,1.07,1.29,1.5],
[1.71,2,2,1.43,1.71,1.43,1.43,1.71,2],
[1.71,2,2,1.43,1.71,1.43,1.43,1.71,2],
[1.71,2,2,1.43,1.71,1.43,1.43,1.71,2],
[2.14,2.5,2.5,1.79,2.14,1.79,1.79,2.14,2.5],
[2.14,2.5,2.5,1.79,2.14,1.79,1.79,2.14,2.5],
[2.57,3,3,2.14,2.57,2.14,2.14,2.57,3],
[0.43,0.5,0.5,0.36,0.43,0.36,0.36,0.43,0.5],
[0.43,0.5,0.5,0.36,0.43,0.36,0.36,0.43,0.5],
[0.43,0.5,0.5,0.36,0.43,0.36,0.36,0.43,0.5],
[0.43,0.5,0.5,0.36,0.43,0.36,0.36,0.43,0.5],
[0.43,0.5,0.5,0.36,0.43,0.36,0.36,0.43,0.5],
[0.43,0.5,0.5,0.36,0.43,0.36,0.36,0.43,0.5],
[0.86,1,1,0.71,0.86,0.71,0.71,0.86,1],
[0.86,1,1,0.71,0.86,0.71,0.71,0.86,1],
[0.86,1,1,0.71,0.86,0.71,0.71,0.86,1],
[0.86,1,1,0.71,0.86,0.71,0.71,0.86,1],
[0.86,1,1,0.71,0.86,0.71,0.71,0.86,1],
[1.29,1.5,1.5,1.07,1.29,1.07,1.07,1.29,1.5],
[1.29,1.5,1.5,1.07,1.29,1.07,1.07,1.29,1.5],
[1.29,1.5,1.5,1.07,1.29,1.07,1.07,1.29,1.5],
[1.29,1.5,1.5,1.07,1.29,1.07,1.07,1.29,1.5],
[1.71,2,2,1.43,1.71,1.43,1.43,1.71,2],
[1.71,2,2,1.43,1.71,1.43,1.43,1.71,2],
[1.71,2,2,1.43,1.71,1.43,1.43,1.71,2],
[2.14,2.5,2.5,1.79,2.14,1.79,1.79,2.14,2.5],
[2.14,2.5,2.5,1.79,2.14,1.79,1.79,2.14,2.5],
[2.57,3,3,2.14,2.57,2.14,2.14,2.57,3],
[0.43,0.5,0.5,0.36,0.43,0.36,0.36,0.43,0.5],
[0.43,0.5,0.5,0.36,0.43,0.36,0.36,0.43,0.5],
[0.43,0.5,0.5,0.36,0.43,0.36,0.36,0.43,0.5],
[0.43,0.5,0.5,0.36,0.43,0.36,0.36,0.43,0.5],
[0.43,0.5,0.5,0.36,0.43,0.36,0.36,0.43,0.5],
[0.43,0.5,0.5,0.36,0.43,0.36,0.36,0.43,0.5],
[0.86,1,1,0.71,0.86,0.71,0.71,0.86,1],
[0.86,1,1,0.71,0.86,0.71,0.71,0.86,1],
[0.86,1,1,0.71,0.86,0.71,0.71,0.86,1],
[0.86,1,1,0.71,0.86,0.71,0.71,0.86,1],
[0.86,1,1,0.71,0.86,0.71,0.71,0.86,1],
[1.29,1.5,1.5,1.07,1.29,1.07,1.07,1.29,1.5],
[1.29,1.5,1.5,1.07,1.29,1.07,1.07,1.29,1.5],
[1.29,1.5,1.5,1.07,1.29,1.07,1.07,1.29,1.5],
[1.29,1.5,1.5,1.07,1.29,1.07,1.07,1.29,1.5],
[1.71,2,2,1.43,1.71,1.43,1.43,1.71,2],
[1.71,2,2,1.43,1.71,1.43,1.43,1.71,2],
[1.71,2,2,1.43,1.71,1.43,1.43,1.71,2],
[2.14,2.5,2.5,1.79,2.14,1.79,1.79,2.14,2.5],
[2.14,2.5,2.5,1.79,2.14,1.79,1.79,2.14,2.5],
[2.57,3,3,2.14,2.57,2.14,2.14,2.57,3],
[0.57,0.67,0.67,0.48,0.57,0.48,0.48,0.57,0.67],
[0.57,0.67,0.67,0.48,0.57,0.48,0.48,0.57,0.67],
[0.57,0.67,0.67,0.48,0.57,0.48,0.48,0.57,0.67],
[0.57,0.67,0.67,0.48,0.57,0.48,0.48,0.57,0.67],
[0.57,0.67,0.67,0.48,0.57,0.48,0.48,0.57,0.67],
[0.57,0.67,0.67,0.48,0.57,0.48,0.48,0.57,0.67],
[1.14,1.33,1.33,0.95,1.14,0.95,0.95,1.14,1.33],
[1.14,1.33,1.33,0.95,1.14,0.95,0.95,1.14,1.33],
[1.14,1.33,1.33,0.95,1.14,0.95,0.95,1.14,1.33],
[1.14,1.33,1.33,0.95,1.14,0.95,0.95,1.14,1.33],
[1.14,1.33,1.33,0.95,1.14,0.95,0.95,1.14,1.33],
[1.71,2,2,1.43,1.71,1.43,1.43,1.71,2],
[1.71,2,2,1.43,1.71,1.43,1.43,1.71,2],
[1.71,2,2,1.43,1.71,1.43,1.43,1.71,2],
[1.71,2,2,1.43,1.71,1.43,1.43,1.71,2],
[2.29,2.67,2.67,1.9,2.29,1.9,1.9,2.29,2.67],
[2.29,2.67,2.67,1.9,2.29,1.9,1.9,2.29,2.67],
[2.29,2.67,2.67,1.9,2.29,1.9,1.9,2.29,2.67],
[2.86,3.33,3.33,2.38,2.86,2.38,2.38,2.86,3.33],
[2.86,3.33,3.33,2.38,2.86,2.38,2.38,2.86,3.33],
[3.43,4,4,2.86,3.43,2.86,2.86,3.43,4],
[0.57,0.67,0.67,0.48,0.57,0.48,0.48,0.57,0.67],
[0.57,0.67,0.67,0.48,0.57,0.48,0.48,0.57,0.67],
[0.57,0.67,0.67,0.48,0.57,0.48,0.48,0.57,0.67],
[0.57,0.67,0.67,0.48,0.57,0.48,0.48,0.57,0.67],
[0.57,0.67,0.67,0.48,0.57,0.48,0.48,0.57,0.67],
[0.57,0.67,0.67,0.48,0.57,0.48,0.48,0.57,0.67],
[1.14,1.33,1.33,0.95,1.14,0.95,0.95,1.14,1.33],
[1.14,1.33,1.33,0.95,1.14,0.95,0.95,1.14,1.33],
[1.14,1.33,1.33,0.95,1.14,0.95,0.95,1.14,1.33],
[1.14,1.33,1.33,0.95,1.14,0.95,0.95,1.14,1.33],
[1.14,1.33,1.33,0.95,1.14,0.95,0.95,1.14,1.33],
[1.71,2,2,1.43,1.71,1.43,1.43,1.71,2],
[1.71,2,2,1.43,1.71,1.43,1.43,1.71,2],
[1.71,2,2,1.43,1.71,1.43,1.43,1.71,2],
[1.71,2,2,1.43,1.71,1.43,1.43,1.71,2],
[2.29,2.67,2.67,1.9,2.29,1.9,1.9,2.29,2.67],
[2.29,2.67,2.67,1.9,2.29,1.9,1.9,2.29,2.67],
[2.29,2.67,2.67,1.9,2.29,1.9,1.9,2.29,2.67],
[2.86,3.33,3.33,2.38,2.86,2.38,2.38,2.86,3.33],
[2.86,3.33,3.33,2.38,2.86,2.38,2.38,2.86,3.33],
[3.43,4,4,2.86,3.43,2.86,2.86,3.43,4],
[0.57,0.67,0.67,0.48,0.57,0.48,0.48,0.57,0.67],
[0.57,0.67,0.67,0.48,0.57,0.48,0.48,0.57,0.67],
[0.57,0.67,0.67,0.48,0.57,0.48,0.48,0.57,0.67],
[0.57,0.67,0.67,0.48,0.57,0.48,0.48,0.57,0.67],
[0.57,0.67,0.67,0.48,0.57,0.48,0.48,0.57,0.67],
[0.57,0.67,0.67,0.48,0.57,0.48,0.48,0.57,0.67],
[1.14,1.33,1.33,0.95,1.14,0.95,0.95,1.14,1.33],
[1.14,1.33,1.33,0.95,1.14,0.95,0.95,1.14,1.33],
[1.14,1.33,1.33,0.95,1.14,0.95,0.95,1.14,1.33],
[1.14,1.33,1.33,0.95,1.14,0.95,0.95,1.14,1.33],
[1.14,1.33,1.33,0.95,1.14,0.95,0.95,1.14,1.33],
[1.71,2,2,1.43,1.71,1.43,1.43,1.71,2],
[1.71,2,2,1.43,1.71,1.43,1.43,1.71,2],
[1.71,2,2,1.43,1.71,1.43,1.43,1.71,2],
[1.71,2,2,1.43,1.71,1.43,1.43,1.71,2],
[2.29,2.67,2.67,1.9,2.29,1.9,1.9,2.29,2.67],
[2.29,2.67,2.67,1.9,2.29,1.9,1.9,2.29,2.67],
[2.29,2.67,2.67,1.9,2.29,1.9,1.9,2.29,2.67],
[2.86,3.33,3.33,2.38,2.86,2.38,2.38,2.86,3.33],
[2.86,3.33,3.33,2.38,2.86,2.38,2.38,2.86,3.33],
[3.43,4,4,2.86,3.43,2.86,2.86,3.43,4],
[0.57,0.67,0.67,0.48,0.57,0.48,0.48,0.57,0.67],
[0.57,0.67,0.67,0.48,0.57,0.48,0.48,0.57,0.67],
[0.57,0.67,0.67,0.48,0.57,0.48,0.48,0.57,0.67],
[0.57,0.67,0.67,0.48,0.57,0.48,0.48,0.57,0.67],
[0.57,0.67,0.67,0.48,0.57,0.48,0.48,0.57,0.67],
[0.57,0.67,0.67,0.48,0.57,0.48,0.48,0.57,0.67],
[1.14,1.33,1.33,0.95,1.14,0.95,0.95,1.14,1.33],
[1.14,1.33,1.33,0.95,1.14,0.95,0.95,1.14,1.33],
[1.14,1.33,1.33,0.95,1.14,0.95,0.95,1.14,1.33],
[1.14,1.33,1.33,0.95,1.14,0.95,0.95,1.14,1.33],
[1.14,1.33,1.33,0.95,1.14,0.95,0.95,1.14,1.33],
[1.71,2,2,1.43,1.71,1.43,1.43,1.71,2],
[1.71,2,2,1.43,1.71,1.43,1.43,1.71,2],
[1.71,2,2,1.43,1.71,1.43,1.43,1.71,2],
[1.71,2,2,1.43,1.71,1.43,1.43,1.71,2],
[2.29,2.67,2.67,1.9,2.29,1.9,1.9,2.29,2.67],
[2.29,2.67,2.67,1.9,2.29,1.9,1.9,2.29,2.67],
[2.29,2.67,2.67,1.9,2.29,1.9,1.9,2.29,2.67],
[2.86,3.33,3.33,2.38,2.86,2.38,2.38,2.86,3.33],
[2.86,3.33,3.33,2.38,2.86,2.38,2.38,2.86,3.33],
[3.43,4,4,2.86,3.43,2.86,2.86,3.43,4],
[0.71,0.83,0.83,0.6,0.71,0.6,0.6,0.71,0.83],
[0.71,0.83,0.83,0.6,0.71,0.6,0.6,0.71,0.83],
[0.71,0.83,0.83,0.6,0.71,0.6,0.6,0.71,0.83],
[0.71,0.83,0.83,0.6,0.71,0.6,0.6,0.71,0.83],
[0.71,0.83,0.83,0.6,0.71,0.6,0.6,0.71,0.83],
[0.71,0.83,0.83,0.6,0.71,0.6,0.6,0.71,0.83],
[1.43,1.67,1.67,1.19,1.43,1.19,1.19,1.43,1.67],
[1.43,1.67,1.67,1.19,1.43,1.19,1.19,1.43,1.67],
[1.43,1.67,1.67,1.19,1.43,1.19,1.19,1.43,1.67],
[1.43,1.67,1.67,1.19,1.43,1.19,1.19,1.43,1.67],
[1.43,1.67,1.67,1.19,1.43,1.19,1.19,1.43,1.67],
[2.14,2.5,2.5,1.79,2.14,1.79,1.79,2.14,2.5],
[2.14,2.5,2.5,1.79,2.14,1.79,1.79,2.14,2.5],
[2.14,2.5,2.5,1.79,2.14,1.79,1.79,2.14,2.5],
[2.14,2.5,2.5,1.79,2.14,1.79,1.79,2.14,2.5],
[2.86,3.33,3.33,2.38,2.86,2.38,2.38,2.86,3.33],
[2.86,3.33,3.33,2.38,2.86,2.38,2.38,2.86,3.33],
[2.86,3.33,3.33,2.38,2.86,2.38,2.38,2.86,3.33],
[3.57,4.17,4.17,2.98,3.57,2.98,2.98,3.57,4.17],
[3.57,4.17,4.17,2.98,3.57,2.98,2.98,3.57,4.17],
[4.29,5,5,3.57,4.29,3.57,3.57,4.29,5],
[0.71,0.83,0.83,0.6,0.71,0.6,0.6,0.71,0.83],
[0.71,0.83,0.83,0.6,0.71,0.6,0.6,0.71,0.83],
[0.71,0.83,0.83,0.6,0.71,0.6,0.6,0.71,0.83],
[0.71,0.83,0.83,0.6,0.71,0.6,0.6,0.71,0.83],
[0.71,0.83,0.83,0.6,0.71,0.6,0.6,0.71,0.83],
[0.71,0.83,0.83,0.6,0.71,0.6,0.6,0.71,0.83],
[1.43,1.67,1.67,1.19,1.43,1.19,1.19,1.43,1.67],
[1.43,1.67,1.67,1.19,1.43,1.19,1.19,1.43,1.67],
[1.43,1.67,1.67,1.19,1.43,1.19,1.19,1.43,1.67],
[1.43,1.67,1.67,1.19,1.43,1.19,1.19,1.43,1.67],
[1.43,1.67,1.67,1.19,1.43,1.19,1.19,1.43,1.67],
[2.14,2.5,2.5,1.79,2.14,1.79,1.79,2.14,2.5],
[2.14,2.5,2.5,1.79,2.14,1.79,1.79,2.14,2.5],
[2.14,2.5,2.5,1.79,2.14,1.79,1.79,2.14,2.5],
[2.14,2.5,2.5,1.79,2.14,1.79,1.79,2.14,2.5],
[2.86,3.33,3.33,2.38,2.86,2.38,2.38,2.86,3.33],
[2.86,3.33,3.33,2.38,2.86,2.38,2.38,2.86,3.33],
[2.86,3.33,3.33,2.38,2.86,2.38,2.38,2.86,3.33],
[3.57,4.17,4.17,2.98,3.57,2.98,2.98,3.57,4.17],
[3.57,4.17,4.17,2.98,3.57,2.98,2.98,3.57,4.17],
[4.29,5,5,3.57,4.29,3.57,3.57,4.29,5],
[0.71,0.83,0.83,0.6,0.71,0.6,0.6,0.71,0.83],
[0.71,0.83,0.83,0.6,0.71,0.6,0.6,0.71,0.83],
[0.71,0.83,0.83,0.6,0.71,0.6,0.6,0.71,0.83],
[0.71,0.83,0.83,0.6,0.71,0.6,0.6,0.71,0.83],
[0.71,0.83,0.83,0.6,0.71,0.6,0.6,0.71,0.83],
[0.71,0.83,0.83,0.6,0.71,0.6,0.6,0.71,0.83],
[1.43,1.67,1.67,1.19,1.43,1.19,1.19,1.43,1.67],
[1.43,1.67,1.67,1.19,1.43,1.19,1.19,1.43,1.67],
[1.43,1.67,1.67,1.19,1.43,1.19,1.19,1.43,1.67],
[1.43,1.67,1.67,1.19,1.43,1.19,1.19,1.43,1.67],
[1.43,1.67,1.67,1.19,1.43,1.19,1.19,1.43,1.67],
[2.14,2.5,2.5,1.79,2.14,1.79,1.79,2.14,2.5],
[2.14,2.5,2.5,1.79,2.14,1.79,1.79,2.14,2.5],
[2.14,2.5,2.5,1.79,2.14,1.79,1.79,2.14,2.5],
[2.14,2.5,2.5,1.79,2.14,1.79,1.79,2.14,2.5],
[2.86,3.33,3.33,2.38,2.86,2.38,2.38,2.86,3.33],
[2.86,3.33,3.33,2.38,2.86,2.38,2.38,2.86,3.33],
[2.86,3.33,3.33,2.38,2.86,2.38,2.38,2.86,3.33],
[3.57,4.17,4.17,2.98,3.57,2.98,2.98,3.57,4.17],
[3.57,4.17,4.17,2.98,3.57,2.98,2.98,3.57,4.17],
[4.29,5,5,3.57,4.29,3.57,3.57,4.29,5],
[0.86,1,1,0.71,0.86,0.71,0.71,0.86,1],
[0.86,1,1,0.71,0.86,0.71,0.71,0.86,1],
[0.86,1,1,0.71,0.86,0.71,0.71,0.86,1],
[0.86,1,1,0.71,0.86,0.71,0.71,0.86,1],
[0.86,1,1,0.71,0.86,0.71,0.71,0.86,1],
[0.86,1,1,0.71,0.86,0.71,0.71,0.86,1],
[1.71,2,2,1.43,1.71,1.43,1.43,1.71,2],
[1.71,2,2,1.43,1.71,1.43,1.43,1.71,2],
[1.71,2,2,1.43,1.71,1.43,1.43,1.71,2],
[1.71,2,2,1.43,1.71,1.43,1.43,1.71,2],
[1.71,2,2,1.43,1.71,1.43,1.43,1.71,2],
[2.57,3,3,2.14,2.57,2.14,2.14,2.57,3],
[2.57,3,3,2.14,2.57,2.14,2.14,2.57,3],
[2.57,3,3,2.14,2.57,2.14,2.14,2.57,3],
[2.57,3,3,2.14,2.57,2.14,2.14,2.57,3],
[3.43,4,4,2.86,3.43,2.86,2.86,3.43,4],
[3.43,4,4,2.86,3.43,2.86,2.86,3.43,4],
[3.43,4,4,2.86,3.43,2.86,2.86,3.43,4],
[4.29,5,5,3.57,4.29,3.57,3.57,4.29,5],
[4.29,5,5,3.57,4.29,3.57,3.57,4.29,5],
[5.14,6,6,4.29,5.14,4.29,4.29,5.14,6],
[0.86,1,1,0.71,0.86,0.71,0.71,0.86,1],
[0.86,1,1,0.71,0.86,0.71,0.71,0.86,1],
[0.86,1,1,0.71,0.86,0.71,0.71,0.86,1],
[0.86,1,1,0.71,0.86,0.71,0.71,0.86,1],
[0.86,1,1,0.71,0.86,0.71,0.71,0.86,1],
[0.86,1,1,0.71,0.86,0.71,0.71,0.86,1],
[1.71,2,2,1.43,1.71,1.43,1.43,1.71,2],
[1.71,2,2,1.43,1.71,1.43,1.43,1.71,2],
[1.71,2,2,1.43,1.71,1.43,1.43,1.71,2],
[1.71,2,2,1.43,1.71,1.43,1.43,1.71,2],
[1.71,2,2,1.43,1.71,1.43,1.43,1.71,2],
[2.57,3,3,2.14,2.57,2.14,2.14,2.57,3],
[2.57,3,3,2.14,2.57,2.14,2.14,2.57,3],
[2.57,3,3,2.14,2.57,2.14,2.14,2.57,3],
[2.57,3,3,2.14,2.57,2.14,2.14,2.57,3],
[3.43,4,4,2.86,3.43,2.86,2.86,3.43,4],
[3.43,4,4,2.86,3.43,2.86,2.86,3.43,4],
[3.43,4,4,2.86,3.43,2.86,2.86,3.43,4],
[4.29,5,5,3.57,4.29,3.57,3.57,4.29,5],
[4.29,5,5,3.57,4.29,3.57,3.57,4.29,5],
[5.14,6,6,4.29,5.14,4.29,4.29,5.14,6],
[1,1.17,1.17,0.83,1,0.83,0.83,1,1.17],
[1,1.17,1.17,0.83,1,0.83,0.83,1,1.17],
[1,1.17,1.17,0.83,1,0.83,0.83,1,1.17],
[1,1.17,1.17,0.83,1,0.83,0.83,1,1.17],
[1,1.17,1.17,0.83,1,0.83,0.83,1,1.17],
[1,1.17,1.17,0.83,1,0.83,0.83,1,1.17],
[2,2.33,2.33,1.67,2,1.67,1.67,2,2.33],
[2,2.33,2.33,1.67,2,1.67,1.67,2,2.33],
[2,2.33,2.33,1.67,2,1.67,1.67,2,2.33],
[2,2.33,2.33,1.67,2,1.67,1.67,2,2.33],
[2,2.33,2.33,1.67,2,1.67,1.67,2,2.33],
[3,3.5,3.5,2.5,3,2.5,2.5,3,3.5],
[3,3.5,3.5,2.5,3,2.5,2.5,3,3.5],
[3,3.5,3.5,2.5,3,2.5,2.5,3,3.5],
[3,3.5,3.5,2.5,3,2.5,2.5,3,3.5],
[4,4.67,4.67,3.33,4,3.33,3.33,4,4.67],
[4,4.67,4.67,3.33,4,3.33,3.33,4,4.67],
[4,4.67,4.67,3.33,4,3.33,3.33,4,4.67],
[5,5.83,5.83,4.17,5,4.17,4.17,5,5.83],
[5,5.83,5.83,4.17,5,4.17,4.17,5,5.83],
[6,7,7,5,6,5,5,6,7]]
[1,1,1,1,1,1,2,2,2,2,2,3,3,3,3,4,4,4,5,5,6,1,1,1,1,1,1,2,2,2,2,2,3,3,3,3,4,4,4,5,5,6,1,1,1,1,1,1,2,2,2,2,2,3,3,3,3,4,4,4,5,5,6,1,1,1,1,1,1,2,2,2,2,2,3,3,3,3,4,4,4,5,5,6,1,1,1,1,1,1,2,2,2,2,2,3,3,3,3,4,4,4,5,5,6,1,1,1,1,1,1,2,2,2,2,2,3,3,3,3,4,4,4,5,5,6,1,1,1,1,1,1,2,2,2,2,2,3,3,3,3,4,4,4,5,5,6,2,2,2,2,2,2,4,4,4,4,4,6,6,6,6,8,8,8,10,10,12,2,2,2,2,2,2,4,4,4,4,4,6,6,6,6,8,8,8,10,10,12,2,2,2,2,2,2,4,4,4,4,4,6,6,6,6,8,8,8,10,10,12,2,2,2,2,2,2,4,4,4,4,4,6,6,6,6,8,8,8,10,10,12,2,2,2,2,2,2,4,4,4,4,4,6,6,6,6,8,8,8,10,10,12,2,2,2,2,2,2,4,4,4,4,4,6,6,6,6,8,8,8,10,10,12,3,3,3,3,3,3,6,6,6,6,6,9,9,9,9,12,12,12,15,15,18,3,3,3,3,3,3,6,6,6,6,6,9,9,9,9,12,12,12,15,15,18,3,3,3,3,3,3,6,6,6,6,6,9,9,9,9,12,12,12,15,15,18,3,3,3,3,3,3,6,6,6,6,6,9,9,9,9,12,12,12,15,15,18,3,3,3,3,3,3,6,6,6,6,6,9,9,9,9,12,12,12,15,15,18,4,4,4,4,4,4,8,8,8,8,8,12,12,12,12,16,16,16,20,20,24,4,4,4,4,4,4,8,8,8,8,8,12,12,12,12,16,16,16,20,20,24,4,4,4,4,4,4,8,8,8,8,8,12,12,12,12,16,16,16,20,20,24,4,4,4,4,4,4,8,8,8,8,8,12,12,12,12,16,16,16,20,20,24,5,5,5,5,5,5,10,10,10,10,10,15,15,15,15,20,20,20,25,25,30,5,5,5,5,5,5,10,10,10,10,10,15,15,15,15,20,20,20,25,25,30,5,5,5,5,5,5,10,10,10,10,10,15,15,15,15,20,20,20,25,25,30,6,6,6,6,6,6,12,12,12,12,12,18,18,18,18,24,24,24,30,30,36,6,6,6,6,6,6,12,12,12,12,12,18,18,18,18,24,24,24,30,30,36,7,7,7,7,7,7,14,14,14,14,14,21,21,21,21,28,28,28,35,35,42] 
[5.39,5.48,8.39,6.33,7.2,8.5,7.37,6.44,8.26] 
[0.02,0.02,0.01,0.02,0.01,0.02,0.02,0.02,0.02] 
[6,7,7,5,6,5,5,6,7] 
[1.83,1.98,1.81,2.13,2.16,1.84,1.86,2.18,1.83]