588
42
9
324000
[[0,0,0,0,0,0,0,0,0],
[0,0,0,0,0,0,0,0,0],
[0,0,0,0,0,0,0,0,0],
[0,0,0,0,0,0,0,0,0],
[0,0,0,0,0,0,0,0,0],
[0,0,0,0,0,0,0,0,0],
[16.65,0.02,0.09,9.9,0.33,9.2,0.02,0.09,3.73],
[3.73,17.94,0.7,0.01,18.79,7.14,6.16,0.36,5.68],
[4.74,1.81,1.77,0.1,3.25,19.66,0.08,20.48,0.28],
[0.08,5.31,0.36,0.97,0.22,20.67,7.33,0.19,0.9],
[0.88,0.31,2.23,21.06,0.03,0.03,1.69,0.74,8],
[8.33,11.61,0.36,6.8,14.4,5.49,4.37,0.18,3.2],
[8.45,9.37,2.38,0.05,9.48,9.97,4.61,12.08,3.13],
[2.81,6.81,0.89,0.91,2.87,13.45,4.44,12.48,1.12],
[0.47,2.89,2.32,17.69,0.11,14.32,3.67,0.37,7.72],
[7.77,8.77,1.83,4.85,10.42,10.37,4.87,9.05,2.22],
[7.29,7.85,1.75,0.71,6.35,9.72,4.52,10.9,2.22],
[2.97,5.56,1.64,14.91,2.2,10.45,3.05,10.49,7.36],
[6.51,7.18,1.59,3.7,7.91,9.07,4.25,9.79,1.83],
[7.59,6.13,1.77,12.45,4.76,8.94,3.39,10.99,5.78],
[6.52,5.81,1.54,10.95,6.43,8.12,3.44,10.94,5.18],
[0,0,0,0,0,0,0,0,0],
[0,0,0,0,0,0,0,0,0],
[0,0,0,0,0,0,0,0,0],
[0,0,0,0,0,0,0,0,0],
[0,0,0,0,0,0,0,0,0],
[0,0,0,0,0,0,0,0,0],
[0.25,5.31,6.62,1.62,12.7,13.06,14.85,3.7,9.81],
[1.02,2.53,9.07,3.51,1.69,20.1,6.59,16.53,14.47],
[13.94,24.43,3,0.04,2.74,1.55,0.12,0.06,0.5],
[32.16,13.57,6.96,2.65,0.3,0.2,0.43,16.94,0.95],
[10.63,0.26,4.21,1.98,2.78,2.29,3.81,23.32,5.22],
[1.19,7.68,5.3,1.83,12.69,11.3,7.7,8.27,8.25],
[7.46,12.73,4.57,2.13,1.52,10.71,5.07,10.37,8.19],
[16.62,13.2,9.68,1.99,2.62,0.8,0.22,12.03,0.51],
[16.2,7.97,3.84,1.56,1.45,1.21,3.68,13.59,2.63],
[4.97,9.96,3.7,1.42,8.54,7.68,5.43,7.16,5.8],
[11.16,8.91,6.93,2.06,1.75,7.76,3.47,11.21,7.03],
[11.34,8.84,6.5,1.36,2.03,1.86,2.73,10.02,2.09],
[8.64,8.2,6.56,1.6,6.43,6.05,4.08,8.41,5.33],
[8.53,6.7,5.2,1.67,1.54,6,3.66,11.18,5.64],
[6.98,6.67,5.3,1.36,5.87,5.07,4.61,9.02,4.62],
[0,0,0,0,0,0,0,0,0],
[0,0,0,0,0,0,0,0,0],
[0,0,0,0,0,0,0,0,0],
[0,0,0,0,0,0,0,0,0],
[0,0,0,0,0,0,0,0,0],
[0,0,0,0,0,0,0,0,0],
[0.62,6.48,21,0.3,2.58,27.75,10.35,0.4,1.86],
[19.22,9.77,3.3,1.01,4.65,25.92,15.9,3.35,5.85],
[12.65,0.27,0.98,6.3,1.71,36.89,2.1,2.88,25.42],
[0.72,1.1,2,7.88,11.28,2.08,2.46,4.65,16.7],
[20.74,1.55,24.08,1.22,2.42,0.3,16.53,13.42,19.85],
[10.93,5.53,10.65,0.51,2.51,17.9,8.95,1.73,2.94],
[10.85,7.77,4.05,6.55,2.36,21.26,15.86,2.08,12.72],
[10.93,0.55,2.92,4.76,5.73,20.14,1.53,2.58,14.34],
[11.73,0.89,12.76,4,5.65,2.11,16.92,6.78,12.23],
[7.69,5.22,7.33,4.82,1.76,21.77,10.57,1.39,9.5],
[8.78,5.23,6.29,4.69,6.71,14.59,10.84,2.73,9.65],
[11.21,0.62,8.55,3.17,3.85,13.56,11.73,5.61,15.38],
[6.69,3.94,6.97,3.74,5.05,17.75,8.13,2.12,7.68],
[10.77,4.82,8.08,3.62,5.32,10.95,13.09,4.42,11.61],
[9.07,3.86,9.36,3.14,4.3,14.51,10.59,3.54,10.26],
[0,0,0,0,0,0,0,0,0],
[0,0,0,0,0,0,0,0,0],
[0,0,0,0,0,0,0,0,0],
[0,0,0,0,0,0,0,0,0],
[0,0,0,0,0,0,0,0,0],
[0,0,0,0,0,0,0,0,0],
[21.65,2.25,6.06,2.81,5.81,3.81,0.28,7.41,3.41],
[29.34,19.97,0.11,8.04,0,8.99,15.74,0.53,4.68],
[15.24,0.68,3.95,2.4,5.78,9.03,10.72,0.19,11.66],
[2.55,3.51,10.35,3.48,0.04,7.3,3.81,2.25,0.05],
[14.74,4.9,1.98,0,0.56,2.55,29.03,2.23,12.1],
[17.19,10.35,4.66,4.06,3.98,12.43,12.08,3.97,8.05],
[15.62,11.31,3.15,4.03,3.75,6.01,8.98,0.69,5.97],
[7.7,3.83,5.27,1.99,4.21,5.47,13.94,1.19,8.31],
[7.44,2.84,11.24,2.25,0.3,9.44,14.88,1.49,7.59],
[13.16,8.26,7.69,2.73,3.87,8.35,8.16,2.65,6.29],
[10.74,7.97,3.68,4.27,4.1,5.44,9.94,0.93,5.56],
[13.44,2.79,7.69,1.56,2.82,6.52,13.78,1,7.95],
[9.89,6.36,6.13,3.21,3.66,8.63,8.22,2.88,5.33],
[12.25,6.89,5.77,3.86,3.21,7.38,11.76,0.93,6.01],
[12.39,6.06,6.46,3.14,2.97,11.1,10.79,2.33,6.33],
[0,0,0,0,0,0,0,0,0],
[0,0,0,0,0,0,0,0,0],
[0,0,0,0,0,0,0,0,0],
[0,0,0,0,0,0,0,0,0],
[0,0,0,0,0,0,0,0,0],
[0,0,0,0,0,0,0,0,0],
[0.41,14.31,3.1,15.62,15.74,13.21,0.03,10.9,0.08],
[3.54,13.52,0.07,18.67,0.03,0.02,9.12,21.19,21.85],
[1.77,20.42,0.92,0.14,0.9,4.74,15.74,2.25,6.3],
[3.65,24.01,1.19,0.01,0.12,35.45,1.05,5.31,0.5],
[0.01,4.09,7.53,8.74,3.51,13.42,11.62,1.39,0.29],
[3.43,9.28,2.43,11.48,10.98,9.18,6.44,11.26,13.72],
[1.87,11.55,0.49,11.48,0.51,3.39,8.58,11.02,10.94],
[1.92,14.86,2.11,0.12,0.9,18.15,8.48,7.34,3.35],
[2.54,12.13,3.82,6.03,2.85,18.04,10.77,2.66,0.27],
[2.29,11.73,1.64,8.36,7.44,12.21,6.09,7.62,9.27],
[2.61,12.55,1.67,8.25,0.76,12.17,5.91,8.92,7.47],
[1.7,9.94,2.84,5.02,3.53,12.19,9.49,5.26,2.64],
[3.34,11.11,1.84,6.53,5.58,13.61,4.63,7.24,7.43],
[2.66,9.45,2.17,8.01,3.2,9.17,7.91,6.7,5.61],
[3.63,8.89,2.5,7.01,5.61,11.22,6.89,5.84,5.98],
[0,0,0,0,0,0,0,0,0],
[0,0,0,0,0,0,0,0,0],
[0,0,0,0,0,0,0,0,0],
[0,0,0,0,0,0,0,0,0],
[0,0,0,0,0,0,0,0,0],
[0,0,0,0,0,0,0,0,0],
[4.81,0.25,0.03,0.29,0.28,0.25,2.33,0.34,16.25],
[2.71,0.74,0.44,8.99,6.55,3.67,0.5,13.42,0.95],
[12.15,1.17,1.66,15.29,13.99,7.57,0.9,1.23,1.79],
[24.08,0,4.23,16.94,21.52,20.16,19.47,3.1,19.78],
[0.85,0,4.03,0.2,11.91,24.92,2.06,2.55,21.39],
[7.42,0.38,0.39,7.26,3.65,3.26,2.61,10.61,8.84],
[6.08,0.65,1.97,8.37,7.31,3.98,1.38,7.05,0.96],
[12.75,0.83,2.16,10.76,12.11,10.25,10.79,4.19,10.42],
[13.61,0,8.27,12.67,11.61,15.11,10.13,5.65,13.73],
[6.32,0.48,1.86,6.34,4.88,3.02,3.6,8.24,7.95],
[8.96,0.56,1.79,8.73,9.37,8.08,7.2,5.52,8.17],
[9.21,0.62,5.8,8.96,9.36,11.08,7.9,7.73,9.16],
[10.11,0.49,1.6,7.93,7.21,7.2,6.22,6.33,9.39],
[7.54,0.46,4.35,8.72,7.61,8.6,6,6.76,7.3],
[9.44,0.45,3.5,8.78,6.15,7.35,5.27,6.52,9.25],
[0,0,0,0,0,0,0,0,0],
[0,0,0,0,0,0,0,0,0],
[0,0,0,0,0,0,0,0,0],
[0,0,0,0,0,0,0,0,0],
[0,0,0,0,0,0,0,0,0],
[0,0,0,0,0,0,0,0,0],
[9.95,8.82,10.17,1.84,15.62,0.5,1.57,3.7,0.61],
[0,1.75,3.08,3.28,3.48,23.87,4.5,1.66,11.66],
[0.01,9.42,11.81,0.88,2.18,0.42,1.11,0.14,18.06],
[6.85,6.59,0.15,0.05,3.78,11.96,4.29,1.14,0.68],
[2.76,1.17,10.53,0.08,4.21,0.19,6.41,8.2,17.64],
[6.66,4.43,12.56,5.05,7.82,18.55,5.81,1.92,6.41],
[0.01,10.15,5.91,1.64,5.62,14.08,2.25,1.51,10.14],
[4.42,5.42,7.08,0.48,2.06,9.75,2.15,1.11,14.84],
[3.51,3.32,7.97,0.13,7.98,7.1,3.64,4.19,9.9],
[5.1,7.33,9.1,3.63,6.2,16.41,4.18,1.45,6.76],
[3.27,6.77,4.81,1.11,3.8,11.95,3.66,2.52,9.94],
[2.95,3.69,7.51,0.33,5.45,8.69,2.56,2.8,12.38],
[5.06,5.55,6.93,2.95,4.97,13.01,5.95,2,7.58],
[2.48,5.49,5.64,0.91,4.97,9.6,3.12,2.86,9.59],
[4.07,4.65,8.22,2.63,6.52,10.54,4.82,2.51,7.67],
[1.51,19.22,0,7.72,23.32,21.39,16.07,4.59,8.32],
[5.51,4.87,8.49,2.69,0.48,4.09,0,0.01,4.74],
[0.35,13.11,0.87,0.02,24.43,26.35,0.01,21,16.07],
[0.92,7.11,0.28,0.07,2.21,0.3,0.03,0.04,7.68],
[19.66,1.66,7.33,0.15,0.22,19.78,4.9,15.07,7.84],
[4.47,1.53,4.62,31.52,5.31,9.64,1.08,0.01,5.35],
[5.84,9.02,3.69,4.06,9.43,8.55,7.65,1.97,4.6],
[2.1,7.16,3.91,1.55,9.84,10.69,4.25,9,7.28],
[6.25,8.9,1.95,0.07,8.88,10.58,0.08,10.05,7.92],
[12.75,8.9,3.23,1.21,0.81,9.5,3.53,8.48,5.79],
[10.98,1.25,6.08,12.24,2.22,10.28,2.06,10.43,4.45],
[3.83,8.3,2.53,3.56,10.86,10.71,5.95,6.32,6.06],
[6.85,8.94,2.92,0.97,6.59,8.71,3.88,10.21,5.94],
[8.87,8.01,4.33,1.16,5.37,11.14,2.27,9.82,6.77],
[8.75,6.14,3.71,9.71,1.84,9.48,3.06,6.65,4.85],
[5.54,9.17,2.45,2.77,8.15,9.58,5.07,8.43,5.44],
[8.01,7.41,4.34,1.28,4.85,9.25,3.64,9.48,5.92],
[7.5,6.26,3.9,8.11,4.84,10.54,2.55,8.8,5.94],
[6.92,7.9,4.01,2.38,6.41,9.73,4.64,8.23,5.53],
[7.49,6.02,3.98,6.63,4.41,8.92,3.18,9.86,5.65],
[6.52,6.68,3.72,6.29,5.79,9.29,4.11,9.18,5.42],
[8.28,4.74,1.22,4.32,13.26,2.69,10.49,0.03,0.71],
[9.99,7.14,0.82,0.06,2.83,0,14.69,1.25,0.86],
[4.99,1.3,4.41,9.81,3.15,0.35,7.41,1.25,0.21],
[25.56,18.67,0.39,29.72,1.41,17.94,20.42,6.55,22.98],
[0.05,0.17,21.85,1.04,2.65,10.49,5.25,13.78,2.83],
[1.13,1.81,5.22,12.45,3.03,1.39,13.89,22.85,14.85],
[6.37,3.97,9.21,1.55,9.82,14.04,8.46,1.51,3.89],
[6.89,6.52,5.63,3.42,2.12,15.4,7.7,6.63,6.81],
[10.19,9.92,1.69,14.39,1.54,15.02,9.48,3.23,13.24],
[15.62,7.44,7.66,10.49,3.89,10.07,8.69,7.42,12.88],
[10.57,0.75,10.38,4.51,3.62,4.12,7.12,12.44,13.46],
[5.81,5.46,6.62,2.93,6.92,12.01,6.96,4,4.48],
[9.71,8.22,3.83,8.68,1.63,13.68,9.14,5.42,9.61],
[11.64,6.01,5.72,8.85,3.67,11.53,6.75,5.85,9.15],
[12.36,5.39,7.24,8.89,3.16,6.32,8.87,9.02,13.06],
[8.23,6.76,4.78,6.93,5.21,12.77,8.44,3.93,7.52],
[9.93,6.06,5.86,6.36,3.64,11.27,7.29,6.02,8.44],
[9.81,4.66,6.48,8.1,3.08,8.93,7.4,7.51,11.64],
[8.65,5.51,6.27,5.54,5.32,11.19,7.2,4.7,6.83],
[9.17,5.17,5.9,6.33,3.16,8.98,7.53,7.22,9.83],
[8.27,4.99,6.68,5.67,4.65,9.53,7.32,5.93,8.5],
[21.13,4,0.06,0.34,3.15,0,5.25,0.42,7.53],
[0.53,0.91,3.54,2.9,5.02,11.05,2.12,7.3,0.22],
[3.1,0.15,0.07,0.02,0.02,22.71,2.06,0.02,0.05],
[2,0.91,10.53,15.46,0.9,18.61,10.81,1.98,3.38],
[14.91,3.18,2.08,0.55,20.35,0.03,13.47,0.56,6.09],
[20.54,0.66,23.74,0.17,4.87,3.89,33.46,8.53,29.88],
[12.15,4.37,9.47,1.91,2.83,12.37,3.66,3.3,2.62],
[17.22,9.97,1.57,3.43,2.5,11.98,11.94,2.64,3.59],
[10.98,0.37,3.7,5.31,2.6,15.34,4.85,1.42,13.06],
[5.73,2.78,7.78,5.48,8.74,6.48,10.16,3.07,5.65],
[11.9,3.27,10.65,0.42,8.51,1.49,15.93,7.46,12.15],
[14.59,6.79,6.25,2.14,2.62,12.27,8.44,2.6,4.68],
[11.6,7.78,3.06,6.26,2.58,11.46,9.94,2.31,7.9],
[10.75,2.12,4.91,3.33,5.86,10.25,8.22,1.86,9.07],
[7.7,2.33,9.6,3.37,6.3,5.04,12.81,5.03,9.49],
[11.51,6.22,6.56,4.56,2.41,13.21,8.29,2.19,6.77],
[10.52,6.05,4.61,4.65,4.97,8.92,9.49,2.46,6.52],
[10.79,1.82,6.96,2.46,4.88,8.79,10.94,3.81,10.91],
[10.76,5.2,6.06,3.73,4.39,11.93,8.16,2.64,5.94],
[10.46,5.59,6.23,3.92,4.41,8.17,11.11,3.77,8.51],
[10.68,5.08,7.23,3.36,4.06,11.66,9.72,3.47,7.66],
[26.65,16.13,0.92,0.02,0,0.01,0.59,0.94,0.03],
[0.02,3,0.07,29.95,2.31,3.15,0.17,0.15,5.35],
[11.62,0.88,0.04,2.83,2.67,1.16,0.29,18.18,0.04],
[0.7,7.57,7.57,0.05,9.55,16.88,1.51,5.45,1.22],
[0.27,16.19,0.39,2.35,8.69,20.67,3.05,2.33,4.12],
[11.57,0.04,12.45,2.18,0.11,6.16,0.05,1.48,3.95],
[11.58,11.03,3.3,10.86,7.55,6.25,0.34,6.41,2.2],
[12.75,12.35,0.1,11.3,1.67,3.09,8.29,10.85,9.59],
[8.67,7.58,2.71,1.19,5.94,6.13,9.34,8.07,6.27],
[2.37,9.44,5.74,1.45,6.13,14.28,1.66,5,1.82],
[6.3,5.42,4.58,2.91,3.14,13.56,13.93,2.46,4.13],
[13,10.83,2.97,7.1,6.63,8.69,7.44,8.2,9.06],
[8.13,9.14,1.81,7.28,4.3,5.3,7.15,7.94,6.83],
[5.36,7.8,3.62,1.44,5.97,9.6,8.97,7.81,5.4],
[4.27,6.06,6.02,3.31,3.96,11.56,10.27,3.38,3.23],
[9.7,9.12,4.06,5.29,6.22,9.67,6.12,6.66,6.72],
[6.49,9.35,2.6,5.59,5.1,7.55,6.8,6.81,5.62],
[6.55,5.6,4.52,2.9,5.01,8.59,9.98,5.8,4.6],
[8.01,9.17,3.63,4.45,5.97,9.89,5.74,6.49,5.69],
[6.66,7.57,3.54,5.62,4.86,7.47,8.74,5.49,5.18],
[7.9,7.7,4.11,4.83,5.26,10.21,8.05,5.45,5.62],
[36.38,0.09,1.77,6.44,1.6,3.67,0.82,0.47,17.05],
[10.26,8.86,0.07,3.81,10.44,1.48,5.12,11.57,0.15],
[0.11,0.03,0.02,0.4,0.72,0.3,0,23.67,10.95],
[20.16,12.95,5.68,8.49,13.26,19.16,23.67,5.09,4.56],
[5.41,1.86,2,1.69,1.81,36.81,0.33,3.28,2.58],
[2.23,0.49,11.14,22.18,0.05,6.7,6.48,4.96,6.16],
[15.95,6.05,1.23,5.36,5.98,4.57,2.46,6.53,8.85],
[3.46,6.4,0.17,10.33,4.97,1.31,4.02,11.89,9.02],
[7.53,9.55,1.92,6.01,8.32,6.54,9.41,9.61,7.64],
[10.02,8.84,4.21,6.08,8.09,19.01,9.91,2.84,6.81],
[2.71,1.44,4.47,9,5.34,14.8,6.18,4.03,7.35],
[9.63,4.4,1.22,7.49,6.38,5.08,4.27,8.79,9.12],
[6.8,7.91,1.32,7.95,7.1,4.64,7.32,8.15,6.46],
[6.09,6.66,2.74,4.42,5.86,11.7,8.91,6.49,6.49],
[6.49,5.43,4.85,8.12,6.21,13.31,8.57,3.53,6.21],
[10.1,6.71,1.96,6.6,6.77,6.88,6.43,7.12,7.41],
[5.87,6.65,1.97,7.31,5.79,8.72,7.13,6.32,7.13],
[4.68,4.87,3.71,6.49,5.93,9.98,7.56,5.91,6.48],
[8.7,5.72,2.08,6.48,6.27,9.44,6.04,6.06,7.49],
[4.81,5.23,2.9,8.15,5.77,7.95,6.53,5.98,6.52],
[7.33,4.75,2.77,7.33,5.78,8.44,5.88,5.63,6.97],
[39.87,5.95,2.38,1.16,0.05,13.11,12.65,2.25,3.92],
[0.94,1.07,2.18,3.59,18.12,5.81,0.6,1.02,8],
[0.48,1.33,6.59,0.5,0.03,19.28,4.21,11.47,2.44],
[7.33,9.86,4.65,13.52,4.38,0.98,3.78,3.65,16.19],
[0.17,0.26,0.08,0.05,0.36,4.09,0.16,0.84,0.16],
[0.11,2.67,30.73,0.15,24.01,6.44,2.23,0.12,0.68],
[13.76,3.35,3.4,2.18,8.01,6.31,4.43,1.39,5.74],
[0.92,0.83,3.9,5.22,6.13,9.84,1.94,8.25,4.47],
[4.73,6.6,4.52,8.59,6.01,7.49,3.33,5.13,7.62],
[11.94,4.42,2.04,7.65,8.8,12.22,8.32,1.58,10.09],
[1.2,1.16,10.53,0.16,8.45,8.41,3.42,3.64,13.26],
[8.53,2.36,5.6,5.83,5.58,8.9,3.72,5.57,6.13],
[3.03,5.03,3.39,6.63,7.72,7.81,2.14,6.08,6.3],
[7.26,4.04,3.73,5.65,5.78,11.66,6.04,3.4,10.65],
[7.37,3.19,7.39,5.75,10.56,8.9,5.51,4.05,11.29],
[7.98,4.51,4.7,6.2,6.01,8.34,3.34,4.98,6.7],
[5.65,3.65,3,5.53,6.76,9.47,4.94,4.49,8.92],
[5.37,3.33,7.09,4.49,7.73,9.32,4.64,5.31,9.72],
[8.84,3.54,3.8,5.97,6.05,9.02,5.42,4.04,7.85],
[4.66,3.3,5.77,5,8.03,8.22,4.09,5.01,8.45],
[7.48,3.25,5.91,5.88,7.35,8.15,4.66,4.38,8],
[8.89,9.61,0.79,4.18,12.67,21.11,9.05,2.83,4.4],
[5.39,11.94,7.96,2.12,1.43,2.75,9.81,0.77,2.39],
[2.68,6.85,2.21,6.26,12.54,19.84,4.78,11.42,9.63],
[14.42,9.5,0.67,18.91,3.59,13.7,13.14,4.73,11.59],
[13.83,1.57,11.01,1.05,1.4,10.58,3.38,9.63,3.97],
[2.24,1.12,9.83,16.11,2.89,4.91,7.4,14.97,19.41],
[7.63,8.62,6.63,2.91,7.05,11.82,7.56,1.78,3.16],
[5.1,7.53,5.13,3.41,7.38,12.21,5.91,6.75,5.79],
[7.21,7.18,1.44,10.67,6.59,13.97,7.21,6.9,10.3],
[14.38,6.06,4.7,7.99,2.78,10.18,6.82,6.12,8.63],
[11.53,1.08,8.46,8.09,2.34,6.28,5.09,10.11,10.37],
[5.82,7.11,4.71,3.65,8,13.23,5.96,4.93,4.74],
[8.18,7.53,3.38,7.22,5.58,11.07,6.98,6.91,7.12],
[9.72,5.52,3.81,7.03,4.88,12.31,5.63,6.79,8.07],
[11.14,4.45,5.55,9.99,2.56,7.93,6.47,7.61,10.29],
[7.62,7.26,3.68,6.2,6.48,12.11,6.73,5.75,6.12],
[9.01,6.19,4.48,5.54,5.12,10.21,5.88,6.83,6.56],
[8.61,4.49,4.83,9.25,4.14,10.53,5.61,7.73,9.52],
[8.49,6.23,4.6,5.06,5.84,11.33,5.92,5.99,5.81],
[8.85,5.25,5.06,7.77,4.43,9.03,5.81,7.82,7.97],
[8.35,5.46,5.22,6.9,5.15,10.29,5.85,7.06,7.11],
[10.79,2.93,0.67,2.3,15.25,1.8,5.54,0.38,7.03],
[5.48,7.07,1.77,1.69,2.72,7.33,7.48,7.71,1.01],
[8.02,0.67,3.36,6.82,2.29,13.49,8.92,0.74,0.11],
[13.61,10.3,5.93,15.83,2.29,12.18,10.91,3.29,11.7],
[9.37,2.72,11.46,1.56,10.44,6.64,6.87,11.42,8.72],
[11.24,0.92,11.88,7.43,2.7,5.08,17.19,11.61,15.78],
[8.86,4.2,7.14,1.66,7.7,11.48,5.3,3.24,3.68],
[10.55,8.72,3.4,3.66,2.06,11.21,8.5,5.16,5.13],
[9.58,6.23,4.22,9.15,2.11,11.51,8.25,1.99,10.32],
[10.81,5.25,7.22,6.99,6,7.58,7.66,5.9,9.73],
[9.3,2.03,9.48,3.61,5.67,5.13,10.34,9.22,10.51],
[9.42,6.63,5.31,2.86,5.39,10.62,7.53,3.74,5.1],
[10.02,8.05,3.62,6.5,2,10.11,8.05,4.05,7.51],
[10.89,4.76,5.52,6.2,4.33,9.35,7.74,4.25,8.63],
[9.69,4.12,7.5,6.23,4.45,6.5,9.27,6.6,10.06],
[9.33,6.7,5.33,5.17,4.59,10.51,7.61,3.38,6.74],
[9.9,6.35,4.85,5.21,3.67,8.66,7.39,5.03,7.15],
[9.97,3.76,6.22,5.87,3.66,8.66,8.77,5.29,9.58],
[9.55,5.69,5.83,4.49,5.24,9.66,7.04,4.29,6.62],
[9.4,5.51,5.51,5.21,3.28,8.05,8.34,5.62,8.04],
[9.19,5.25,6.28,4.64,4.66,9.49,7.96,4.9,7.45],
[16.03,8.07,0.81,0.3,2.14,0.01,2.72,1.33,5.36],
[0.43,1.51,2.08,15.69,7.16,5.53,1.92,4.26,2.99],
[5.81,0.93,0.11,1.76,1.96,12.5,1.05,11.73,0.08],
[1.01,7.4,6.12,9.73,5.01,11.84,10.91,2.76,4.42],
[8.77,8.13,1.05,1.18,10.5,14.32,6.74,1.17,3.47],
[11.13,0.59,12.66,1.16,2.84,3.44,21.44,4.3,15.31],
[8.12,7.91,6.32,6.59,5.24,10.07,2.28,4.18,3.34],
[11.59,9.45,0.97,6.99,4.03,7.46,9.22,7.22,6.94],
[7.88,4.89,2.49,4.71,4.23,11.57,7.02,5.82,9.82],
[4.38,6.47,5.05,4.41,6.73,11.93,7.48,3.94,4.55],
[8,3.62,8.08,2,5.81,8.58,12.76,4.86,7.66],
[11.31,8.19,4.54,4.57,5.04,10.09,6.93,5.58,6.97],
[7.98,7.79,2.16,6.87,4.44,8.64,8.5,5.51,7.67],
[7.28,5.1,3.62,3.24,5.28,11.05,7.69,5.7,7.05],
[5.77,4.52,6.96,3.76,5.01,8.63,10.71,4.16,6.7],
[8.72,7.3,4.63,5.21,4.67,12.1,7.05,4.62,6.89],
[7.42,7.43,3.45,5.21,5.15,9.04,7.74,5.09,6.22],
[7.33,3.87,5.21,3.25,4.61,9.17,9.55,5.23,8.11],
[8.12,7.06,4.43,4.26,5.28,11.59,6.65,4.78,5.95],
[7.49,6.34,4.63,4.84,4.65,8.02,9.42,4.97,7.13],
[8.06,6.19,5.42,4.25,4.74,10.93,8.32,4.61,6.72],
[21.26,10,2.65,4.05,1.04,2.57,1.41,1.38,10.9],
[7.12,11.35,0.05,15.39,5.23,1.65,4.14,8.69,3.07],
[8.55,0.71,0.06,2.86,1.33,0.58,0.21,14.07,6.89],
[11.41,7.08,4.46,6.15,7.7,12.04,12.8,3.51,2.28],
[4.6,8.37,1,4.03,9.64,19.93,1.59,5.58,6.63],
[5.81,0.26,7.88,11.6,0.06,12.85,4.75,6.1,10.03],
[13.92,10.77,2.36,7.98,4.79,4.16,2.55,6.94,6],
[8.4,10.23,0.15,8.64,3.15,2.6,5.69,9.29,8.05],
[8.19,5.87,2.16,4.1,6.97,5.9,7.84,7.03,7.18],
[6.53,6.77,4.89,4.38,8.05,12.89,7.65,3.92,5.19],
[4.7,3.46,3.58,6.65,5.27,13.12,9.51,5.89,6.85],
[11.2,8.99,2.16,6.43,5.15,6.39,5.96,8.01,7.87],
[8.17,8.37,1.69,6.95,5.69,4.69,7.09,6.73,6.23],
[6.56,5.77,3.11,3.6,6.78,8.69,9.3,6.02,6.24],
[6.23,4.46,5.85,5.74,5.4,11.31,9.15,4.56,5.78],
[10.22,8.07,3.35,5.8,5.63,6.99,6.67,6.51,6.52],
[6.8,7.74,2.29,5.94,5.9,7.05,7.65,6,6.07],
[6.68,4.24,4.47,4.9,5.75,8.65,8.58,5.87,6.39],
[8.77,7.6,3.1,5.27,5.9,8.6,6.68,6.22,6.36],
[6.6,6.2,3.53,6.37,5.36,7.39,7.64,5.97,6.2],
[8.42,6.33,3.77,5.73,5.22,8.77,7.13,5.97,6.43],
[25.44,4.52,1.4,3.25,0.91,15.81,11.13,1.13,8.53],
[5.4,8.67,1.24,7.4,9.87,2.91,4.99,10.69,6.17],
[0.24,0.78,4.63,0.89,0.6,11.44,2.87,12.44,12.38],
[10.22,7.67,3.46,7.53,6.68,16.31,11.99,2.95,8.1],
[4.37,1.88,1.66,0.97,0.91,19.09,0.17,1.64,2.26],
[1.23,1.34,15.58,13.68,15.28,4.38,3.27,3.9,3.19],
[12.51,5.39,2.8,4.54,7.95,8.27,6.46,4.98,6.72],
[2.26,4.47,2.83,8.87,4.24,6.27,3.32,9.26,7.75],
[4.52,8.39,3.88,5.19,5.44,11.1,6.2,6.2,8.2],
[7.94,7.47,2.56,4.6,5.63,14.42,6.85,2.01,6.53],
[2.71,1.91,7.95,6.19,7.19,9.59,5,4.34,8.02],
[7.94,3.93,4.44,6.71,6.28,8.1,4.94,6.32,7.3],
[4.28,7.48,2.81,7.45,6.14,8.1,5.15,6.57,7],
[5.04,6.24,3.88,3.63,4.18,11.94,6.23,4.5,7.82],
[5.27,5.03,5.87,6.29,7.34,10.14,6.3,3.53,7.13],
[8.02,6.46,3.86,6.25,6.22,8.88,5.8,5.26,6.81],
[4.65,6.11,3.05,6.25,4.9,9.41,5.54,5.3,7.72],
[3.89,4.83,5.71,5.19,5.88,9.49,5.55,4.83,7.51],
[7.37,5.52,3.51,5.78,5.6,9.79,5.96,4.67,7.29],
[3.83,5.04,4.66,6.88,6.11,8.06,5.1,5.33,7.17],
[6.22,4.76,4.85,6.42,6.41,8.58,5.51,4.68,6.94],
[8.5,8.43,0.64,2.79,11.8,17.56,7.11,1.89,5.68],
[3.77,13.99,5.36,1.9,1.87,5.31,7.15,6.36,1.66],
[6.44,4.92,2.4,6.52,8.41,16.76,8.37,8.04,7.19],
[10.95,6.87,3.97,12.68,4.89,9.99,8.81,3.22,7.82],
[11.7,4.13,7.64,1.9,7.36,7.18,6.4,8.28,6.18],
[11.75,0.8,10.02,10.74,3.57,4.76,11.58,10.01,15.2],
[8.84,9.7,5.67,2.61,6.03,11.98,6.15,3.54,3.16],
[8.48,8.98,3.8,3.73,5.39,10,6.95,6.91,5.08],
[7.54,5.6,3.32,8.31,6.23,11.46,7.58,4.99,9.09],
[10.67,5.05,5.21,6.35,5.62,8.38,6.52,4.96,7.2],
[10.91,2.32,7.57,6.05,4.88,5.39,7.85,7.85,9.17],
[8.37,8.03,4.29,3.44,6.65,12.19,6.55,5.14,4.94],
[8.82,7.65,3.65,6.01,4.81,9.22,6.86,5.87,6.33],
[9.07,4.73,4.2,5.98,6.02,10.1,6.63,5.43,7.54],
[10.16,3.9,6.11,7.74,4.57,7.52,7.42,5.88,8.91],
[8.46,7.3,4.5,5.11,5.89,10.94,6.57,5.13,5.78],
[8.99,6.55,4.24,5.05,5.14,8.59,6.33,6.07,5.98],
[9.02,3.87,5.09,7.38,5.18,9.34,7.2,6,8.57],
[8.78,6.52,4.77,4.48,5.93,10.35,6.2,5.56,5.63],
[9.13,5.63,4.94,6.63,4.63,8.22,6.86,6.46,7.14],
[8.87,5.8,5.26,5.84,5.37,10.05,6.68,6.07,6.67],
[11.86,7.76,0.73,1.55,13.12,1.31,3.75,1.32,7.3],
[3.75,4.74,1.42,10.9,4.83,4.98,5,6.73,2.1],
[6.45,0.78,2.82,4.7,4.23,10.81,6.83,10.81,0.09],
[10.31,8.76,4.27,10.72,3.65,11.62,9.11,4.72,8.07],
[8.19,5.45,8.38,1.29,7.08,10.84,4.58,7.63,5.83],
[7.76,0.66,8.46,7.78,1.96,3.68,14.3,8.11,10.59],
[7.7,6.44,5.55,5.66,7.75,10.17,3.81,3.88,4.34],
[8.44,8.27,2.46,6.88,3.92,8.24,7.59,7.53,7.03],
[8.1,7.5,3.15,6.69,3.7,11.12,8.18,6.68,8.36],
[8.26,7.24,5.76,5.17,5,10.57,5.99,5.42,7.05],
[7.43,2.65,7.85,4.13,4.55,7.61,9.69,6.83,7.55],
[8.61,7.41,4.36,4.9,6.17,9.44,6.78,5.58,6.86],
[8.19,7.99,2.73,7.31,3.68,8.74,7.43,6.09,7.48],
[8.32,6.28,4.44,4.68,4.39,10.14,7.18,6.39,6.91],
[7.57,5.21,6.19,5.68,3.93,8.14,8.72,5.67,7.41],
[8.38,7.41,4.24,5.76,5.34,10.48,6.8,5.05,7.03],
[7.84,7.25,3.95,5.64,4.18,8.8,6.61,6.04,6.76],
[7.66,4.79,5.13,5.32,3.85,8.79,8.42,6.32,7.58],
[8.07,6.96,4.69,4.8,5.41,9.99,6.17,5.3,6.61],
[7.5,6.08,4.52,5.92,3.81,7.86,7.87,6.06,7.11],
[7.74,6.07,5.19,5.24,4.87,9.46,7.44,5.44,6.9],
[19.18,6.83,2.64,2.71,1.64,1.95,2.03,2.08,8.37],
[6.52,8.28,1.64,11.1,5.86,4.34,5.85,6.65,2.49],
[5.89,1.05,0.14,2.63,1.35,9.35,0.7,9.96,4.88],
[10.38,5.98,5.41,8.03,5.14,12.63,11.62,2.52,3.25],
[6.81,5.68,1.79,2.94,8.63,13.98,4.69,4.1,4.59],
[7.69,0.43,11.85,8.24,2.17,8.72,14.59,5,12.18],
[12.76,8.95,4.71,5.97,3.86,7.3,3.41,5.02,5.18],
[8.92,9.25,0.77,6.32,3.96,5.86,7.68,7.12,6.9],
[7.98,4.26,2.44,5.55,5.3,9.64,6.12,5.46,8.89],
[7.55,5.13,5.25,5.58,7.88,11.4,8.7,3.47,6.27],
[6.32,2.7,6.49,5.24,5.97,9.73,9.62,6.15,8.53],
[11.02,7.91,3.5,4.77,4.34,8.16,6.15,6.21,6.72],
[8.51,7.52,2,6.58,4.99,7.36,8.09,5.3,6.84],
[7.66,4.29,3.58,4.5,6.05,9.98,7.81,4.93,7.16],
[6.91,3.56,6.57,5.83,5.78,9.64,9.74,4.6,7.39],
[10.18,7,4.04,5.38,4.55,9.49,7.01,5.07,6.72],
[7.75,6.75,3.08,5.59,5.69,8.25,7.84,4.95,6.38],
[7.22,3.25,5,5.05,5.26,9.07,8.65,5.43,8.13],
[9.3,6.47,3.96,4.84,5.42,10.13,6.79,5.07,6.36],
[7.33,5.59,4.32,5.76,5.09,7.9,8.54,5.36,7.15],
[8.69,5.53,4.82,5.12,4.86,9.7,7.6,5.18,7],
[22.23,7.52,1.82,2.86,0.88,13.86,10.69,1.18,7.52],
[5.48,14.02,1,11.2,6.89,3.5,5.7,11.6,4.73],
[5.92,0.74,3.74,3.33,0.91,9.98,2.7,10.6,11.45],
[7.6,6.09,4.08,5.47,5.38,11.25,8.93,3.04,5.92],
[5.36,5.59,1.2,3.36,7.24,13.42,1.23,4.04,6.73],
[3.98,0.94,15.35,10.3,11.81,8.57,3.21,6.57,7.79],
[12.21,9.52,3.26,6.03,6.76,8.47,7.06,6.26,5.35],
[6.03,8.44,2.36,7.64,3.37,5.78,4.71,9.52,7.62],
[5.9,6.15,3.4,4.25,5.32,9.41,5.96,5.85,7.77],
[6.13,6.1,3.53,3.98,6.71,11.36,6.32,3.38,6.61],
[4.05,2.82,7.33,6.02,8.39,9.42,7.72,6.36,7.46],
[9.9,7.45,4.5,5.87,5.58,8.36,6.34,6.99,6.91],
[5.95,8,2.62,6.36,5.6,6.99,5.61,6.89,6.49],
[5.93,5.45,3.78,3.63,5.45,9.96,7.18,5.15,7.33],
[5.3,4.25,6.44,5.37,7.5,9.71,7.38,4.89,6.61],
[8.81,7.39,4.41,5.41,5.72,8.41,6.47,5.8,6.26],
[5.7,7.06,2.97,5.44,5.57,8.01,6.41,6.12,6.79],
[5.63,4.19,5.92,4.8,6.41,9.12,6.83,5.7,7.17],
[8.02,6.76,3.91,4.95,5.79,9.08,6.76,5.62,6.59],
[5.4,5.73,4.83,5.93,6.35,7.75,6.32,6.34,6.67],
[7.4,5.71,5.24,5.43,6.33,8.78,6.68,5.74,6.51],
[11.17,8.84,0.62,2.12,10.42,14.6,5.38,1.82,5.76],
[2.87,10.79,4.02,10.38,3.97,4,5.43,6.66,2.91],
[5.33,4.67,2.39,4.89,7.09,12.91,7.69,11.13,5.9],
[9.91,6.71,3.21,9.51,4.47,11.4,7.48,5.14,6.11],
[9.3,4.97,6.31,1.48,5.55,12.33,4.87,6.21,4.63],
[8.81,0.68,8.48,8.99,3.11,4.14,11.19,8.28,11.46],
[8.19,9.37,4.79,5.56,6.47,11.17,4.83,4.09,3.88],
[7.17,8.53,3.1,6.92,5.57,7.83,6.61,7.91,6.45],
[6.96,6.64,2.7,6.48,5.65,10.9,7.66,7.52,8.1],
[8.78,6.6,4.53,4.95,4.63,10.55,5.51,5.09,5.71],
[8.61,2.51,6.73,5.8,4.24,8.23,7.78,6.45,7.17],
[7.98,8.03,3.85,5.09,6.94,10.94,6.11,5.87,6.15],
[7.67,7.72,2.95,7.17,4.94,8.29,6.61,6.8,6.53],
[7.56,5.95,3.62,4.72,5.22,10.53,6.42,6.81,6.55],
[8.38,4.8,5.35,6.99,4.01,8.68,7.38,5.64,7.04],
[8.06,7.65,3.83,5.75,6.06,10.64,6.15,5.78,6.12],
[7.62,7.17,3.62,5.67,4.84,8.71,5.93,6.55,5.9],
[7.48,4.66,4.48,6.64,4.74,9.34,7.31,6.8,7.24],
[7.96,7.16,4.09,4.85,5.8,10.53,5.69,5.96,5.75],
[7.74,6.03,4.28,7.02,4.48,8.07,6.81,6.63,6.59],
[7.97,6.21,4.62,6.12,5.29,10.01,6.52,6.21,6.37],
[14.49,7.85,1.99,3.97,9.97,1.97,3.34,2.26,7.81],
[6.11,7.47,1.31,8.92,4.39,4.69,5.94,6.75,1.89],
[5.67,0.83,2.47,3.96,3.49,9.67,5.48,8.96,4.08],
[12.11,8.4,4.48,10.51,4.5,11.01,11.53,3.67,7.06],
[6.43,4.26,6.39,2.3,6.47,12.7,3.55,6.82,5.24],
[6.18,0.58,8.96,9.26,1.64,6.78,10.95,9.39,9.88],
[10.41,7.62,4.43,5.87,6.39,7.94,4.3,4.37,5.39],
[7.05,7.88,1.96,6.36,3.8,6.84,6.92,7.38,7.03],
[7.96,6.72,3.3,7.09,4.56,9.5,8.16,5.7,8.71],
[9.64,6.33,5.42,5.94,6.29,10.55,7.57,4.66,7.69],
[6.16,2.17,6.93,5.24,4.96,8.69,7.91,7.42,8.3],
[8.84,7.32,3.65,5.23,5.41,8.04,6.45,6.11,6.75],
[8.16,7.77,2.57,7.24,4.19,7.58,7.75,5.79,7.22],
[8.4,5.54,4.19,5.22,5.19,9.77,7.75,5.63,7.33],
[7.98,4.5,6.05,6.47,4.79,8.73,8.47,5.86,7.99],
[9.12,7.38,3.95,6.18,5.2,8.76,7.24,5.35,7.02],
[7.92,6.76,3.53,5.85,4.8,8.26,7.16,5.7,6.99],
[7.5,4.22,4.98,5.84,4.52,8.69,8.09,6.34,8.07],
[8.85,6.66,4.23,5.3,5.52,9.23,6.64,5.41,6.84],
[7.31,5.58,4.3,6.19,4.32,7.7,7.62,6.2,7.39],
[8.18,5.71,4.75,5.67,4.96,8.77,7.21,5.81,7.21],
[18.54,5.66,1.98,2.18,1.26,11.88,8.08,1.61,6.33],
[6.02,12.27,1.58,8.76,8.37,4.22,8.09,8.79,3.6],
[4.69,0.87,3.31,3.56,1.01,11.43,2.12,8.82,9.72],
[7.92,6.17,4.4,8.25,4.04,13.82,8.75,2.32,7.15],
[5.96,4.26,2.13,2.92,6.7,10.5,3.52,3.49,5.05],
[5.79,1.13,14.03,8.71,9.15,6.55,11.28,5.19,9.31],
[11.24,8.61,4.87,4.86,5.77,9.67,7.3,4.99,4.62],
[7,8.44,2.21,6.1,4.38,7.49,6.57,7.87,6.95],
[6.21,4.92,3.53,6.09,4.41,11.44,5.15,4.99,8.94],
[6.7,5.08,4.12,5.56,6.73,11.04,7.24,3.2,7.58],
[5.48,2.4,8.43,5.41,7.41,7.59,8.26,6.45,8.76],
[9.82,7.04,5.09,4.69,4.98,9.49,6.65,5.96,6.28],
[6.77,7.43,2.72,6.51,5.29,8.77,6.74,5.73,6.93],
[6.76,4.38,4.24,4.84,5.13,10.8,6.57,4.61,7.84],
[5.98,3.72,6.93,6.07,6.95,8.99,8.22,4.81,8.09],
[8.91,6.69,4.8,5.3,4.93,10.08,6.8,4.89,6.46],
[6.63,6.44,3.57,5.54,5.54,8.89,6.8,5.33,6.89],
[6.24,3.47,6.13,5.45,5.72,9.43,7.25,5.43,8.39],
[8.34,6.05,4.53,4.82,5.43,10.19,6.74,4.93,6.51],
[6.22,5.34,5.18,5.85,5.93,8.19,7.35,5.77,7.37],
[7.7,5.2,5.8,5.2,5.76,9.51,7.21,5.21,6.98],
[12.48,8.04,1.59,3.52,8.37,11.74,4.44,2.2,6.83],
[5.19,10.37,3.23,9.43,3.66,3.84,5.58,6.25,2.85],
[4.76,4.41,2.32,4.07,5.69,10.88,6.85,10.25,6.65],
[10.62,6.73,3.61,10.35,5.67,10.29,10.51,4.12,5.65],
[8.1,4.02,5.11,2.04,5.24,12.35,4.17,6.14,4.6],
[7.79,0.58,8.25,11.25,2.86,7.48,9.05,10.35,11.77],
[10.06,8.89,4.11,5.89,5.49,9.24,4.67,4.13,4.78],
[6.34,8.08,2.64,6.58,5.22,6.74,6.32,7.7,6.38],
[7,6.43,2.99,7.05,6.27,9.63,8.34,6.63,7.95],
[9.53,5.83,4.47,5.72,5.82,10.52,6.86,4.67,6.47],
[7.75,2.09,6.08,6.72,4.57,9.05,6.71,7.57,7.92],
[8.26,7.61,3.45,5.45,6.2,9.4,5.87,6.13,6.14],
[7.71,7.51,2.89,7.42,5.32,7.42,7.24,6.44,6.37],
[7.73,5.47,3.6,5.17,5.74,10.03,7.14,6.11,6.79],
[8.5,4.19,5.38,7.41,4.8,9.16,7.43,6.14,7.65],
[8.59,7.38,3.77,6.32,5.9,9.23,6.62,5.87,6.21],
[7.65,6.66,3.4,5.93,5.29,8.26,6.53,6.16,6.16],
[7.41,4.24,4.49,6.81,5.19,9.19,7.32,6.79,7.64],
[8.46,6.69,3.88,5.37,5.85,9.72,6.09,5.9,6.07],
[7.48,5.53,4.16,7.03,4.85,7.95,6.82,6.67,6.92],
[8.15,5.73,4.39,6.34,5.34,9.39,6.46,6.38,6.71],
[15.27,6.41,1.59,3.54,8.13,9.5,9.34,1.81,6.25],
[5.48,10.15,1.29,7.35,6.81,4.21,7.09,7.76,3.01],
[4.61,0.76,5.65,3.96,2.89,10.37,4.94,8.81,8.87],
[9.69,7.4,3.76,9.36,3.65,11.62,9.44,3.64,8.17],
[5.55,3.41,5.27,2.35,5.37,10.32,2.84,5.51,5.02],
[5,0.99,11.25,8.69,7.69,5.42,9.02,9.85,8.2],
[9.72,7.67,4.6,4.97,7.11,9.32,7.51,4.42,4.79],
[5.82,7.29,3.21,5.92,4.46,7.96,6.21,7.99,7.11],
[6.53,6.65,4.28,6.67,4,10.28,6.8,5.7,8.91],
[8.61,5.93,4.45,5.51,5.6,10.09,6.63,4.18,7.77],
[5.46,2,7.95,5.07,6.44,7.16,7.11,7.52,8.42],
[8.26,6.73,5.04,4.95,5.67,9.14,7.11,6.02,6.45],
[6.74,7.67,3.2,6.68,4.66,8.57,6.8,6.26,7.16],
[7.52,5.32,4.64,5.01,4.61,10.02,6.64,5.31,7.78],
[7.07,4.33,6.31,6.12,5.89,8.19,7.49,5.98,8.12],
[8.32,7.07,4.66,5.74,5.32,9.37,7.32,5.32,6.69],
[6.97,6.51,3.85,5.48,4.89,8.65,6.48,5.86,7.17],
[6.66,4.15,5.92,5.62,5.12,8.77,7.02,6.42,8.29],
[8.17,6.29,4.65,5,5.45,9.44,6.81,5.27,6.77],
[6.39,5.38,5.01,5.85,5.24,7.87,6.84,6.54,7.46],
[7.49,5.4,5.57,5.38,5.63,8.78,7.1,5.86,7.08],
[14.09,6.99,1.33,3.16,7.04,14.25,8.48,1.85,5.7],
[4.96,11.1,3.16,7.89,6.07,3.65,6.28,6.85,3.29],
[4,3.67,5.41,3.85,4.75,12.21,5.91,9.38,9.18],
[8.88,6.21,3.14,9.1,4.73,10.44,9.12,4.32,6.89],
[7.48,3.36,4.39,2.05,4.5,10.31,3.51,5.24,4.72],
[6.73,1.01,10.99,11.19,6.99,6.28,7.85,11.43,10.46],
[9.57,8.44,4.36,5.15,6.35,9.65,6.84,4.08,4.35],
[5.46,7.55,3.97,6,5.4,7.82,5.85,7.75,6.5],
[5.95,6.3,3.96,6.47,5.48,10.45,7.15,6.42,8.16],
[8.83,5.62,3.79,5.22,5.25,10.17,6.17,4.42,6.88],
[7.19,2.02,7.27,6.57,5.65,7.67,6.2,7.98,8.06],
[7.86,7.02,4.83,5.15,6.28,9.95,6.48,5.82,5.93],
[6.57,7.46,3.52,6.72,5.39,8.32,6.58,6.61,6.45],
[7.15,5.27,4.12,4.82,5.1,10.4,6.28,5.79,7.28],
[7.81,4.16,5.78,7,5.51,8.7,6.78,6.52,7.75],
[8.01,7.1,4.48,5.85,5.84,9.69,6.83,5.66,6.06],
[6.89,6.46,3.79,5.43,5.18,8.66,6.05,6.21,6.48],
[6.8,4.16,5.5,6.45,5.39,9.37,6.53,6.93,7.89],
[8,6.36,4.35,5.03,5.7,9.83,6.31,5.66,6.15],
[6.7,5.36,4.95,6.54,5.37,8.14,6.3,6.97,7.05],
[7.64,5.47,5.26,5.96,5.75,9.3,6.49,6.37,6.68]]
[[0,0,0,0,0,0,0,0,0],
[0,0,0,0,0,0,0,0,0],
[0,0,0,0,0,0,0,0,0],
[0,0,0,0,0,0,0,0,0],
[0,0,0,0,0,0,0,0,0],
[0,0,0,0,0,0,0,0,0],
[0,0,0.01,0.04,0.01,0.02,0,0.01,0.02],
[0,0,0.01,0.01,0,0.01,0.02,0.01,0.02],
[0.02,0,0,0,0.02,0.02,0,0.01,0],
[0,0.04,0.02,0.01,0.08,0.08,0.01,0.02,0],
[0.02,0,0.04,0,0,0.02,0.02,0.04,0],
[0,0,0,0.02,0,0.01,0.01,0,0.01],
[0.01,0,0,0,0.01,0.01,0.01,0,0.01],
[0.02,0.03,0.01,0,0.04,0.04,0,0.01,0],
[0.01,0.02,0.02,0.01,0.05,0.04,0.01,0.02,0],
[0.01,0,0,0.02,0.01,0.02,0.01,0,0.01],
[0.02,0.02,0.01,0,0.03,0.03,0.01,0.01,0.01],
[0.02,0.02,0.02,0.01,0.04,0.03,0.01,0.02,0],
[0.02,0.02,0.01,0.02,0.02,0.03,0.01,0.01,0.01],
[0.02,0.02,0.01,0.01,0.03,0.02,0.01,0.01,0.01],
[0.01,0.02,0.01,0.02,0.03,0.02,0.01,0.01,0.01],
[0,0,0,0,0,0,0,0,0],
[0,0,0,0,0,0,0,0,0],
[0,0,0,0,0,0,0,0,0],
[0,0,0,0,0,0,0,0,0],
[0,0,0,0,0,0,0,0,0],
[0,0,0,0,0,0,0,0,0],
[0,0,0.02,0,0,0,0.01,0,0],
[0,0.04,0.02,0,0.02,0,0,0.04,0.02],
[0.01,0.02,0.02,0.08,0,0,0.02,0.04,0.02],
[0.02,0.02,0,0,0.04,0,0.02,0,0],
[0.02,0,0,0,0,0,0.02,0.02,0],
[0,0.02,0.01,0,0.01,0,0.01,0.04,0.02],
[0,0.02,0.01,0.05,0.01,0,0.01,0.03,0.01],
[0.02,0.01,0.01,0.04,0.03,0,0.01,0.03,0.01],
[0.01,0.02,0,0,0.02,0.01,0.01,0.01,0],
[0.01,0.02,0.01,0.04,0.01,0,0.01,0.03,0.02],
[0.02,0.02,0.01,0.04,0.02,0,0.01,0.02,0.01],
[0.02,0.02,0.01,0.04,0.02,0.01,0.01,0.02,0.02],
[0.02,0.02,0.01,0.03,0.02,0,0.01,0.02,0.01],
[0.02,0.03,0.01,0.04,0.02,0,0.01,0.02,0.01],
[0.02,0.02,0.01,0.04,0.02,0,0.01,0.02,0.01],
[0,0,0,0,0,0,0,0,0],
[0,0,0,0,0,0,0,0,0],
[0,0,0,0,0,0,0,0,0],
[0,0,0,0,0,0,0,0,0],
[0,0,0,0,0,0,0,0,0],
[0,0,0,0,0,0,0,0,0],
[0,0.04,0.02,0,0,0,0.01,0.04,0.02],
[0.02,0.04,0,0,0,0,0,0.04,0],
[0.02,0,0,0.02,0,0.02,0,0,0],
[0.04,0.04,0.02,0,0,0,0.02,0.02,0.01],
[0,0,0.02,0.02,0.02,0.02,0.01,0.02,0.02],
[0.01,0.03,0.01,0,0,0,0,0.03,0.01],
[0.04,0.04,0,0.01,0,0.01,0,0.03,0],
[0.02,0.02,0.01,0.01,0,0.01,0.01,0.01,0],
[0.03,0.03,0.01,0.02,0.01,0.02,0.01,0.01,0.02],
[0.03,0.03,0.01,0.02,0,0.01,0.01,0.02,0.01],
[0.03,0.03,0.01,0.01,0,0.01,0.01,0.02,0],
[0.02,0.02,0.01,0.02,0.01,0.02,0.01,0.01,0.02],
[0.02,0.03,0.01,0.01,0,0.01,0.01,0.02,0.01],
[0.02,0.03,0.01,0.01,0.01,0.01,0.01,0.02,0.02],
[0.02,0.02,0.01,0.01,0.01,0.01,0.01,0.02,0.02],
[0,0,0,0,0,0,0,0,0],
[0,0,0,0,0,0,0,0,0],
[0,0,0,0,0,0,0,0,0],
[0,0,0,0,0,0,0,0,0],
[0,0,0,0,0,0,0,0,0],
[0,0,0,0,0,0,0,0,0],
[0.01,0.02,0.02,0.04,0.04,0.04,0.02,0.02,0],
[0.02,0.01,0,0,0.04,0.02,0,0,0],
[0.04,0.04,0,0,0.01,0.04,0.01,0.01,0],
[0,0.02,0.04,0,0,0,0.02,0,0.01],
[0,0,0,0.02,0.02,0,0.08,0,0.01],
[0.02,0.01,0.02,0.02,0.03,0.02,0.01,0.01,0],
[0.02,0.02,0.01,0,0.02,0.02,0,0,0],
[0.03,0.02,0.02,0,0,0.02,0.02,0.01,0.01],
[0,0.01,0.04,0.01,0.01,0.01,0.04,0,0],
[0.02,0.03,0.03,0.02,0.02,0.03,0.01,0.01,0],
[0.02,0.02,0.02,0,0.02,0.02,0.02,0.01,0.01],
[0.02,0.02,0.03,0.01,0.02,0.02,0.03,0.01,0.01],
[0.02,0.02,0.03,0.01,0.02,0.03,0.02,0.01,0.01],
[0.02,0.01,0.03,0.01,0.02,0.01,0.02,0.01,0.01],
[0.01,0.02,0.03,0.02,0.02,0.02,0.02,0.01,0],
[0,0,0,0,0,0,0,0,0],
[0,0,0,0,0,0,0,0,0],
[0,0,0,0,0,0,0,0,0],
[0,0,0,0,0,0,0,0,0],
[0,0,0,0,0,0,0,0,0],
[0,0,0,0,0,0,0,0,0],
[0,0.02,0,0.02,0,0.02,0,0,0.04],
[0,0.01,0,0,0,0,0,0.02,0.02],
[0,0,0,0,0,0.04,0,0.02,0.01],
[0.01,0,0,0.02,0.02,0,0,0,0],
[0.02,0,0,0.02,0,0,0.02,0.02,0.02],
[0,0.01,0,0.02,0,0.01,0,0.01,0.02],
[0,0,0,0,0.01,0.03,0,0.01,0.01],
[0,0,0,0.01,0.01,0.03,0,0.01,0],
[0.01,0,0,0.04,0.01,0,0.01,0.01,0.01],
[0,0.01,0,0.02,0.01,0.02,0,0.01,0.02],
[0.01,0,0,0.01,0.01,0.03,0,0.01,0.01],
[0.01,0,0,0.04,0.01,0.02,0.01,0.03,0.02],
[0.01,0.01,0,0.02,0.01,0.02,0,0.01,0.01],
[0.01,0.01,0,0.03,0.01,0.02,0.01,0.02,0.01],
[0.01,0.01,0,0.03,0.01,0.02,0.01,0.02,0.02],
[0,0,0,0,0,0,0,0,0],
[0,0,0,0,0,0,0,0,0],
[0,0,0,0,0,0,0,0,0],
[0,0,0,0,0,0,0,0,0],
[0,0,0,0,0,0,0,0,0],
[0,0,0,0,0,0,0,0,0],
[0,0.02,0.02,0,0,0,0,0.02,0],
[0.01,0,0.01,0.01,0,0.02,0.01,0,0.02],
[0.02,0,0.01,0,0.01,0.02,0.02,0.08,0.08],
[0.02,0.02,0.02,0.02,0.01,0,0,0,0],
[0,0.02,0,0.02,0.02,0,0,0,0.02],
[0,0.02,0.02,0,0,0.01,0.01,0.02,0.02],
[0.01,0,0,0,0,0.01,0.02,0.04,0.04],
[0.01,0.02,0.02,0.01,0,0.01,0.01,0.04,0.05],
[0.02,0.01,0.01,0.01,0.02,0,0,0,0.01],
[0.01,0.02,0.02,0,0.01,0.01,0.03,0.03,0.03],
[0.01,0.02,0.02,0.02,0,0.01,0.02,0.03,0.04],
[0.02,0.02,0.02,0.01,0.02,0.01,0.01,0.03,0.04],
[0.01,0.02,0.02,0.02,0.01,0.01,0.03,0.03,0.03],
[0.01,0.01,0.01,0.01,0.01,0.01,0.01,0.03,0.03],
[0.01,0.02,0.01,0.01,0.01,0.01,0.02,0.02,0.02],
[0,0,0,0,0,0,0,0,0],
[0,0,0,0,0,0,0,0,0],
[0,0,0,0,0,0,0,0,0],
[0,0,0,0,0,0,0,0,0],
[0,0,0,0,0,0,0,0,0],
[0,0,0,0,0,0,0,0,0],
[0.02,0,0,0.02,0.04,0,0,0,0],
[0,0,0.04,0,0,0,0,0,0.02],
[0,0,0,0.02,0.02,0.02,0,0,0.02],
[0,0.04,0.02,0.01,0,0.01,0,0,0],
[0,0,0,0,0.02,0.01,0,0,0.04],
[0.01,0,0.02,0.02,0.02,0,0,0,0.02],
[0,0,0.03,0.01,0.01,0.01,0,0,0.01],
[0,0.02,0.01,0.02,0.01,0.01,0,0,0.02],
[0,0.02,0.02,0.01,0.01,0,0,0,0.02],
[0.01,0,0.02,0.02,0.03,0.01,0,0,0.02],
[0,0.02,0.02,0.02,0.01,0.01,0,0,0.02],
[0,0.02,0.02,0.03,0.01,0.01,0,0,0.02],
[0.01,0.02,0.02,0.02,0.03,0.01,0,0,0.02],
[0,0.01,0.02,0.03,0.01,0.01,0,0,0.02],
[0.01,0.01,0.02,0.02,0.02,0.01,0,0,0.02],
[0,0.02,0,0,0.02,0,0,0.02,0.02],
[0,0.04,0,0.04,0,0.02,0.02,0,0],
[0,0,0,0.02,0.01,0,0,0.02,0],
[0,0.02,0.01,0.02,0,0.02,0.01,0,0.01],
[0,0.04,0,0,0,0,0.02,0.02,0.01],
[0.01,0.04,0.02,0,0,0.02,0.02,0.04,0.02],
[0,0.02,0.01,0.02,0.01,0.01,0.01,0.01,0.01],
[0,0.02,0.01,0.02,0.01,0.01,0.02,0.02,0.02],
[0.01,0.01,0.01,0.03,0.01,0.02,0.01,0.02,0.01],
[0.01,0.02,0.01,0.01,0.04,0.03,0.01,0.01,0],
[0.02,0.03,0.02,0,0,0.01,0.01,0.02,0.01],
[0,0.02,0.01,0.02,0.01,0.01,0.01,0.02,0.01],
[0.01,0.02,0.01,0.03,0.01,0.01,0.01,0.01,0.01],
[0.02,0.02,0.01,0.02,0.03,0.02,0.01,0.02,0.01],
[0.01,0.02,0.01,0.01,0.03,0.02,0.01,0.02,0.01],
[0.01,0.02,0.01,0.02,0.01,0.01,0.01,0.01,0.01],
[0.02,0.02,0.01,0.02,0.02,0.02,0.01,0.01,0.01],
[0.02,0.02,0.01,0.02,0.03,0.02,0.01,0.02,0.01],
[0.02,0.02,0.01,0.02,0.02,0.01,0.01,0.01,0.01],
[0.02,0.02,0.01,0.02,0.02,0.02,0.01,0.02,0.01],
[0.02,0.02,0.01,0.03,0.02,0.01,0.01,0.02,0.01],
[0.04,0,0.02,0,0,0.02,0,0,0],
[0.04,0.08,0.02,0.02,0,0.02,0,0.04,0.01],
[0.01,0.02,0,0.02,0.02,0.02,0,0.04,0],
[0.02,0,0.02,0,0.04,0,0.02,0,0.01],
[0,0,0,0,0,0,0.02,0.02,0],
[0,0,0.02,0.04,0,0.08,0.01,0.02,0],
[0.03,0.03,0.01,0.01,0,0.01,0,0.03,0.01],
[0.02,0.03,0.01,0.01,0.01,0.01,0,0.03,0.01],
[0.01,0.02,0.01,0.04,0.02,0.01,0.01,0.02,0.01],
[0.03,0.02,0.01,0,0.02,0,0.01,0.01,0],
[0.01,0,0.01,0.02,0.01,0.03,0.01,0.01,0.01],
[0.02,0.02,0.01,0.01,0.01,0.01,0.01,0.03,0.01],
[0.02,0.03,0.01,0.03,0.02,0.01,0.01,0.02,0.01],
[0.02,0.02,0.01,0.02,0.02,0.01,0.01,0.02,0.01],
[0.02,0.02,0.01,0.01,0.02,0.02,0.01,0.01,0.01],
[0.02,0.02,0.01,0.02,0.01,0.01,0.01,0.02,0.01],
[0.02,0.02,0.01,0.02,0.02,0.01,0.01,0.02,0.01],
[0.02,0.02,0.01,0.02,0.02,0.02,0.01,0.02,0.02],
[0.02,0.02,0.01,0.02,0.01,0.01,0.01,0.02,0.01],
[0.02,0.02,0.01,0.02,0.01,0.02,0.01,0.02,0.01],
[0.02,0.02,0.01,0.02,0.01,0.01,0.01,0.02,0.01],
[0.02,0.04,0,0.04,0.02,0,0,0,0],
[0.02,0.02,0,0,0,0.02,0,0.02,0.01],
[0.02,0.02,0,0,0.02,0,0,0.01,0.02],
[0,0,0,0.02,0.02,0,0.02,0,0.01],
[0.02,0.01,0,0.01,0.02,0,0.02,0.04,0.01],
[0.02,0.02,0.04,0,0.02,0.02,0,0,0.02],
[0.02,0.02,0.02,0.02,0.02,0.02,0.01,0.03,0.01],
[0.01,0.02,0,0,0.02,0.01,0,0.02,0.01],
[0.03,0.02,0,0.01,0.02,0.02,0.01,0,0.01],
[0.02,0.02,0.02,0.01,0.01,0.01,0.03,0.02,0],
[0.01,0.01,0.02,0.02,0.01,0.02,0.03,0.02,0.02],
[0.01,0.02,0.02,0.01,0.02,0.01,0.01,0.02,0.01],
[0.03,0.03,0,0.01,0.01,0.02,0,0.01,0.01],
[0.02,0.02,0.02,0.01,0.01,0.01,0.02,0.01,0.01],
[0.02,0.02,0.02,0.02,0.01,0.02,0.02,0.01,0.01],
[0.02,0.03,0.02,0.01,0.01,0.02,0.01,0.01,0.01],
[0.02,0.02,0.01,0.01,0.01,0.01,0.01,0.02,0.01],
[0.02,0.02,0.02,0.01,0.01,0.02,0.02,0.01,0.01],
[0.02,0.02,0.02,0.01,0.01,0.02,0.01,0.02,0.01],
[0.02,0.02,0.02,0.01,0.01,0.02,0.01,0.01,0.01],
[0.02,0.02,0.02,0.01,0.01,0.02,0.01,0.01,0.01],
[0.02,0.04,0.02,0.04,0.01,0,0,0.02,0.02],
[0,0.01,0,0.02,0.02,0,0.02,0,0],
[0.02,0.01,0,0.02,0.02,0.02,0.01,0.02,0.02],
[0.01,0.02,0.02,0.02,0.02,0.08,0,0.01,0],
[0,0,0.02,0,0,0.04,0,0.02,0.01],
[0.02,0,0.02,0,0.02,0.01,0,0,0.02],
[0.01,0.02,0.02,0.02,0.02,0.02,0.01,0.01,0.02],
[0.01,0,0,0.02,0.02,0.01,0.01,0.01,0.01],
[0.02,0.02,0.01,0.01,0.02,0.03,0.01,0.02,0.01],
[0,0.01,0.02,0.01,0.01,0.04,0.01,0.01,0],
[0.01,0,0.02,0.01,0.01,0.02,0.03,0.01,0.02],
[0.01,0.01,0.01,0.02,0.01,0.02,0.01,0.02,0.01],
[0.01,0.01,0.01,0.01,0.01,0.02,0.01,0.01,0.01],
[0.01,0.01,0.01,0.01,0.01,0.03,0.01,0.02,0.01],
[0.01,0.01,0.02,0.02,0.01,0.03,0.02,0.01,0.01],
[0.01,0.02,0.01,0.02,0.01,0.02,0.01,0.01,0.01],
[0.01,0.01,0.01,0.01,0.01,0.02,0.01,0.01,0.01],
[0.01,0.01,0.02,0.02,0.01,0.02,0.02,0.02,0.01],
[0.01,0.01,0.01,0.01,0.01,0.02,0.01,0.01,0.01],
[0.01,0.01,0.01,0.02,0.01,0.02,0.02,0.01,0.01],
[0.01,0.01,0.02,0.02,0.01,0.02,0.01,0.01,0.01],
[0.02,0,0.02,0.02,0,0.02,0.04,0,0.04],
[0.02,0,0,0,0,0,0.02,0.01,0],
[0,0.02,0.02,0.02,0,0.02,0,0.08,0],
[0.02,0.01,0,0.02,0.04,0.04,0,0.02,0.02],
[0.01,0,0,0.02,0,0.02,0,0,0.02],
[0,0.02,0,0.02,0.02,0.02,0.02,0.04,0.02],
[0.01,0.01,0.01,0.01,0,0.01,0.02,0.01,0.02],
[0.01,0.01,0.01,0.01,0,0.01,0.01,0.03,0.02],
[0.01,0.01,0.01,0.01,0.02,0.02,0.01,0.04,0.03],
[0.01,0.01,0.01,0.03,0.02,0.02,0,0.01,0.01],
[0.01,0.01,0.01,0.01,0.01,0.02,0.01,0.02,0.01],
[0.01,0.01,0.01,0.01,0,0.01,0.01,0.02,0.02],
[0.01,0.01,0.01,0.01,0.01,0.02,0.01,0.03,0.02],
[0.01,0.01,0.01,0.02,0.01,0.02,0.01,0.02,0.03],
[0.01,0.01,0.01,0.02,0.01,0.02,0.01,0.02,0.01],
[0.01,0.01,0.01,0.01,0.01,0.02,0.02,0.02,0.02],
[0.01,0.01,0.01,0.02,0.01,0.02,0.01,0.02,0.02],
[0.01,0.01,0.01,0.02,0.01,0.02,0.01,0.02,0.02],
[0.01,0.01,0.01,0.02,0.01,0.02,0.01,0.02,0.02],
[0.01,0.01,0.01,0.02,0.01,0.02,0.01,0.02,0.02],
[0.01,0.01,0.01,0.02,0.01,0.02,0.01,0.02,0.02],
[0,0,0.04,0,0.04,0.02,0.02,0.02,0],
[0.02,0.01,0.02,0.02,0,0.04,0.02,0,0],
[0,0.02,0.02,0.02,0,0,0,0,0],
[0.04,0.02,0,0,0.04,0,0,0.04,0],
[0,0.04,0.04,0.04,0.02,0.01,0,0.04,0],
[0,0,0.04,0.02,0.02,0,0,0.04,0.01],
[0.01,0.01,0.03,0.01,0.02,0.02,0.02,0.01,0.01],
[0.01,0.01,0.02,0.02,0,0.02,0.01,0,0.02],
[0.02,0.02,0.01,0.01,0.02,0.02,0.01,0.03,0.03],
[0.02,0.02,0.02,0.02,0.02,0.01,0.01,0.03,0],
[0,0.02,0.03,0.03,0.01,0.01,0,0.03,0.02],
[0.01,0.01,0.02,0.02,0.01,0.02,0.01,0.01,0.02],
[0.01,0.01,0.01,0.01,0.01,0.02,0.01,0.02,0.02],
[0.01,0.02,0.01,0.01,0.01,0.01,0.01,0.03,0.03],
[0.01,0.02,0.02,0.02,0.02,0.01,0,0.03,0.02],
[0.01,0.01,0.02,0.01,0.02,0.02,0.02,0.02,0.02],
[0.01,0.01,0.02,0.01,0.01,0.01,0.01,0.02,0.02],
[0.01,0.01,0.02,0.02,0.01,0.01,0,0.03,0.03],
[0.01,0.02,0.02,0.01,0.02,0.01,0.01,0.02,0.02],
[0.01,0.01,0.02,0.02,0.01,0.01,0.01,0.02,0.02],
[0.01,0.01,0.02,0.02,0.02,0.01,0.01,0.02,0.02],
[0.02,0.01,0.01,0,0.01,0.01,0,0.01,0.01],
[0.04,0.04,0.01,0.02,0,0.01,0.01,0.03,0.01],
[0.01,0.01,0,0.01,0.01,0.01,0,0.02,0],
[0.01,0.02,0.01,0.01,0.04,0.02,0.01,0,0],
[0,0.03,0,0,0,0.01,0.01,0.01,0],
[0.01,0.02,0.01,0.03,0.01,0.04,0.01,0.02,0.02],
[0.03,0.02,0.01,0.01,0.01,0.01,0.01,0.02,0.01],
[0.02,0.02,0.01,0.01,0.01,0.01,0.01,0.02,0.01],
[0.01,0.02,0.01,0.02,0.02,0.01,0.01,0.01,0],
[0.02,0.02,0.01,0.01,0.03,0.02,0.01,0.01,0],
[0.01,0.02,0.02,0.01,0.01,0.02,0.01,0.02,0.01],
[0.02,0.02,0.01,0.01,0.01,0.01,0.01,0.02,0.01],
[0.02,0.02,0.01,0.02,0.02,0.01,0.01,0.02,0.01],
[0.02,0.02,0.01,0.02,0.03,0.01,0.01,0.01,0],
[0.01,0.02,0.01,0.01,0.02,0.02,0.01,0.01,0.01],
[0.02,0.02,0.01,0.02,0.01,0.01,0.01,0.02,0.01],
[0.02,0.02,0.01,0.02,0.02,0.01,0.01,0.02,0.01],
[0.02,0.02,0.01,0.02,0.02,0.02,0.01,0.01,0.01],
[0.02,0.02,0.01,0.02,0.02,0.01,0.01,0.01,0.01],
[0.02,0.02,0.01,0.02,0.02,0.02,0.01,0.02,0.01],
[0.02,0.02,0.01,0.02,0.02,0.02,0.01,0.02,0.01],
[0.02,0.03,0.02,0.03,0.01,0.02,0,0,0],
[0.02,0.04,0.01,0.01,0,0.01,0,0.02,0],
[0.02,0.01,0,0.01,0.01,0.01,0,0.02,0.02],
[0.01,0,0.02,0.01,0.02,0.01,0.01,0,0],
[0.02,0,0,0,0.01,0,0.04,0.02,0],
[0.01,0.02,0.02,0.04,0.01,0.04,0.01,0.01,0.01],
[0.02,0.03,0.01,0.02,0.01,0.02,0.01,0.02,0.01],
[0.02,0.02,0.01,0.01,0.02,0.01,0,0.02,0.01],
[0.02,0.02,0.01,0.02,0.02,0.01,0.01,0.01,0.01],
[0.02,0.02,0.02,0.01,0.02,0.01,0.02,0.01,0],
[0.01,0.01,0.01,0.02,0.01,0.02,0.02,0.02,0.01],
[0.02,0.02,0.01,0.02,0.01,0.01,0.01,0.02,0.01],
[0.02,0.02,0.01,0.02,0.02,0.01,0.01,0.02,0.01],
[0.02,0.02,0.01,0.02,0.02,0.01,0.02,0.02,0.01],
[0.02,0.02,0.02,0.02,0.01,0.02,0.02,0.01,0.01],
[0.02,0.02,0.01,0.02,0.01,0.02,0.01,0.02,0.01],
[0.02,0.02,0.01,0.02,0.02,0.01,0.01,0.02,0.01],
[0.02,0.02,0.02,0.02,0.02,0.02,0.01,0.01,0.01],
[0.02,0.02,0.01,0.02,0.01,0.01,0.01,0.02,0.01],
[0.02,0.02,0.01,0.02,0.01,0.01,0.01,0.01,0.01],
[0.02,0.02,0.02,0.02,0.01,0.02,0.01,0.02,0.01],
[0.01,0.03,0.01,0.03,0.01,0,0,0.01,0.02],
[0.01,0.01,0,0.01,0.01,0.01,0.01,0.01,0.01],
[0.01,0.01,0,0.01,0.01,0.01,0,0.02,0.01],
[0.01,0.01,0.01,0.01,0.01,0.04,0.02,0,0],
[0.01,0,0.01,0,0.01,0.02,0.01,0.02,0],
[0.01,0.01,0.02,0,0.01,0.01,0,0,0.01],
[0.01,0.02,0.01,0.02,0.01,0.02,0.01,0.02,0.01],
[0.01,0.01,0,0.01,0.01,0.01,0.01,0.01,0.01],
[0.02,0.01,0,0.01,0.01,0.02,0.01,0.01,0.01],
[0.01,0.01,0.01,0.01,0.01,0.03,0.02,0.01,0],
[0.01,0.01,0.01,0.01,0.01,0.01,0.02,0.01,0.01],
[0.01,0.02,0.01,0.01,0.01,0.01,0.01,0.02,0.01],
[0.02,0.02,0,0.01,0.01,0.02,0.01,0.01,0.01],
[0.01,0.01,0.01,0.01,0.01,0.02,0.02,0.01,0.01],
[0.01,0.01,0.02,0.02,0.01,0.02,0.02,0.01,0.01],
[0.01,0.02,0.01,0.02,0.01,0.02,0.01,0.01,0.01],
[0.02,0.01,0.01,0.01,0.01,0.02,0.01,0.01,0.01],
[0.01,0.01,0.01,0.02,0.01,0.02,0.02,0.01,0.01],
[0.01,0.02,0.01,0.01,0.01,0.02,0.01,0.01,0.01],
[0.01,0.01,0.01,0.02,0.01,0.02,0.01,0.01,0.01],
[0.01,0.01,0.01,0.02,0.01,0.02,0.01,0.01,0.01],
[0.01,0.03,0.04,0.02,0.01,0.02,0.03,0.02,0.02],
[0.01,0,0,0.01,0.01,0,0.01,0,0],
[0.01,0.01,0.01,0.01,0.01,0.01,0,0.04,0.02],
[0.01,0.02,0.01,0.01,0.02,0.04,0.01,0.02,0.01],
[0,0,0.02,0.01,0,0.02,0,0.02,0.02],
[0.01,0.01,0.02,0.01,0.01,0.01,0.02,0.02,0.01],
[0.01,0.01,0.02,0.02,0.01,0.02,0.02,0.01,0.01],
[0.01,0.01,0.01,0.01,0.01,0.01,0.01,0.02,0.01],
[0.02,0.02,0.01,0.01,0.01,0.02,0.01,0.03,0.02],
[0.01,0.01,0.01,0.02,0.01,0.03,0.01,0.02,0.01],
[0.01,0.01,0.02,0.01,0.01,0.01,0.02,0.02,0.01],
[0.01,0.01,0.01,0.01,0.01,0.02,0.01,0.02,0.01],
[0.01,0.01,0.01,0.01,0.01,0.02,0.01,0.02,0.01],
[0.01,0.01,0.01,0.01,0.01,0.02,0.01,0.02,0.02],
[0.01,0.01,0.02,0.02,0.01,0.02,0.02,0.02,0.01],
[0.01,0.02,0.01,0.01,0.01,0.02,0.01,0.02,0.01],
[0.01,0.01,0.01,0.01,0.01,0.02,0.01,0.02,0.01],
[0.01,0.01,0.02,0.02,0.01,0.02,0.02,0.02,0.02],
[0.01,0.01,0.01,0.01,0.01,0.02,0.01,0.02,0.01],
[0.01,0.01,0.01,0.02,0.01,0.02,0.01,0.02,0.01],
[0.01,0.01,0.02,0.02,0.01,0.02,0.02,0.02,0.01],
[0.01,0,0.02,0.01,0.02,0.01,0.02,0.01,0.04],
[0.01,0,0.02,0.01,0,0.03,0.01,0,0],
[0,0.01,0.01,0.04,0,0.02,0,0.04,0],
[0.02,0.01,0,0.01,0.03,0.02,0,0.02,0.01],
[0,0.02,0.02,0.02,0.01,0.01,0,0.02,0.01],
[0,0.01,0.02,0.04,0.01,0.01,0.01,0.03,0.02],
[0.01,0.01,0.02,0.01,0.01,0.02,0.02,0.01,0.02],
[0.01,0.01,0.02,0.02,0,0.02,0.01,0.02,0.01],
[0.01,0.01,0.01,0.02,0.01,0.02,0.01,0.03,0.02],
[0.01,0.01,0.01,0.02,0.02,0.01,0,0.02,0.01],
[0.01,0.01,0.02,0.03,0.01,0.01,0.01,0.02,0.02],
[0.01,0.01,0.02,0.02,0.01,0.02,0.01,0.02,0.02],
[0.01,0.01,0.01,0.02,0.01,0.02,0.01,0.02,0.02],
[0.01,0.01,0.01,0.02,0.01,0.02,0,0.02,0.02],
[0.01,0.01,0.01,0.02,0.01,0.01,0.01,0.02,0.01],
[0.01,0.01,0.01,0.02,0.01,0.02,0.01,0.02,0.02],
[0.01,0.01,0.01,0.02,0.01,0.02,0.01,0.02,0.02],
[0.01,0.01,0.01,0.02,0.01,0.01,0.01,0.02,0.02],
[0.01,0.01,0.01,0.02,0.01,0.02,0.01,0.02,0.02],
[0.01,0.01,0.01,0.02,0.01,0.02,0.01,0.02,0.02],
[0.01,0.01,0.01,0.02,0.01,0.01,0.01,0.02,0.02],
[0.02,0.02,0.02,0.03,0.01,0.02,0,0.01,0.01],
[0.03,0.03,0.01,0.02,0.01,0.01,0.01,0.02,0.01],
[0.03,0.01,0,0.01,0.01,0.01,0,0.02,0.02],
[0.01,0.02,0.02,0.01,0.03,0.03,0.01,0,0],
[0.02,0.02,0,0,0.01,0.01,0.03,0.02,0],
[0.01,0.02,0.02,0.04,0.01,0.03,0.01,0.02,0.02],
[0.02,0.02,0.01,0.02,0.01,0.02,0.01,0.02,0.01],
[0.02,0.02,0.01,0.01,0.01,0.01,0.01,0.02,0.01],
[0.02,0.02,0.01,0.02,0.02,0.02,0.01,0.01,0.01],
[0.02,0.02,0.02,0.01,0.03,0.02,0.02,0.01,0],
[0.01,0.02,0.01,0.02,0.01,0.02,0.02,0.02,0.01],
[0.02,0.02,0.01,0.02,0.01,0.01,0.01,0.02,0.01],
[0.02,0.02,0.01,0.02,0.02,0.01,0.01,0.01,0.01],
[0.02,0.02,0.01,0.01,0.02,0.02,0.01,0.01,0.01],
[0.01,0.02,0.02,0.02,0.02,0.02,0.02,0.01,0.01],
[0.02,0.02,0.01,0.02,0.01,0.02,0.01,0.01,0.01],
[0.02,0.02,0.01,0.01,0.02,0.01,0.01,0.01,0.01],
[0.02,0.02,0.02,0.02,0.02,0.02,0.01,0.01,0.01],
[0.02,0.02,0.01,0.02,0.02,0.02,0.01,0.01,0.01],
[0.02,0.02,0.01,0.02,0.02,0.02,0.01,0.01,0.01],
[0.02,0.02,0.01,0.02,0.02,0.02,0.01,0.01,0.01],
[0.02,0.02,0.02,0.02,0.01,0.02,0,0.01,0.02],
[0.02,0.03,0.01,0.02,0.01,0.01,0.01,0.02,0.01],
[0.02,0.01,0,0.03,0.01,0.01,0.01,0.02,0.02],
[0.01,0.01,0.02,0.01,0.02,0.03,0.02,0,0],
[0.02,0,0.01,0,0.01,0.02,0.03,0.02,0],
[0.01,0.02,0.02,0.04,0.01,0.03,0.01,0.02,0.01],
[0.02,0.02,0.01,0.02,0.01,0.02,0.01,0.02,0.01],
[0.01,0.02,0.01,0.02,0.01,0.01,0.01,0.02,0.01],
[0.01,0.01,0.01,0.02,0.02,0.02,0.01,0.02,0.01],
[0.02,0.01,0.01,0.01,0.02,0.02,0.02,0.01,0],
[0.01,0.01,0.01,0.02,0.01,0.02,0.02,0.01,0.01],
[0.02,0.02,0.01,0.02,0.01,0.01,0.01,0.02,0.01],
[0.01,0.02,0.01,0.02,0.01,0.01,0.01,0.02,0.01],
[0.02,0.01,0.01,0.02,0.02,0.02,0.02,0.02,0.01],
[0.01,0.02,0.01,0.02,0.01,0.02,0.02,0.01,0.01],
[0.02,0.02,0.01,0.02,0.01,0.02,0.01,0.02,0.01],
[0.02,0.02,0.01,0.02,0.01,0.01,0.01,0.02,0.01],
[0.01,0.01,0.01,0.02,0.01,0.02,0.01,0.02,0.01],
[0.02,0.02,0.01,0.02,0.01,0.02,0.01,0.02,0.01],
[0.01,0.02,0.01,0.02,0.01,0.02,0.01,0.02,0.01],
[0.01,0.02,0.01,0.02,0.01,0.02,0.01,0.02,0.01],
[0.01,0.02,0.03,0.02,0.01,0.02,0.02,0.02,0.02],
[0.02,0.01,0,0.01,0.01,0.01,0.01,0.02,0.01],
[0.01,0.02,0.01,0.01,0.01,0.01,0,0.03,0.02],
[0.01,0.02,0.01,0.01,0.02,0.03,0.03,0.02,0.02],
[0.01,0.01,0.02,0.02,0.01,0.02,0.01,0.02,0.02],
[0.01,0.01,0.02,0.01,0.01,0.02,0.02,0.02,0.01],
[0.01,0.02,0.02,0.01,0.01,0.02,0.01,0.02,0.01],
[0.01,0.01,0.01,0.01,0.01,0.01,0.01,0.02,0.01],
[0.02,0.02,0.01,0.01,0.01,0.02,0.02,0.02,0.02],
[0.01,0.01,0.01,0.02,0.01,0.02,0.02,0.02,0.01],
[0.01,0.01,0.02,0.01,0.01,0.01,0.02,0.02,0.01],
[0.01,0.02,0.01,0.01,0.01,0.01,0.01,0.02,0.01],
[0.02,0.02,0.01,0.01,0.01,0.02,0.01,0.02,0.01],
[0.01,0.02,0.01,0.01,0.01,0.02,0.01,0.02,0.02],
[0.01,0.01,0.02,0.02,0.01,0.02,0.02,0.02,0.01],
[0.02,0.02,0.01,0.01,0.01,0.02,0.01,0.02,0.01],
[0.01,0.01,0.01,0.01,0.01,0.02,0.01,0.02,0.01],
[0.01,0.01,0.01,0.02,0.01,0.02,0.02,0.02,0.02],
[0.01,0.02,0.01,0.01,0.01,0.02,0.01,0.02,0.01],
[0.01,0.01,0.01,0.02,0.01,0.02,0.01,0.02,0.01],
[0.01,0.01,0.01,0.02,0.01,0.02,0.01,0.02,0.01],
[0.01,0.02,0.03,0.02,0.02,0.02,0.02,0.02,0.03],
[0.01,0,0.02,0.01,0.01,0.02,0.01,0,0],
[0.01,0.01,0.01,0.03,0.01,0.02,0,0.03,0.02],
[0.02,0.02,0.01,0.01,0.02,0.03,0.01,0.02,0.01],
[0,0.02,0.02,0.02,0.01,0.02,0.01,0.02,0.02],
[0.01,0.01,0.02,0.04,0.01,0.01,0.02,0.02,0.02],
[0.01,0.01,0.02,0.01,0.02,0.02,0.01,0.01,0.01],
[0.01,0.01,0.01,0.02,0.01,0.02,0.01,0.01,0.01],
[0.01,0.02,0.01,0.02,0.01,0.02,0.01,0.02,0.02],
[0.01,0.02,0.01,0.01,0.01,0.02,0.01,0.02,0.01],
[0.01,0.01,0.02,0.02,0.01,0.01,0.02,0.02,0.02],
[0.01,0.01,0.02,0.02,0.01,0.02,0.01,0.01,0.02],
[0.01,0.01,0.01,0.01,0.01,0.02,0.01,0.01,0.01],
[0.01,0.01,0.01,0.02,0.01,0.02,0.01,0.02,0.02],
[0.01,0.01,0.02,0.02,0.01,0.02,0.01,0.02,0.01],
[0.01,0.01,0.01,0.01,0.01,0.02,0.01,0.01,0.01],
[0.01,0.01,0.01,0.01,0.01,0.02,0.01,0.02,0.01],
[0.01,0.01,0.02,0.02,0.01,0.02,0.01,0.02,0.02],
[0.01,0.01,0.02,0.01,0.01,0.02,0.01,0.02,0.02],
[0.01,0.01,0.02,0.02,0.01,0.02,0.01,0.02,0.01],
[0.01,0.01,0.02,0.02,0.01,0.02,0.01,0.02,0.02],
[0.02,0.02,0.01,0.02,0.01,0.02,0,0.01,0.02],
[0.03,0.02,0.01,0.02,0.01,0.01,0.01,0.02,0.01],
[0.02,0.01,0,0.02,0.01,0.01,0.01,0.02,0.01],
[0.01,0.02,0.01,0.01,0.03,0.03,0.01,0,0],
[0.02,0.02,0.01,0,0.01,0.02,0.02,0.02,0],
[0.01,0.02,0.02,0.04,0.01,0.02,0.01,0.02,0.02],
[0.02,0.02,0.01,0.02,0.01,0.01,0.01,0.01,0.01],
[0.02,0.01,0.01,0.02,0.01,0.01,0.01,0.02,0.01],
[0.01,0.02,0.01,0.02,0.02,0.02,0.01,0.01,0.01],
[0.01,0.02,0.02,0.01,0.02,0.03,0.02,0.01,0],
[0.01,0.02,0.01,0.02,0.01,0.02,0.02,0.02,0.01],
[0.02,0.01,0.01,0.02,0.01,0.01,0.01,0.02,0.01],
[0.02,0.02,0.01,0.02,0.02,0.02,0.01,0.01,0.01],
[0.02,0.01,0.01,0.01,0.02,0.02,0.01,0.01,0.01],
[0.01,0.02,0.01,0.02,0.02,0.02,0.02,0.01,0.01],
[0.02,0.02,0.01,0.02,0.01,0.02,0.01,0.01,0.01],
[0.02,0.02,0.01,0.01,0.02,0.02,0.01,0.01,0.01],
[0.01,0.01,0.01,0.02,0.02,0.02,0.01,0.02,0.01],
[0.02,0.02,0.01,0.02,0.01,0.02,0.01,0.01,0.01],
[0.01,0.02,0.01,0.02,0.01,0.02,0.01,0.01,0.01],
[0.01,0.02,0.01,0.02,0.01,0.02,0.01,0.01,0.01],
[0.02,0.02,0.03,0.02,0.01,0.02,0.02,0.02,0.02],
[0.02,0.02,0.01,0.02,0.01,0.01,0.01,0.02,0.01],
[0.01,0.01,0.01,0.02,0.01,0.01,0.01,0.03,0.02],
[0.01,0.02,0.01,0.01,0.02,0.02,0.02,0.02,0.01],
[0.02,0.01,0.02,0.02,0.01,0.02,0.02,0.02,0.01],
[0.01,0.02,0.02,0.03,0.01,0.03,0.01,0.02,0.01],
[0.02,0.02,0.01,0.02,0.01,0.01,0.01,0.02,0.01],
[0.01,0.02,0.01,0.02,0.01,0.01,0.01,0.02,0.01],
[0.01,0.02,0.01,0.02,0.02,0.02,0.02,0.02,0.02],
[0.02,0.01,0.02,0.02,0.02,0.02,0.02,0.02,0.01],
[0.01,0.01,0.02,0.02,0.01,0.02,0.02,0.02,0.01],
[0.01,0.02,0.01,0.02,0.01,0.01,0.01,0.02,0.01],
[0.01,0.02,0.01,0.02,0.01,0.01,0.01,0.02,0.01],
[0.01,0.01,0.01,0.02,0.01,0.01,0.02,0.02,0.01],
[0.01,0.01,0.01,0.02,0.01,0.02,0.02,0.01,0.01],
[0.01,0.02,0.01,0.02,0.01,0.01,0.01,0.02,0.01],
[0.01,0.02,0.01,0.02,0.01,0.01,0.02,0.02,0.01],
[0.01,0.01,0.01,0.02,0.01,0.02,0.02,0.02,0.02],
[0.01,0.02,0.01,0.02,0.01,0.01,0.01,0.02,0.01],
[0.01,0.02,0.01,0.02,0.01,0.01,0.01,0.02,0.01],
[0.01,0.02,0.01,0.02,0.01,0.02,0.01,0.02,0.01],
[0.01,0.02,0.02,0.02,0.02,0.01,0.02,0.01,0.02],
[0.01,0.01,0.02,0.01,0.01,0.02,0.01,0.02,0.01],
[0.01,0.01,0.01,0.02,0.01,0.01,0,0.02,0.01],
[0.02,0.02,0.01,0.01,0.02,0.02,0.02,0.02,0.01],
[0.01,0.01,0.02,0.02,0.01,0.01,0.01,0.02,0.02],
[0.01,0.01,0.02,0.03,0.01,0.01,0.02,0.02,0.02],
[0.01,0.02,0.02,0.01,0.01,0.02,0.01,0.01,0.01],
[0.01,0.01,0.01,0.01,0.01,0.02,0.01,0.02,0.01],
[0.02,0.02,0.01,0.02,0.01,0.02,0.01,0.02,0.02],
[0.01,0.02,0.01,0.01,0.01,0.02,0.01,0.02,0.01],
[0.01,0.01,0.02,0.02,0.01,0.01,0.02,0.02,0.02],
[0.01,0.01,0.01,0.01,0.01,0.01,0.01,0.02,0.01],
[0.01,0.02,0.01,0.01,0.01,0.02,0.01,0.02,0.01],
[0.01,0.02,0.01,0.01,0.01,0.02,0.01,0.02,0.02],
[0.01,0.01,0.02,0.02,0.01,0.02,0.02,0.02,0.01],
[0.01,0.02,0.01,0.01,0.01,0.02,0.01,0.01,0.01],
[0.01,0.01,0.01,0.01,0.01,0.02,0.01,0.02,0.01],
[0.01,0.01,0.01,0.02,0.01,0.01,0.01,0.02,0.02],
[0.01,0.01,0.01,0.01,0.01,0.02,0.01,0.02,0.01],
[0.01,0.01,0.01,0.02,0.01,0.02,0.01,0.02,0.01],
[0.01,0.01,0.02,0.02,0.01,0.01,0.01,0.02,0.01],
[0.02,0.02,0.02,0.02,0.01,0.02,0.01,0.01,0.02],
[0.02,0.02,0.01,0.02,0.01,0.01,0.01,0.01,0.01],
[0.02,0.01,0.01,0.02,0.01,0.01,0.01,0.03,0.01],
[0.01,0.02,0.01,0.01,0.03,0.03,0.02,0.01,0.01],
[0.01,0.01,0.02,0.01,0.01,0.02,0.02,0.02,0.01],
[0.01,0.02,0.02,0.03,0.01,0.02,0.01,0.02,0.01],
[0.02,0.02,0.01,0.02,0.01,0.01,0.01,0.01,0.01],
[0.02,0.01,0.01,0.01,0.01,0.01,0.01,0.02,0.01],
[0.01,0.02,0.01,0.02,0.02,0.02,0.01,0.02,0.01],
[0.01,0.02,0.02,0.01,0.02,0.02,0.02,0.01,0.01],
[0.01,0.01,0.02,0.02,0.01,0.02,0.02,0.02,0.01],
[0.02,0.02,0.01,0.02,0.01,0.01,0.01,0.02,0.01],
[0.02,0.02,0.01,0.02,0.01,0.01,0.01,0.02,0.01],
[0.01,0.02,0.01,0.01,0.02,0.02,0.02,0.02,0.01],
[0.01,0.02,0.02,0.02,0.02,0.02,0.02,0.02,0.01],
[0.01,0.02,0.01,0.02,0.01,0.01,0.01,0.02,0.01],
[0.02,0.02,0.01,0.01,0.01,0.02,0.01,0.02,0.01],
[0.01,0.02,0.01,0.02,0.02,0.02,0.02,0.02,0.01],
[0.02,0.02,0.01,0.02,0.01,0.02,0.01,0.02,0.01],
[0.01,0.02,0.01,0.02,0.01,0.02,0.01,0.02,0.01],
[0.01,0.02,0.01,0.02,0.01,0.02,0.01,0.02,0.01],
[0.02,0.02,0.02,0.02,0.02,0.02,0.01,0.01,0.02],
[0.01,0.02,0.01,0.01,0.01,0.02,0.01,0.01,0.01],
[0.01,0.01,0.01,0.02,0.01,0.02,0.01,0.03,0.01],
[0.01,0.01,0.01,0.01,0.02,0.02,0.02,0.01,0.01],
[0.01,0.01,0.02,0.01,0.01,0.01,0.02,0.02,0.01],
[0.01,0.02,0.02,0.03,0.01,0.02,0.01,0.02,0.01],
[0.02,0.02,0.02,0.02,0.01,0.02,0.01,0.01,0.01],
[0.01,0.01,0.01,0.02,0.01,0.02,0.01,0.02,0.01],
[0.01,0.02,0.01,0.02,0.02,0.02,0.01,0.02,0.02],
[0.01,0.02,0.01,0.01,0.02,0.02,0.02,0.02,0.01],
[0.01,0.01,0.02,0.02,0.01,0.02,0.02,0.02,0.01],
[0.01,0.02,0.01,0.02,0.01,0.02,0.01,0.02,0.02],
[0.01,0.02,0.01,0.02,0.01,0.02,0.01,0.02,0.01],
[0.01,0.01,0.01,0.02,0.01,0.02,0.02,0.02,0.02],
[0.01,0.02,0.02,0.02,0.01,0.02,0.02,0.02,0.01],
[0.01,0.02,0.01,0.02,0.01,0.02,0.01,0.02,0.01],
[0.01,0.02,0.01,0.02,0.01,0.02,0.01,0.02,0.01],
[0.01,0.01,0.01,0.02,0.01,0.02,0.01,0.02,0.02],
[0.01,0.02,0.01,0.02,0.01,0.01,0.01,0.02,0.01],
[0.01,0.01,0.01,0.02,0.01,0.02,0.01,0.02,0.01],
[0.01,0.02,0.01,0.02,0.01,0.02,0.01,0.02,0.01],
[0.01,0.02,0.02,0.02,0.01,0.02,0.01,0.01,0.02],
[0.02,0.02,0.01,0.01,0.01,0.02,0.01,0.01,0.01],
[0.01,0.01,0.01,0.02,0.01,0.01,0.01,0.02,0.01],
[0.01,0.02,0.01,0.01,0.03,0.02,0.02,0.01,0.01],
[0.01,0.02,0.02,0.01,0.01,0.02,0.02,0.02,0.02],
[0.01,0.02,0.02,0.03,0.01,0.02,0.02,0.02,0.02],
[0.02,0.02,0.01,0.02,0.01,0.02,0.01,0.01,0.01],
[0.02,0.01,0.01,0.02,0.01,0.01,0.01,0.02,0.01],
[0.01,0.02,0.01,0.02,0.02,0.02,0.01,0.02,0.01],
[0.01,0.02,0.02,0.01,0.02,0.02,0.02,0.01,0.01],
[0.01,0.02,0.02,0.02,0.01,0.02,0.02,0.02,0.01],
[0.01,0.01,0.01,0.02,0.01,0.01,0.01,0.02,0.01],
[0.01,0.02,0.01,0.02,0.01,0.02,0.01,0.01,0.01],
[0.01,0.02,0.01,0.02,0.02,0.02,0.01,0.02,0.01],
[0.01,0.02,0.02,0.02,0.02,0.02,0.02,0.02,0.01],
[0.01,0.02,0.01,0.02,0.01,0.02,0.01,0.01,0.01],
[0.01,0.02,0.01,0.01,0.01,0.02,0.01,0.02,0.01],
[0.01,0.02,0.01,0.02,0.02,0.02,0.01,0.02,0.02],
[0.01,0.02,0.01,0.02,0.01,0.02,0.01,0.01,0.01],
[0.01,0.01,0.01,0.02,0.01,0.02,0.01,0.02,0.01],
[0.01,0.02,0.01,0.02,0.01,0.02,0.01,0.02,0.01]]
[[0.12,0.14,0.12,0.17,0.14,0.17,0.12,0.14,0.17],
[0.12,0.14,0.12,0.17,0.14,0.17,0.12,0.14,0.17],
[0.12,0.14,0.12,0.17,0.14,0.17,0.12,0.14,0.17],
[0.12,0.14,0.12,0.17,0.14,0.17,0.12,0.14,0.17],
[0.12,0.14,0.12,0.17,0.14,0.17,0.12,0.14,0.17],
[0.12,0.14,0.12,0.17,0.14,0.17,0.12,0.14,0.17],
[0.24,0.29,0.24,0.33,0.29,0.33,0.24,0.29,0.33],
[0.24,0.29,0.24,0.33,0.29,0.33,0.24,0.29,0.33],
[0.24,0.29,0.24,0.33,0.29,0.33,0.24,0.29,0.33],
[0.24,0.29,0.24,0.33,0.29,0.33,0.24,0.29,0.33],
[0.24,0.29,0.24,0.33,0.29,0.33,0.24,0.29,0.33],
[0.36,0.43,0.36,0.5,0.43,0.5,0.36,0.43,0.5],
[0.36,0.43,0.36,0.5,0.43,0.5,0.36,0.43,0.5],
[0.36,0.43,0.36,0.5,0.43,0.5,0.36,0.43,0.5],
[0.36,0.43,0.36,0.5,0.43,0.5,0.36,0.43,0.5],
[0.48,0.57,0.48,0.67,0.57,0.67,0.48,0.57,0.67],
[0.48,0.57,0.48,0.67,0.57,0.67,0.48,0.57,0.67],
[0.48,0.57,0.48,0.67,0.57,0.67,0.48,0.57,0.67],
[0.6,0.71,0.6,0.83,0.71,0.83,0.6,0.71,0.83],
[0.6,0.71,0.6,0.83,0.71,0.83,0.6,0.71,0.83],
[0.71,0.86,0.71,1,0.86,1,0.71,0.86,1],
[0.12,0.14,0.12,0.17,0.14,0.17,0.12,0.14,0.17],
[0.12,0.14,0.12,0.17,0.14,0.17,0.12,0.14,0.17],
[0.12,0.14,0.12,0.17,0.14,0.17,0.12,0.14,0.17],
[0.12,0.14,0.12,0.17,0.14,0.17,0.12,0.14,0.17],
[0.12,0.14,0.12,0.17,0.14,0.17,0.12,0.14,0.17],
[0.12,0.14,0.12,0.17,0.14,0.17,0.12,0.14,0.17],
[0.24,0.29,0.24,0.33,0.29,0.33,0.24,0.29,0.33],
[0.24,0.29,0.24,0.33,0.29,0.33,0.24,0.29,0.33],
[0.24,0.29,0.24,0.33,0.29,0.33,0.24,0.29,0.33],
[0.24,0.29,0.24,0.33,0.29,0.33,0.24,0.29,0.33],
[0.24,0.29,0.24,0.33,0.29,0.33,0.24,0.29,0.33],
[0.36,0.43,0.36,0.5,0.43,0.5,0.36,0.43,0.5],
[0.36,0.43,0.36,0.5,0.43,0.5,0.36,0.43,0.5],
[0.36,0.43,0.36,0.5,0.43,0.5,0.36,0.43,0.5],
[0.36,0.43,0.36,0.5,0.43,0.5,0.36,0.43,0.5],
[0.48,0.57,0.48,0.67,0.57,0.67,0.48,0.57,0.67],
[0.48,0.57,0.48,0.67,0.57,0.67,0.48,0.57,0.67],
[0.48,0.57,0.48,0.67,0.57,0.67,0.48,0.57,0.67],
[0.6,0.71,0.6,0.83,0.71,0.83,0.6,0.71,0.83],
[0.6,0.71,0.6,0.83,0.71,0.83,0.6,0.71,0.83],
[0.71,0.86,0.71,1,0.86,1,0.71,0.86,1],
[0.12,0.14,0.12,0.17,0.14,0.17,0.12,0.14,0.17],
[0.12,0.14,0.12,0.17,0.14,0.17,0.12,0.14,0.17],
[0.12,0.14,0.12,0.17,0.14,0.17,0.12,0.14,0.17],
[0.12,0.14,0.12,0.17,0.14,0.17,0.12,0.14,0.17],
[0.12,0.14,0.12,0.17,0.14,0.17,0.12,0.14,0.17],
[0.12,0.14,0.12,0.17,0.14,0.17,0.12,0.14,0.17],
[0.24,0.29,0.24,0.33,0.29,0.33,0.24,0.29,0.33],
[0.24,0.29,0.24,0.33,0.29,0.33,0.24,0.29,0.33],
[0.24,0.29,0.24,0.33,0.29,0.33,0.24,0.29,0.33],
[0.24,0.29,0.24,0.33,0.29,0.33,0.24,0.29,0.33],
[0.24,0.29,0.24,0.33,0.29,0.33,0.24,0.29,0.33],
[0.36,0.43,0.36,0.5,0.43,0.5,0.36,0.43,0.5],
[0.36,0.43,0.36,0.5,0.43,0.5,0.36,0.43,0.5],
[0.36,0.43,0.36,0.5,0.43,0.5,0.36,0.43,0.5],
[0.36,0.43,0.36,0.5,0.43,0.5,0.36,0.43,0.5],
[0.48,0.57,0.48,0.67,0.57,0.67,0.48,0.57,0.67],
[0.48,0.57,0.48,0.67,0.57,0.67,0.48,0.57,0.67],
[0.48,0.57,0.48,0.67,0.57,0.67,0.48,0.57,0.67],
[0.6,0.71,0.6,0.83,0.71,0.83,0.6,0.71,0.83],
[0.6,0.71,0.6,0.83,0.71,0.83,0.6,0.71,0.83],
[0.71,0.86,0.71,1,0.86,1,0.71,0.86,1],
[0.12,0.14,0.12,0.17,0.14,0.17,0.12,0.14,0.17],
[0.12,0.14,0.12,0.17,0.14,0.17,0.12,0.14,0.17],
[0.12,0.14,0.12,0.17,0.14,0.17,0.12,0.14,0.17],
[0.12,0.14,0.12,0.17,0.14,0.17,0.12,0.14,0.17],
[0.12,0.14,0.12,0.17,0.14,0.17,0.12,0.14,0.17],
[0.12,0.14,0.12,0.17,0.14,0.17,0.12,0.14,0.17],
[0.24,0.29,0.24,0.33,0.29,0.33,0.24,0.29,0.33],
[0.24,0.29,0.24,0.33,0.29,0.33,0.24,0.29,0.33],
[0.24,0.29,0.24,0.33,0.29,0.33,0.24,0.29,0.33],
[0.24,0.29,0.24,0.33,0.29,0.33,0.24,0.29,0.33],
[0.24,0.29,0.24,0.33,0.29,0.33,0.24,0.29,0.33],
[0.36,0.43,0.36,0.5,0.43,0.5,0.36,0.43,0.5],
[0.36,0.43,0.36,0.5,0.43,0.5,0.36,0.43,0.5],
[0.36,0.43,0.36,0.5,0.43,0.5,0.36,0.43,0.5],
[0.36,0.43,0.36,0.5,0.43,0.5,0.36,0.43,0.5],
[0.48,0.57,0.48,0.67,0.57,0.67,0.48,0.57,0.67],
[0.48,0.57,0.48,0.67,0.57,0.67,0.48,0.57,0.67],
[0.48,0.57,0.48,0.67,0.57,0.67,0.48,0.57,0.67],
[0.6,0.71,0.6,0.83,0.71,0.83,0.6,0.71,0.83],
[0.6,0.71,0.6,0.83,0.71,0.83,0.6,0.71,0.83],
[0.71,0.86,0.71,1,0.86,1,0.71,0.86,1],
[0.12,0.14,0.12,0.17,0.14,0.17,0.12,0.14,0.17],
[0.12,0.14,0.12,0.17,0.14,0.17,0.12,0.14,0.17],
[0.12,0.14,0.12,0.17,0.14,0.17,0.12,0.14,0.17],
[0.12,0.14,0.12,0.17,0.14,0.17,0.12,0.14,0.17],
[0.12,0.14,0.12,0.17,0.14,0.17,0.12,0.14,0.17],
[0.12,0.14,0.12,0.17,0.14,0.17,0.12,0.14,0.17],
[0.24,0.29,0.24,0.33,0.29,0.33,0.24,0.29,0.33],
[0.24,0.29,0.24,0.33,0.29,0.33,0.24,0.29,0.33],
[0.24,0.29,0.24,0.33,0.29,0.33,0.24,0.29,0.33],
[0.24,0.29,0.24,0.33,0.29,0.33,0.24,0.29,0.33],
[0.24,0.29,0.24,0.33,0.29,0.33,0.24,0.29,0.33],
[0.36,0.43,0.36,0.5,0.43,0.5,0.36,0.43,0.5],
[0.36,0.43,0.36,0.5,0.43,0.5,0.36,0.43,0.5],
[0.36,0.43,0.36,0.5,0.43,0.5,0.36,0.43,0.5],
[0.36,0.43,0.36,0.5,0.43,0.5,0.36,0.43,0.5],
[0.48,0.57,0.48,0.67,0.57,0.67,0.48,0.57,0.67],
[0.48,0.57,0.48,0.67,0.57,0.67,0.48,0.57,0.67],
[0.48,0.57,0.48,0.67,0.57,0.67,0.48,0.57,0.67],
[0.6,0.71,0.6,0.83,0.71,0.83,0.6,0.71,0.83],
[0.6,0.71,0.6,0.83,0.71,0.83,0.6,0.71,0.83],
[0.71,0.86,0.71,1,0.86,1,0.71,0.86,1],
[0.12,0.14,0.12,0.17,0.14,0.17,0.12,0.14,0.17],
[0.12,0.14,0.12,0.17,0.14,0.17,0.12,0.14,0.17],
[0.12,0.14,0.12,0.17,0.14,0.17,0.12,0.14,0.17],
[0.12,0.14,0.12,0.17,0.14,0.17,0.12,0.14,0.17],
[0.12,0.14,0.12,0.17,0.14,0.17,0.12,0.14,0.17],
[0.12,0.14,0.12,0.17,0.14,0.17,0.12,0.14,0.17],
[0.24,0.29,0.24,0.33,0.29,0.33,0.24,0.29,0.33],
[0.24,0.29,0.24,0.33,0.29,0.33,0.24,0.29,0.33],
[0.24,0.29,0.24,0.33,0.29,0.33,0.24,0.29,0.33],
[0.24,0.29,0.24,0.33,0.29,0.33,0.24,0.29,0.33],
[0.24,0.29,0.24,0.33,0.29,0.33,0.24,0.29,0.33],
[0.36,0.43,0.36,0.5,0.43,0.5,0.36,0.43,0.5],
[0.36,0.43,0.36,0.5,0.43,0.5,0.36,0.43,0.5],
[0.36,0.43,0.36,0.5,0.43,0.5,0.36,0.43,0.5],
[0.36,0.43,0.36,0.5,0.43,0.5,0.36,0.43,0.5],
[0.48,0.57,0.48,0.67,0.57,0.67,0.48,0.57,0.67],
[0.48,0.57,0.48,0.67,0.57,0.67,0.48,0.57,0.67],
[0.48,0.57,0.48,0.67,0.57,0.67,0.48,0.57,0.67],
[0.6,0.71,0.6,0.83,0.71,0.83,0.6,0.71,0.83],
[0.6,0.71,0.6,0.83,0.71,0.83,0.6,0.71,0.83],
[0.71,0.86,0.71,1,0.86,1,0.71,0.86,1],
[0.12,0.14,0.12,0.17,0.14,0.17,0.12,0.14,0.17],
[0.12,0.14,0.12,0.17,0.14,0.17,0.12,0.14,0.17],
[0.12,0.14,0.12,0.17,0.14,0.17,0.12,0.14,0.17],
[0.12,0.14,0.12,0.17,0.14,0.17,0.12,0.14,0.17],
[0.12,0.14,0.12,0.17,0.14,0.17,0.12,0.14,0.17],
[0.12,0.14,0.12,0.17,0.14,0.17,0.12,0.14,0.17],
[0.24,0.29,0.24,0.33,0.29,0.33,0.24,0.29,0.33],
[0.24,0.29,0.24,0.33,0.29,0.33,0.24,0.29,0.33],
[0.24,0.29,0.24,0.33,0.29,0.33,0.24,0.29,0.33],
[0.24,0.29,0.24,0.33,0.29,0.33,0.24,0.29,0.33],
[0.24,0.29,0.24,0.33,0.29,0.33,0.24,0.29,0.33],
[0.36,0.43,0.36,0.5,0.43,0.5,0.36,0.43,0.5],
[0.36,0.43,0.36,0.5,0.43,0.5,0.36,0.43,0.5],
[0.36,0.43,0.36,0.5,0.43,0.5,0.36,0.43,0.5],
[0.36,0.43,0.36,0.5,0.43,0.5,0.36,0.43,0.5],
[0.48,0.57,0.48,0.67,0.57,0.67,0.48,0.57,0.67],
[0.48,0.57,0.48,0.67,0.57,0.67,0.48,0.57,0.67],
[0.48,0.57,0.48,0.67,0.57,0.67,0.48,0.57,0.67],
[0.6,0.71,0.6,0.83,0.71,0.83,0.6,0.71,0.83],
[0.6,0.71,0.6,0.83,0.71,0.83,0.6,0.71,0.83],
[0.71,0.86,0.71,1,0.86,1,0.71,0.86,1],
[0.24,0.29,0.24,0.33,0.29,0.33,0.24,0.29,0.33],
[0.24,0.29,0.24,0.33,0.29,0.33,0.24,0.29,0.33],
[0.24,0.29,0.24,0.33,0.29,0.33,0.24,0.29,0.33],
[0.24,0.29,0.24,0.33,0.29,0.33,0.24,0.29,0.33],
[0.24,0.29,0.24,0.33,0.29,0.33,0.24,0.29,0.33],
[0.24,0.29,0.24,0.33,0.29,0.33,0.24,0.29,0.33],
[0.48,0.57,0.48,0.67,0.57,0.67,0.48,0.57,0.67],
[0.48,0.57,0.48,0.67,0.57,0.67,0.48,0.57,0.67],
[0.48,0.57,0.48,0.67,0.57,0.67,0.48,0.57,0.67],
[0.48,0.57,0.48,0.67,0.57,0.67,0.48,0.57,0.67],
[0.48,0.57,0.48,0.67,0.57,0.67,0.48,0.57,0.67],
[0.71,0.86,0.71,1,0.86,1,0.71,0.86,1],
[0.71,0.86,0.71,1,0.86,1,0.71,0.86,1],
[0.71,0.86,0.71,1,0.86,1,0.71,0.86,1],
[0.71,0.86,0.71,1,0.86,1,0.71,0.86,1],
[0.95,1.14,0.95,1.33,1.14,1.33,0.95,1.14,1.33],
[0.95,1.14,0.95,1.33,1.14,1.33,0.95,1.14,1.33],
[0.95,1.14,0.95,1.33,1.14,1.33,0.95,1.14,1.33],
[1.19,1.43,1.19,1.67,1.43,1.67,1.19,1.43,1.67],
[1.19,1.43,1.19,1.67,1.43,1.67,1.19,1.43,1.67],
[1.43,1.71,1.43,2,1.71,2,1.43,1.71,2],
[0.24,0.29,0.24,0.33,0.29,0.33,0.24,0.29,0.33],
[0.24,0.29,0.24,0.33,0.29,0.33,0.24,0.29,0.33],
[0.24,0.29,0.24,0.33,0.29,0.33,0.24,0.29,0.33],
[0.24,0.29,0.24,0.33,0.29,0.33,0.24,0.29,0.33],
[0.24,0.29,0.24,0.33,0.29,0.33,0.24,0.29,0.33],
[0.24,0.29,0.24,0.33,0.29,0.33,0.24,0.29,0.33],
[0.48,0.57,0.48,0.67,0.57,0.67,0.48,0.57,0.67],
[0.48,0.57,0.48,0.67,0.57,0.67,0.48,0.57,0.67],
[0.48,0.57,0.48,0.67,0.57,0.67,0.48,0.57,0.67],
[0.48,0.57,0.48,0.67,0.57,0.67,0.48,0.57,0.67],
[0.48,0.57,0.48,0.67,0.57,0.67,0.48,0.57,0.67],
[0.71,0.86,0.71,1,0.86,1,0.71,0.86,1],
[0.71,0.86,0.71,1,0.86,1,0.71,0.86,1],
[0.71,0.86,0.71,1,0.86,1,0.71,0.86,1],
[0.71,0.86,0.71,1,0.86,1,0.71,0.86,1],
[0.95,1.14,0.95,1.33,1.14,1.33,0.95,1.14,1.33],
[0.95,1.14,0.95,1.33,1.14,1.33,0.95,1.14,1.33],
[0.95,1.14,0.95,1.33,1.14,1.33,0.95,1.14,1.33],
[1.19,1.43,1.19,1.67,1.43,1.67,1.19,1.43,1.67],
[1.19,1.43,1.19,1.67,1.43,1.67,1.19,1.43,1.67],
[1.43,1.71,1.43,2,1.71,2,1.43,1.71,2],
[0.24,0.29,0.24,0.33,0.29,0.33,0.24,0.29,0.33],
[0.24,0.29,0.24,0.33,0.29,0.33,0.24,0.29,0.33],
[0.24,0.29,0.24,0.33,0.29,0.33,0.24,0.29,0.33],
[0.24,0.29,0.24,0.33,0.29,0.33,0.24,0.29,0.33],
[0.24,0.29,0.24,0.33,0.29,0.33,0.24,0.29,0.33],
[0.24,0.29,0.24,0.33,0.29,0.33,0.24,0.29,0.33],
[0.48,0.57,0.48,0.67,0.57,0.67,0.48,0.57,0.67],
[0.48,0.57,0.48,0.67,0.57,0.67,0.48,0.57,0.67],
[0.48,0.57,0.48,0.67,0.57,0.67,0.48,0.57,0.67],
[0.48,0.57,0.48,0.67,0.57,0.67,0.48,0.57,0.67],
[0.48,0.57,0.48,0.67,0.57,0.67,0.48,0.57,0.67],
[0.71,0.86,0.71,1,0.86,1,0.71,0.86,1],
[0.71,0.86,0.71,1,0.86,1,0.71,0.86,1],
[0.71,0.86,0.71,1,0.86,1,0.71,0.86,1],
[0.71,0.86,0.71,1,0.86,1,0.71,0.86,1],
[0.95,1.14,0.95,1.33,1.14,1.33,0.95,1.14,1.33],
[0.95,1.14,0.95,1.33,1.14,1.33,0.95,1.14,1.33],
[0.95,1.14,0.95,1.33,1.14,1.33,0.95,1.14,1.33],
[1.19,1.43,1.19,1.67,1.43,1.67,1.19,1.43,1.67],
[1.19,1.43,1.19,1.67,1.43,1.67,1.19,1.43,1.67],
[1.43,1.71,1.43,2,1.71,2,1.43,1.71,2],
[0.24,0.29,0.24,0.33,0.29,0.33,0.24,0.29,0.33],
[0.24,0.29,0.24,0.33,0.29,0.33,0.24,0.29,0.33],
[0.24,0.29,0.24,0.33,0.29,0.33,0.24,0.29,0.33],
[0.24,0.29,0.24,0.33,0.29,0.33,0.24,0.29,0.33],
[0.24,0.29,0.24,0.33,0.29,0.33,0.24,0.29,0.33],
[0.24,0.29,0.24,0.33,0.29,0.33,0.24,0.29,0.33],
[0.48,0.57,0.48,0.67,0.57,0.67,0.48,0.57,0.67],
[0.48,0.57,0.48,0.67,0.57,0.67,0.48,0.57,0.67],
[0.48,0.57,0.48,0.67,0.57,0.67,0.48,0.57,0.67],
[0.48,0.57,0.48,0.67,0.57,0.67,0.48,0.57,0.67],
[0.48,0.57,0.48,0.67,0.57,0.67,0.48,0.57,0.67],
[0.71,0.86,0.71,1,0.86,1,0.71,0.86,1],
[0.71,0.86,0.71,1,0.86,1,0.71,0.86,1],
[0.71,0.86,0.71,1,0.86,1,0.71,0.86,1],
[0.71,0.86,0.71,1,0.86,1,0.71,0.86,1],
[0.95,1.14,0.95,1.33,1.14,1.33,0.95,1.14,1.33],
[0.95,1.14,0.95,1.33,1.14,1.33,0.95,1.14,1.33],
[0.95,1.14,0.95,1.33,1.14,1.33,0.95,1.14,1.33],
[1.19,1.43,1.19,1.67,1.43,1.67,1.19,1.43,1.67],
[1.19,1.43,1.19,1.67,1.43,1.67,1.19,1.43,1.67],
[1.43,1.71,1.43,2,1.71,2,1.43,1.71,2],
[0.24,0.29,0.24,0.33,0.29,0.33,0.24,0.29,0.33],
[0.24,0.29,0.24,0.33,0.29,0.33,0.24,0.29,0.33],
[0.24,0.29,0.24,0.33,0.29,0.33,0.24,0.29,0.33],
[0.24,0.29,0.24,0.33,0.29,0.33,0.24,0.29,0.33],
[0.24,0.29,0.24,0.33,0.29,0.33,0.24,0.29,0.33],
[0.24,0.29,0.24,0.33,0.29,0.33,0.24,0.29,0.33],
[0.48,0.57,0.48,0.67,0.57,0.67,0.48,0.57,0.67],
[0.48,0.57,0.48,0.67,0.57,0.67,0.48,0.57,0.67],
[0.48,0.57,0.48,0.67,0.57,0.67,0.48,0.57,0.67],
[0.48,0.57,0.48,0.67,0.57,0.67,0.48,0.57,0.67],
[0.48,0.57,0.48,0.67,0.57,0.67,0.48,0.57,0.67],
[0.71,0.86,0.71,1,0.86,1,0.71,0.86,1],
[0.71,0.86,0.71,1,0.86,1,0.71,0.86,1],
[0.71,0.86,0.71,1,0.86,1,0.71,0.86,1],
[0.71,0.86,0.71,1,0.86,1,0.71,0.86,1],
[0.95,1.14,0.95,1.33,1.14,1.33,0.95,1.14,1.33],
[0.95,1.14,0.95,1.33,1.14,1.33,0.95,1.14,1.33],
[0.95,1.14,0.95,1.33,1.14,1.33,0.95,1.14,1.33],
[1.19,1.43,1.19,1.67,1.43,1.67,1.19,1.43,1.67],
[1.19,1.43,1.19,1.67,1.43,1.67,1.19,1.43,1.67],
[1.43,1.71,1.43,2,1.71,2,1.43,1.71,2],
[0.24,0.29,0.24,0.33,0.29,0.33,0.24,0.29,0.33],
[0.24,0.29,0.24,0.33,0.29,0.33,0.24,0.29,0.33],
[0.24,0.29,0.24,0.33,0.29,0.33,0.24,0.29,0.33],
[0.24,0.29,0.24,0.33,0.29,0.33,0.24,0.29,0.33],
[0.24,0.29,0.24,0.33,0.29,0.33,0.24,0.29,0.33],
[0.24,0.29,0.24,0.33,0.29,0.33,0.24,0.29,0.33],
[0.48,0.57,0.48,0.67,0.57,0.67,0.48,0.57,0.67],
[0.48,0.57,0.48,0.67,0.57,0.67,0.48,0.57,0.67],
[0.48,0.57,0.48,0.67,0.57,0.67,0.48,0.57,0.67],
[0.48,0.57,0.48,0.67,0.57,0.67,0.48,0.57,0.67],
[0.48,0.57,0.48,0.67,0.57,0.67,0.48,0.57,0.67],
[0.71,0.86,0.71,1,0.86,1,0.71,0.86,1],
[0.71,0.86,0.71,1,0.86,1,0.71,0.86,1],
[0.71,0.86,0.71,1,0.86,1,0.71,0.86,1],
[0.71,0.86,0.71,1,0.86,1,0.71,0.86,1],
[0.95,1.14,0.95,1.33,1.14,1.33,0.95,1.14,1.33],
[0.95,1.14,0.95,1.33,1.14,1.33,0.95,1.14,1.33],
[0.95,1.14,0.95,1.33,1.14,1.33,0.95,1.14,1.33],
[1.19,1.43,1.19,1.67,1.43,1.67,1.19,1.43,1.67],
[1.19,1.43,1.19,1.67,1.43,1.67,1.19,1.43,1.67],
[1.43,1.71,1.43,2,1.71,2,1.43,1.71,2],
[0.36,0.43,0.36,0.5,0.43,0.5,0.36,0.43,0.5],
[0.36,0.43,0.36,0.5,0.43,0.5,0.36,0.43,0.5],
[0.36,0.43,0.36,0.5,0.43,0.5,0.36,0.43,0.5],
[0.36,0.43,0.36,0.5,0.43,0.5,0.36,0.43,0.5],
[0.36,0.43,0.36,0.5,0.43,0.5,0.36,0.43,0.5],
[0.36,0.43,0.36,0.5,0.43,0.5,0.36,0.43,0.5],
[0.71,0.86,0.71,1,0.86,1,0.71,0.86,1],
[0.71,0.86,0.71,1,0.86,1,0.71,0.86,1],
[0.71,0.86,0.71,1,0.86,1,0.71,0.86,1],
[0.71,0.86,0.71,1,0.86,1,0.71,0.86,1],
[0.71,0.86,0.71,1,0.86,1,0.71,0.86,1],
[1.07,1.29,1.07,1.5,1.29,1.5,1.07,1.29,1.5],
[1.07,1.29,1.07,1.5,1.29,1.5,1.07,1.29,1.5],
[1.07,1.29,1.07,1.5,1.29,1.5,1.07,1.29,1.5],
[1.07,1.29,1.07,1.5,1.29,1.5,1.07,1.29,1.5],
[1.43,1.71,1.43,2,1.71,2,1.43,1.71,2],
[1.43,1.71,1.43,2,1.71,2,1.43,1.71,2],
[1.43,1.71,1.43,2,1.71,2,1.43,1.71,2],
[1.79,2.14,1.79,2.5,2.14,2.5,1.79,2.14,2.5],
[1.79,2.14,1.79,2.5,2.14,2.5,1.79,2.14,2.5],
[2.14,2.57,2.14,3,2.57,3,2.14,2.57,3],
[0.36,0.43,0.36,0.5,0.43,0.5,0.36,0.43,0.5],
[0.36,0.43,0.36,0.5,0.43,0.5,0.36,0.43,0.5],
[0.36,0.43,0.36,0.5,0.43,0.5,0.36,0.43,0.5],
[0.36,0.43,0.36,0.5,0.43,0.5,0.36,0.43,0.5],
[0.36,0.43,0.36,0.5,0.43,0.5,0.36,0.43,0.5],
[0.36,0.43,0.36,0.5,0.43,0.5,0.36,0.43,0.5],
[0.71,0.86,0.71,1,0.86,1,0.71,0.86,1],
[0.71,0.86,0.71,1,0.86,1,0.71,0.86,1],
[0.71,0.86,0.71,1,0.86,1,0.71,0.86,1],
[0.71,0.86,0.71,1,0.86,1,0.71,0.86,1],
[0.71,0.86,0.71,1,0.86,1,0.71,0.86,1],
[1.07,1.29,1.07,1.5,1.29,1.5,1.07,1.29,1.5],
[1.07,1.29,1.07,1.5,1.29,1.5,1.07,1.29,1.5],
[1.07,1.29,1.07,1.5,1.29,1.5,1.07,1.29,1.5],
[1.07,1.29,1.07,1.5,1.29,1.5,1.07,1.29,1.5],
[1.43,1.71,1.43,2,1.71,2,1.43,1.71,2],
[1.43,1.71,1.43,2,1.71,2,1.43,1.71,2],
[1.43,1.71,1.43,2,1.71,2,1.43,1.71,2],
[1.79,2.14,1.79,2.5,2.14,2.5,1.79,2.14,2.5],
[1.79,2.14,1.79,2.5,2.14,2.5,1.79,2.14,2.5],
[2.14,2.57,2.14,3,2.57,3,2.14,2.57,3],
[0.36,0.43,0.36,0.5,0.43,0.5,0.36,0.43,0.5],
[0.36,0.43,0.36,0.5,0.43,0.5,0.36,0.43,0.5],
[0.36,0.43,0.36,0.5,0.43,0.5,0.36,0.43,0.5],
[0.36,0.43,0.36,0.5,0.43,0.5,0.36,0.43,0.5],
[0.36,0.43,0.36,0.5,0.43,0.5,0.36,0.43,0.5],
[0.36,0.43,0.36,0.5,0.43,0.5,0.36,0.43,0.5],
[0.71,0.86,0.71,1,0.86,1,0.71,0.86,1],
[0.71,0.86,0.71,1,0.86,1,0.71,0.86,1],
[0.71,0.86,0.71,1,0.86,1,0.71,0.86,1],
[0.71,0.86,0.71,1,0.86,1,0.71,0.86,1],
[0.71,0.86,0.71,1,0.86,1,0.71,0.86,1],
[1.07,1.29,1.07,1.5,1.29,1.5,1.07,1.29,1.5],
[1.07,1.29,1.07,1.5,1.29,1.5,1.07,1.29,1.5],
[1.07,1.29,1.07,1.5,1.29,1.5,1.07,1.29,1.5],
[1.07,1.29,1.07,1.5,1.29,1.5,1.07,1.29,1.5],
[1.43,1.71,1.43,2,1.71,2,1.43,1.71,2],
[1.43,1.71,1.43,2,1.71,2,1.43,1.71,2],
[1.43,1.71,1.43,2,1.71,2,1.43,1.71,2],
[1.79,2.14,1.79,2.5,2.14,2.5,1.79,2.14,2.5],
[1.79,2.14,1.79,2.5,2.14,2.5,1.79,2.14,2.5],
[2.14,2.57,2.14,3,2.57,3,2.14,2.57,3],
[0.36,0.43,0.36,0.5,0.43,0.5,0.36,0.43,0.5],
[0.36,0.43,0.36,0.5,0.43,0.5,0.36,0.43,0.5],
[0.36,0.43,0.36,0.5,0.43,0.5,0.36,0.43,0.5],
[0.36,0.43,0.36,0.5,0.43,0.5,0.36,0.43,0.5],
[0.36,0.43,0.36,0.5,0.43,0.5,0.36,0.43,0.5],
[0.36,0.43,0.36,0.5,0.43,0.5,0.36,0.43,0.5],
[0.71,0.86,0.71,1,0.86,1,0.71,0.86,1],
[0.71,0.86,0.71,1,0.86,1,0.71,0.86,1],
[0.71,0.86,0.71,1,0.86,1,0.71,0.86,1],
[0.71,0.86,0.71,1,0.86,1,0.71,0.86,1],
[0.71,0.86,0.71,1,0.86,1,0.71,0.86,1],
[1.07,1.29,1.07,1.5,1.29,1.5,1.07,1.29,1.5],
[1.07,1.29,1.07,1.5,1.29,1.5,1.07,1.29,1.5],
[1.07,1.29,1.07,1.5,1.29,1.5,1.07,1.29,1.5],
[1.07,1.29,1.07,1.5,1.29,1.5,1.07,1.29,1.5],
[1.43,1.71,1.43,2,1.71,2,1.43,1.71,2],
[1.43,1.71,1.43,2,1.71,2,1.43,1.71,2],
[1.43,1.71,1.43,2,1.71,2,1.43,1.71,2],
[1.79,2.14,1.79,2.5,2.14,2.5,1.79,2.14,2.5],
[1.79,2.14,1.79,2.5,2.14,2.5,1.79,2.14,2.5],
[2.14,2.57,2.14,3,2.57,3,2.14,2.57,3],
[0.36,0.43,0.36,0.5,0.43,0.5,0.36,0.43,0.5],
[0.36,0.43,0.36,0.5,0.43,0.5,0.36,0.43,0.5],
[0.36,0.43,0.36,0.5,0.43,0.5,0.36,0.43,0.5],
[0.36,0.43,0.36,0.5,0.43,0.5,0.36,0.43,0.5],
[0.36,0.43,0.36,0.5,0.43,0.5,0.36,0.43,0.5],
[0.36,0.43,0.36,0.5,0.43,0.5,0.36,0.43,0.5],
[0.71,0.86,0.71,1,0.86,1,0.71,0.86,1],
[0.71,0.86,0.71,1,0.86,1,0.71,0.86,1],
[0.71,0.86,0.71,1,0.86,1,0.71,0.86,1],
[0.71,0.86,0.71,1,0.86,1,0.71,0.86,1],
[0.71,0.86,0.71,1,0.86,1,0.71,0.86,1],
[1.07,1.29,1.07,1.5,1.29,1.5,1.07,1.29,1.5],
[1.07,1.29,1.07,1.5,1.29,1.5,1.07,1.29,1.5],
[1.07,1.29,1.07,1.5,1.29,1.5,1.07,1.29,1.5],
[1.07,1.29,1.07,1.5,1.29,1.5,1.07,1.29,1.5],
[1.43,1.71,1.43,2,1.71,2,1.43,1.71,2],
[1.43,1.71,1.43,2,1.71,2,1.43,1.71,2],
[1.43,1.71,1.43,2,1.71,2,1.43,1.71,2],
[1.79,2.14,1.79,2.5,2.14,2.5,1.79,2.14,2.5],
[1.79,2.14,1.79,2.5,2.14,2.5,1.79,2.14,2.5],
[2.14,2.57,2.14,3,2.57,3,2.14,2.57,3],
[0.48,0.57,0.48,0.67,0.57,0.67,0.48,0.57,0.67],
[0.48,0.57,0.48,0.67,0.57,0.67,0.48,0.57,0.67],
[0.48,0.57,0.48,0.67,0.57,0.67,0.48,0.57,0.67],
[0.48,0.57,0.48,0.67,0.57,0.67,0.48,0.57,0.67],
[0.48,0.57,0.48,0.67,0.57,0.67,0.48,0.57,0.67],
[0.48,0.57,0.48,0.67,0.57,0.67,0.48,0.57,0.67],
[0.95,1.14,0.95,1.33,1.14,1.33,0.95,1.14,1.33],
[0.95,1.14,0.95,1.33,1.14,1.33,0.95,1.14,1.33],
[0.95,1.14,0.95,1.33,1.14,1.33,0.95,1.14,1.33],
[0.95,1.14,0.95,1.33,1.14,1.33,0.95,1.14,1.33],
[0.95,1.14,0.95,1.33,1.14,1.33,0.95,1.14,1.33],
[1.43,1.71,1.43,2,1.71,2,1.43,1.71,2],
[1.43,1.71,1.43,2,1.71,2,1.43,1.71,2],
[1.43,1.71,1.43,2,1.71,2,1.43,1.71,2],
[1.43,1.71,1.43,2,1.71,2,1.43,1.71,2],
[1.9,2.29,1.9,2.67,2.29,2.67,1.9,2.29,2.67],
[1.9,2.29,1.9,2.67,2.29,2.67,1.9,2.29,2.67],
[1.9,2.29,1.9,2.67,2.29,2.67,1.9,2.29,2.67],
[2.38,2.86,2.38,3.33,2.86,3.33,2.38,2.86,3.33],
[2.38,2.86,2.38,3.33,2.86,3.33,2.38,2.86,3.33],
[2.86,3.43,2.86,4,3.43,4,2.86,3.43,4],
[0.48,0.57,0.48,0.67,0.57,0.67,0.48,0.57,0.67],
[0.48,0.57,0.48,0.67,0.57,0.67,0.48,0.57,0.67],
[0.48,0.57,0.48,0.67,0.57,0.67,0.48,0.57,0.67],
[0.48,0.57,0.48,0.67,0.57,0.67,0.48,0.57,0.67],
[0.48,0.57,0.48,0.67,0.57,0.67,0.48,0.57,0.67],
[0.48,0.57,0.48,0.67,0.57,0.67,0.48,0.57,0.67],
[0.95,1.14,0.95,1.33,1.14,1.33,0.95,1.14,1.33],
[0.95,1.14,0.95,1.33,1.14,1.33,0.95,1.14,1.33],
[0.95,1.14,0.95,1.33,1.14,1.33,0.95,1.14,1.33],
[0.95,1.14,0.95,1.33,1.14,1.33,0.95,1.14,1.33],
[0.95,1.14,0.95,1.33,1.14,1.33,0.95,1.14,1.33],
[1.43,1.71,1.43,2,1.71,2,1.43,1.71,2],
[1.43,1.71,1.43,2,1.71,2,1.43,1.71,2],
[1.43,1.71,1.43,2,1.71,2,1.43,1.71,2],
[1.43,1.71,1.43,2,1.71,2,1.43,1.71,2],
[1.9,2.29,1.9,2.67,2.29,2.67,1.9,2.29,2.67],
[1.9,2.29,1.9,2.67,2.29,2.67,1.9,2.29,2.67],
[1.9,2.29,1.9,2.67,2.29,2.67,1.9,2.29,2.67],
[2.38,2.86,2.38,3.33,2.86,3.33,2.38,2.86,3.33],
[2.38,2.86,2.38,3.33,2.86,3.33,2.38,2.86,3.33],
[2.86,3.43,2.86,4,3.43,4,2.86,3.43,4],
[0.48,0.57,0.48,0.67,0.57,0.67,0.48,0.57,0.67],
[0.48,0.57,0.48,0.67,0.57,0.67,0.48,0.57,0.67],
[0.48,0.57,0.48,0.67,0.57,0.67,0.48,0.57,0.67],
[0.48,0.57,0.48,0.67,0.57,0.67,0.48,0.57,0.67],
[0.48,0.57,0.48,0.67,0.57,0.67,0.48,0.57,0.67],
[0.48,0.57,0.48,0.67,0.57,0.67,0.48,0.57,0.67],
[0.95,1.14,0.95,1.33,1.14,1.33,0.95,1.14,1.33],
[0.95,1.14,0.95,1.33,1.14,1.33,0.95,1.14,1.33],
[0.95,1.14,0.95,1.33,1.14,1.33,0.95,1.14,1.33],
[0.95,1.14,0.95,1.33,1.14,1.33,0.95,1.14,1.33],
[0.95,1.14,0.95,1.33,1.14,1.33,0.95,1.14,1.33],
[1.43,1.71,1.43,2,1.71,2,1.43,1.71,2],
[1.43,1.71,1.43,2,1.71,2,1.43,1.71,2],
[1.43,1.71,1.43,2,1.71,2,1.43,1.71,2],
[1.43,1.71,1.43,2,1.71,2,1.43,1.71,2],
[1.9,2.29,1.9,2.67,2.29,2.67,1.9,2.29,2.67],
[1.9,2.29,1.9,2.67,2.29,2.67,1.9,2.29,2.67],
[1.9,2.29,1.9,2.67,2.29,2.67,1.9,2.29,2.67],
[2.38,2.86,2.38,3.33,2.86,3.33,2.38,2.86,3.33],
[2.38,2.86,2.38,3.33,2.86,3.33,2.38,2.86,3.33],
[2.86,3.43,2.86,4,3.43,4,2.86,3.43,4],
[0.48,0.57,0.48,0.67,0.57,0.67,0.48,0.57,0.67],
[0.48,0.57,0.48,0.67,0.57,0.67,0.48,0.57,0.67],
[0.48,0.57,0.48,0.67,0.57,0.67,0.48,0.57,0.67],
[0.48,0.57,0.48,0.67,0.57,0.67,0.48,0.57,0.67],
[0.48,0.57,0.48,0.67,0.57,0.67,0.48,0.57,0.67],
[0.48,0.57,0.48,0.67,0.57,0.67,0.48,0.57,0.67],
[0.95,1.14,0.95,1.33,1.14,1.33,0.95,1.14,1.33],
[0.95,1.14,0.95,1.33,1.14,1.33,0.95,1.14,1.33],
[0.95,1.14,0.95,1.33,1.14,1.33,0.95,1.14,1.33],
[0.95,1.14,0.95,1.33,1.14,1.33,0.95,1.14,1.33],
[0.95,1.14,0.95,1.33,1.14,1.33,0.95,1.14,1.33],
[1.43,1.71,1.43,2,1.71,2,1.43,1.71,2],
[1.43,1.71,1.43,2,1.71,2,1.43,1.71,2],
[1.43,1.71,1.43,2,1.71,2,1.43,1.71,2],
[1.43,1.71,1.43,2,1.71,2,1.43,1.71,2],
[1.9,2.29,1.9,2.67,2.29,2.67,1.9,2.29,2.67],
[1.9,2.29,1.9,2.67,2.29,2.67,1.9,2.29,2.67],
[1.9,2.29,1.9,2.67,2.29,2.67,1.9,2.29,2.67],
[2.38,2.86,2.38,3.33,2.86,3.33,2.38,2.86,3.33],
[2.38,2.86,2.38,3.33,2.86,3.33,2.38,2.86,3.33],
[2.86,3.43,2.86,4,3.43,4,2.86,3.43,4],
[0.6,0.71,0.6,0.83,0.71,0.83,0.6,0.71,0.83],
[0.6,0.71,0.6,0.83,0.71,0.83,0.6,0.71,0.83],
[0.6,0.71,0.6,0.83,0.71,0.83,0.6,0.71,0.83],
[0.6,0.71,0.6,0.83,0.71,0.83,0.6,0.71,0.83],
[0.6,0.71,0.6,0.83,0.71,0.83,0.6,0.71,0.83],
[0.6,0.71,0.6,0.83,0.71,0.83,0.6,0.71,0.83],
[1.19,1.43,1.19,1.67,1.43,1.67,1.19,1.43,1.67],
[1.19,1.43,1.19,1.67,1.43,1.67,1.19,1.43,1.67],
[1.19,1.43,1.19,1.67,1.43,1.67,1.19,1.43,1.67],
[1.19,1.43,1.19,1.67,1.43,1.67,1.19,1.43,1.67],
[1.19,1.43,1.19,1.67,1.43,1.67,1.19,1.43,1.67],
[1.79,2.14,1.79,2.5,2.14,2.5,1.79,2.14,2.5],
[1.79,2.14,1.79,2.5,2.14,2.5,1.79,2.14,2.5],
[1.79,2.14,1.79,2.5,2.14,2.5,1.79,2.14,2.5],
[1.79,2.14,1.79,2.5,2.14,2.5,1.79,2.14,2.5],
[2.38,2.86,2.38,3.33,2.86,3.33,2.38,2.86,3.33],
[2.38,2.86,2.38,3.33,2.86,3.33,2.38,2.86,3.33],
[2.38,2.86,2.38,3.33,2.86,3.33,2.38,2.86,3.33],
[2.98,3.57,2.98,4.17,3.57,4.17,2.98,3.57,4.17],
[2.98,3.57,2.98,4.17,3.57,4.17,2.98,3.57,4.17],
[3.57,4.29,3.57,5,4.29,5,3.57,4.29,5],
[0.6,0.71,0.6,0.83,0.71,0.83,0.6,0.71,0.83],
[0.6,0.71,0.6,0.83,0.71,0.83,0.6,0.71,0.83],
[0.6,0.71,0.6,0.83,0.71,0.83,0.6,0.71,0.83],
[0.6,0.71,0.6,0.83,0.71,0.83,0.6,0.71,0.83],
[0.6,0.71,0.6,0.83,0.71,0.83,0.6,0.71,0.83],
[0.6,0.71,0.6,0.83,0.71,0.83,0.6,0.71,0.83],
[1.19,1.43,1.19,1.67,1.43,1.67,1.19,1.43,1.67],
[1.19,1.43,1.19,1.67,1.43,1.67,1.19,1.43,1.67],
[1.19,1.43,1.19,1.67,1.43,1.67,1.19,1.43,1.67],
[1.19,1.43,1.19,1.67,1.43,1.67,1.19,1.43,1.67],
[1.19,1.43,1.19,1.67,1.43,1.67,1.19,1.43,1.67],
[1.79,2.14,1.79,2.5,2.14,2.5,1.79,2.14,2.5],
[1.79,2.14,1.79,2.5,2.14,2.5,1.79,2.14,2.5],
[1.79,2.14,1.79,2.5,2.14,2.5,1.79,2.14,2.5],
[1.79,2.14,1.79,2.5,2.14,2.5,1.79,2.14,2.5],
[2.38,2.86,2.38,3.33,2.86,3.33,2.38,2.86,3.33],
[2.38,2.86,2.38,3.33,2.86,3.33,2.38,2.86,3.33],
[2.38,2.86,2.38,3.33,2.86,3.33,2.38,2.86,3.33],
[2.98,3.57,2.98,4.17,3.57,4.17,2.98,3.57,4.17],
[2.98,3.57,2.98,4.17,3.57,4.17,2.98,3.57,4.17],
[3.57,4.29,3.57,5,4.29,5,3.57,4.29,5],
[0.6,0.71,0.6,0.83,0.71,0.83,0.6,0.71,0.83],
[0.6,0.71,0.6,0.83,0.71,0.83,0.6,0.71,0.83],
[0.6,0.71,0.6,0.83,0.71,0.83,0.6,0.71,0.83],
[0.6,0.71,0.6,0.83,0.71,0.83,0.6,0.71,0.83],
[0.6,0.71,0.6,0.83,0.71,0.83,0.6,0.71,0.83],
[0.6,0.71,0.6,0.83,0.71,0.83,0.6,0.71,0.83],
[1.19,1.43,1.19,1.67,1.43,1.67,1.19,1.43,1.67],
[1.19,1.43,1.19,1.67,1.43,1.67,1.19,1.43,1.67],
[1.19,1.43,1.19,1.67,1.43,1.67,1.19,1.43,1.67],
[1.19,1.43,1.19,1.67,1.43,1.67,1.19,1.43,1.67],
[1.19,1.43,1.19,1.67,1.43,1.67,1.19,1.43,1.67],
[1.79,2.14,1.79,2.5,2.14,2.5,1.79,2.14,2.5],
[1.79,2.14,1.79,2.5,2.14,2.5,1.79,2.14,2.5],
[1.79,2.14,1.79,2.5,2.14,2.5,1.79,2.14,2.5],
[1.79,2.14,1.79,2.5,2.14,2.5,1.79,2.14,2.5],
[2.38,2.86,2.38,3.33,2.86,3.33,2.38,2.86,3.33],
[2.38,2.86,2.38,3.33,2.86,3.33,2.38,2.86,3.33],
[2.38,2.86,2.38,3.33,2.86,3.33,2.38,2.86,3.33],
[2.98,3.57,2.98,4.17,3.57,4.17,2.98,3.57,4.17],
[2.98,3.57,2.98,4.17,3.57,4.17,2.98,3.57,4.17],
[3.57,4.29,3.57,5,4.29,5,3.57,4.29,5],
[0.71,0.86,0.71,1,0.86,1,0.71,0.86,1],
[0.71,0.86,0.71,1,0.86,1,0.71,0.86,1],
[0.71,0.86,0.71,1,0.86,1,0.71,0.86,1],
[0.71,0.86,0.71,1,0.86,1,0.71,0.86,1],
[0.71,0.86,0.71,1,0.86,1,0.71,0.86,1],
[0.71,0.86,0.71,1,0.86,1,0.71,0.86,1],
[1.43,1.71,1.43,2,1.71,2,1.43,1.71,2],
[1.43,1.71,1.43,2,1.71,2,1.43,1.71,2],
[1.43,1.71,1.43,2,1.71,2,1.43,1.71,2],
[1.43,1.71,1.43,2,1.71,2,1.43,1.71,2],
[1.43,1.71,1.43,2,1.71,2,1.43,1.71,2],
[2.14,2.57,2.14,3,2.57,3,2.14,2.57,3],
[2.14,2.57,2.14,3,2.57,3,2.14,2.57,3],
[2.14,2.57,2.14,3,2.57,3,2.14,2.57,3],
[2.14,2.57,2.14,3,2.57,3,2.14,2.57,3],
[2.86,3.43,2.86,4,3.43,4,2.86,3.43,4],
[2.86,3.43,2.86,4,3.43,4,2.86,3.43,4],
[2.86,3.43,2.86,4,3.43,4,2.86,3.43,4],
[3.57,4.29,3.57,5,4.29,5,3.57,4.29,5],
[3.57,4.29,3.57,5,4.29,5,3.57,4.29,5],
[4.29,5.14,4.29,6,5.14,6,4.29,5.14,6],
[0.71,0.86,0.71,1,0.86,1,0.71,0.86,1],
[0.71,0.86,0.71,1,0.86,1,0.71,0.86,1],
[0.71,0.86,0.71,1,0.86,1,0.71,0.86,1],
[0.71,0.86,0.71,1,0.86,1,0.71,0.86,1],
[0.71,0.86,0.71,1,0.86,1,0.71,0.86,1],
[0.71,0.86,0.71,1,0.86,1,0.71,0.86,1],
[1.43,1.71,1.43,2,1.71,2,1.43,1.71,2],
[1.43,1.71,1.43,2,1.71,2,1.43,1.71,2],
[1.43,1.71,1.43,2,1.71,2,1.43,1.71,2],
[1.43,1.71,1.43,2,1.71,2,1.43,1.71,2],
[1.43,1.71,1.43,2,1.71,2,1.43,1.71,2],
[2.14,2.57,2.14,3,2.57,3,2.14,2.57,3],
[2.14,2.57,2.14,3,2.57,3,2.14,2.57,3],
[2.14,2.57,2.14,3,2.57,3,2.14,2.57,3],
[2.14,2.57,2.14,3,2.57,3,2.14,2.57,3],
[2.86,3.43,2.86,4,3.43,4,2.86,3.43,4],
[2.86,3.43,2.86,4,3.43,4,2.86,3.43,4],
[2.86,3.43,2.86,4,3.43,4,2.86,3.43,4],
[3.57,4.29,3.57,5,4.29,5,3.57,4.29,5],
[3.57,4.29,3.57,5,4.29,5,3.57,4.29,5],
[4.29,5.14,4.29,6,5.14,6,4.29,5.14,6],
[0.83,1,0.83,1.17,1,1.17,0.83,1,1.17],
[0.83,1,0.83,1.17,1,1.17,0.83,1,1.17],
[0.83,1,0.83,1.17,1,1.17,0.83,1,1.17],
[0.83,1,0.83,1.17,1,1.17,0.83,1,1.17],
[0.83,1,0.83,1.17,1,1.17,0.83,1,1.17],
[0.83,1,0.83,1.17,1,1.17,0.83,1,1.17],
[1.67,2,1.67,2.33,2,2.33,1.67,2,2.33],
[1.67,2,1.67,2.33,2,2.33,1.67,2,2.33],
[1.67,2,1.67,2.33,2,2.33,1.67,2,2.33],
[1.67,2,1.67,2.33,2,2.33,1.67,2,2.33],
[1.67,2,1.67,2.33,2,2.33,1.67,2,2.33],
[2.5,3,2.5,3.5,3,3.5,2.5,3,3.5],
[2.5,3,2.5,3.5,3,3.5,2.5,3,3.5],
[2.5,3,2.5,3.5,3,3.5,2.5,3,3.5],
[2.5,3,2.5,3.5,3,3.5,2.5,3,3.5],
[3.33,4,3.33,4.67,4,4.67,3.33,4,4.67],
[3.33,4,3.33,4.67,4,4.67,3.33,4,4.67],
[3.33,4,3.33,4.67,4,4.67,3.33,4,4.67],
[4.17,5,4.17,5.83,5,5.83,4.17,5,5.83],
[4.17,5,4.17,5.83,5,5.83,4.17,5,5.83],
[5,6,5,7,6,7,5,6,7]]
[1,1,1,1,1,1,2,2,2,2,2,3,3,3,3,4,4,4,5,5,6,1,1,1,1,1,1,2,2,2,2,2,3,3,3,3,4,4,4,5,5,6,1,1,1,1,1,1,2,2,2,2,2,3,3,3,3,4,4,4,5,5,6,1,1,1,1,1,1,2,2,2,2,2,3,3,3,3,4,4,4,5,5,6,1,1,1,1,1,1,2,2,2,2,2,3,3,3,3,4,4,4,5,5,6,1,1,1,1,1,1,2,2,2,2,2,3,3,3,3,4,4,4,5,5,6,1,1,1,1,1,1,2,2,2,2,2,3,3,3,3,4,4,4,5,5,6,2,2,2,2,2,2,4,4,4,4,4,6,6,6,6,8,8,8,10,10,12,2,2,2,2,2,2,4,4,4,4,4,6,6,6,6,8,8,8,10,10,12,2,2,2,2,2,2,4,4,4,4,4,6,6,6,6,8,8,8,10,10,12,2,2,2,2,2,2,4,4,4,4,4,6,6,6,6,8,8,8,10,10,12,2,2,2,2,2,2,4,4,4,4,4,6,6,6,6,8,8,8,10,10,12,2,2,2,2,2,2,4,4,4,4,4,6,6,6,6,8,8,8,10,10,12,3,3,3,3,3,3,6,6,6,6,6,9,9,9,9,12,12,12,15,15,18,3,3,3,3,3,3,6,6,6,6,6,9,9,9,9,12,12,12,15,15,18,3,3,3,3,3,3,6,6,6,6,6,9,9,9,9,12,12,12,15,15,18,3,3,3,3,3,3,6,6,6,6,6,9,9,9,9,12,12,12,15,15,18,3,3,3,3,3,3,6,6,6,6,6,9,9,9,9,12,12,12,15,15,18,4,4,4,4,4,4,8,8,8,8,8,12,12,12,12,16,16,16,20,20,24,4,4,4,4,4,4,8,8,8,8,8,12,12,12,12,16,16,16,20,20,24,4,4,4,4,4,4,8,8,8,8,8,12,12,12,12,16,16,16,20,20,24,4,4,4,4,4,4,8,8,8,8,8,12,12,12,12,16,16,16,20,20,24,5,5,5,5,5,5,10,10,10,10,10,15,15,15,15,20,20,20,25,25,30,5,5,5,5,5,5,10,10,10,10,10,15,15,15,15,20,20,20,25,25,30,5,5,5,5,5,5,10,10,10,10,10,15,15,15,15,20,20,20,25,25,30,6,6,6,6,6,6,12,12,12,12,12,18,18,18,18,24,24,24,30,30,36,6,6,6,6,6,6,12,12,12,12,12,18,18,18,18,24,24,24,30,30,36,7,7,7,7,7,7,14,14,14,14,14,21,21,21,21,28,28,28,35,35,42] 
[7.64,5.47,5.26,5.96,5.75,9.3,6.49,6.37,6.68] 
[0.01,0.02,0.01,0.02,0.01,0.02,0.01,0.02,0.01] 
[5,6,5,7,6,7,5,6,7] 
[1.82,1.8,1.98,1.88,2.14,1.91,1.85,2.19,1.94]