Instance: 78
width: 7
long: 6
Parcels: 9
Crops: 19
Water: 348000

Chemical Properties by Parcel
18.62   13.69   14.29   13.55   9.7   11.56   18.55   18.49   16.84   17.63   11.19   10.24   16.47   14.39   18.04   9.77   14.57   14.07   12.01   14.69   14.34   9.92   13.96   15.31   13.52   11.57   13.77   13.02   13.05   9.92   11.96   13.61   9.82   17.13   18.2   13.72   9.93   17.78   15.54   16.93   16.84   13.45    
12.75   14.84   12.43   12.03   15.07   18.06   10.86   12.96   16.85   10.45   15.52   10.3   11.34   15.08   12.36   17.2   9.79   10.12   12.8   15.87   15.99   14.34   15.76   16.99   12.23   10.99   17.46   11.97   11.12   10.5   14.42   18.66   9.74   15.43   17.8   10.96   9.64   14.83   15.46   14.47   11.89   17.44    
14.38   14.28   17.05   14.45   11.36   16.29   16.22   12.67   13.53   12.44   12.96   14.54   15.74   11.93   16.63   17.54   12.48   15.91   15.3   10.28   15.69   9.61   17.35   11.39   11.07   11.48   13.57   10.42   16.82   15.26   14.21   11.28   17.25   16.28   15.61   14.17   16.92   12.78   14.54   17.94   15.23   18.53    
10.5   14.08   14.47   11.18   15.51   18.56   17.58   18.16   11.54   18.15   12.52   18.16   13.96   15.13   11.16   10.18   12.58   15.56   14.18   17.83   14.54   9.99   14.01   16.63   16.51   11.25   18.28   18.32   15.68   12.42   11.92   11.86   13.87   10.89   12.4   15.92   14.81   16.48   18.14   15.29   14.66   16.3    
12.9   14.69   14.22   14.04   16.52   11.79   10.42   10.6   9.95   11.63   18.22   13.03   18.38   14.27   10.67   18.63   18.59   10.32   16.53   12.19   15.89   14.02   11.84   18.4   14.08   16.78   13.86   11.03   15.07   15.72   13.57   15.45   11.6   17.26   10.51   13.18   18.68   15.63   13.42   12.62   16.27   10.09    
12.57   15.29   11.33   14.62   18.55   10.24   17.36   17.04   15.7   16.94   14.21   14.35   17.01   17.46   10.69   14.79   11.93   9.88   13.21   15.64   13.75   11.76   15.1   16.99   18.22   11.43   15.52   10.53   9.91   12.49   13.39   16.06   16.43   16.87   12.57   11.12   10.16   10.19   11.28   17.61   12.47   13.09    
18.2   16.54   14.62   17.73   13.48   10.43   14.14   14.2   13.95   14.38   15.76   16.65   14.27   10.85   18.14   18.26   12.76   16.84   16.28   14.16   10.92   12.47   15.83   12.96   15.32   17.27   13.36   14.17   14.42   14.14   15.25   15.09   12.25   12.02   13.42   11.06   9.77   10.82   17.8   15.98   15.89   14.06    
15.09   16.44   13.6   13.35   10.31   12.05   12.47   16.43   13.36   13.76   13.41   15.88   10.42   11.31   11.37   16.1   11.62   13.54   16.77   11.36   11.95   11.01   13.05   13.25   18.16   13.63   16.5   16.7   14.17   17.88   11   13.77   10.72   12.58   12.42   9.73   15.36   14.33   17.03   14.06   13.82   14.18    
17.36   17.6   11.28   14.6   12.29   13.87   17.8   11.33   11.9   11.52   10.39   15.48   10.47   12.31   11.66   12.1   12.49   14.77   17.51   11.8   18.51   10.91   16.02   12.23   13.41   12.58   17.75   16.42   11.43   16.31   15.47   16.99   12.53   15.96   9.97   9.95   15.61   17.67   10.68   10.75   15.8   11.57    

Physical Properties by Parcel
5.3   5.6   5.4   5.6   5.4   5.5   5.4   5.3   5.5   5.5   5.2   5.4   5.5   5.5   5.5   5.4   5.3   5.4   5.4   5.4   5.4   5.5   5.6   5.4   5.4   5.3   5.3   5.6   5.4   5.4   5.6   5.6   5.3   5.3   5.5   5.5   5.4   5.5   5.4   5.5   5.4   5.5    
5.3   5.5   5.5   5.6   5.3   5.5   5.4   5.6   5.3   5.6   5.3   5.5   5.2   5.5   5.6   5.2   5.6   5.6   5.4   5.6   5.4   5.3   5.3   5.5   5.2   5.6   5.5   5.4   5.5   5.5   5.5   5.5   5.5   5.5   5.4   5.4   5.3   5.6   5.3   5.6   5.4   5.3    
5.3   5.5   5.2   5.5   5.3   5.5   5.4   5.3   5.6   5.6   5.5   5.5   5.4   5.3   5.3   5.5   5.3   5.2   5.5   5.3   5.3   5.4   5.6   5.4   5.5   5.5   5.6   5.5   5.2   5.4   5.3   5.3   5.4   5.5   5.4   5.6   5.3   5.3   5.3   5.2   5.3   5.6    
5.5   5.3   5.5   5.2   5.2   5.4   5.3   5.4   5.5   5.5   5.4   5.5   5.2   5.5   5.2   5.3   5.2   5.2   5.6   5.6   5.6   5.4   5.3   5.6   5.4   5.2   5.3   5.4   5.4   5.4   5.3   5.4   5.4   5.5   5.5   5.6   5.5   5.5   5.5   5.5   5.2   5.3    
5.3   5.2   5.6   5.5   5.5   5.5   5.5   5.5   5.3   5.6   5.5   5.5   5.5   5.3   5.5   5.2   5.2   5.4   5.5   5.3   5.3   5.3   5.2   5.6   5.2   5.3   5.6   5.3   5.5   5.6   5.3   5.4   5.2   5.3   5.4   5.3   5.3   5.5   5.4   5.3   5.5   5.5    
5.5   5.3   5.5   5.4   5.4   5.5   5.4   5.4   5.4   5.3   5.5   5.4   5.6   5.4   5.4   5.4   5.4   5.4   5.5   5.6   5.5   5.3   5.5   5.3   5.5   5.2   5.4   5.4   5.5   5.4   5.2   5.3   5.4   5.2   5.6   5.3   5.3   5.4   5.5   5.3   5.5   5.5    
5.3   5.3   5.4   5.3   5.4   5.3   5.4   5.6   5.5   5.2   5.5   5.2   5.5   5.3   5.3   5.5   5.5   5.5   5.6   5.4   5.5   5.5   5.3   5.5   5.2   5.6   5.4   5.5   5.6   5.2   5.4   5.3   5.4   5.4   5.2   5.5   5.5   5.3   5.6   5.5   5.6   5.6    
5.2   5.2   5.6   5.2   5.4   5.4   5.6   5.6   5.3   5.6   5.5   5.5   5.5   5.3   5.4   5.3   5.3   5.5   5.4   5.5   5.4   5.6   5.3   5.6   5.3   5.3   5.6   5.4   5.4   5.3   5.4   5.2   5.5   5.6   5.6   5.6   5.5   5.4   5.4   5.5   5.4   5.4    
5.4   5.6   5.6   5.2   5.4   5.3   5.3   5.4   5.3   5.4   5.6   5.3   5.2   5.3   5.3   5.3   5.5   5.3   5.3   5.4   5.4   5.6   5.3   5.3   5.3   5.5   5.3   5.3   5.3   5.4   5.5   5.6   5.5   5.5   5.4   5.4   5.5   5.2   5.2   5.6   5.5   5.3    

Ha by Parcels
5   7   7   7   6   7   5   7   7   

Cost of m3 in each parcel
1.82   2.07   1.97   2.07   2.16   1.94   2.16   1.93   2.06   