588
42
9
330000
[[0,0,0,0,0,0,0,0,0],
[0,0,0,0,0,0,0,0,0],
[0,0,0,0,0,0,0,0,0],
[0,0,0,0,0,0,0,0,0],
[0,0,0,0,0,0,0,0,0],
[0,0,0,0,0,0,0,0,0],
[3.56,19.22,6.73,0.02,0.05,0.55,1.3,0.66,1.6],
[5.06,25.28,13.62,8.82,7.07,8.41,0.01,0,0.22],
[0.01,0.52,5.71,0.04,15.02,0.43,0.36,9.86,24.71],
[4.99,18.42,2.67,4.81,1.75,0.73,2.21,11.66,18.85],
[1.43,0.12,1.53,21.06,2.6,2.06,3.35,30.03,0.98],
[2.92,14.97,7.19,5.64,4.35,4.54,0.92,0.41,1.61],
[3.21,14.78,7.01,5.53,7.85,4.62,0.22,6.44,15.07],
[3.51,14.69,8.19,2.95,7.76,1.15,2.31,7.2,14.65],
[2.5,13.35,4.15,10.54,4.32,2.68,1.89,15.32,10.35],
[2.23,10.66,5.11,5.28,5.27,3.55,0.63,5.95,10.05],
[3.36,14.65,6.67,8.35,5.31,3.13,1.88,5.2,10.75],
[2.39,15.74,10.34,7.06,5.9,3.24,1.74,13.83,9.8],
[2.78,12.66,5.82,8.87,3.99,2.67,1.52,4.78,8.08],
[2.52,13.84,7.99,8.37,4.69,3.48,1.48,11.9,8.07],
[2.23,13.29,7.7,8.16,3.81,2.89,1.31,11.4,6.46],
[0,0,0,0,0,0,0,0,0],
[0,0,0,0,0,0,0,0,0],
[0,0,0,0,0,0,0,0,0],
[0,0,0,0,0,0,0,0,0],
[0,0,0,0,0,0,0,0,0],
[0,0,0,0,0,0,0,0,0],
[6.88,0.83,14.85,1.11,12.3,11.14,0.4,0,6.16],
[5.92,0.18,16.99,0.23,0.47,3.62,2.74,0.25,3.81],
[18.18,6.3,11.09,0.3,1.66,0.07,14.91,7.64,2.23],
[23.87,0.55,11.57,16.07,0.02,6.34,0.41,0.19,11.28],
[1.01,2.74,0.26,0.11,9.59,7.37,5.41,0.46,25.13],
[4.28,0.93,10.64,0.56,6.91,5.61,1.4,0.15,9.88],
[9.15,5.03,9.57,0.53,2.01,2.13,7.5,4.34,2.08],
[14.15,3.33,7.56,12.39,1.23,3.83,8.56,4.42,12.35],
[13.32,3.01,6.73,11.66,6.13,4.58,4.88,0.24,13.05],
[9.04,5.42,8.84,0.51,4.77,3.74,5.33,3.11,6.79],
[10.17,3.93,9.64,10.65,2.08,5.85,5.95,3.66,8.24],
[9.78,3.08,5.25,13.32,4.15,3.19,6.78,3.8,10.82],
[8.8,5.06,8.23,8.12,3.71,5.18,5,3.12,8.41],
[8.15,3.24,8.03,13.55,3.47,4.48,5.13,3.78,8.18],
[7.25,4.1,6.98,11.43,5.3,4.34,4.38,3.57,9.17],
[0,0,0,0,0,0,0,0,0],
[0,0,0,0,0,0,0,0,0],
[0,0,0,0,0,0,0,0,0],
[0,0,0,0,0,0,0,0,0],
[0,0,0,0,0,0,0,0,0],
[0,0,0,0,0,0,0,0,0],
[6.73,0.01,2,1.14,0.41,0.2,17.88,4.18,0.12],
[9.68,4.18,2.18,0.9,2.29,4.74,12.5,1.94,10.08],
[1.08,4.84,0.34,1.46,0.24,28.8,1.3,15.02,0.58],
[16.76,0.56,0.27,0.83,0.01,2.95,20.16,0.03,28.96],
[3.81,3.38,5.25,2.02,9.68,0.04,17.94,16.7,0.01],
[5.56,2.66,4.18,2.03,1.15,2.64,10.29,5.98,7.53],
[9.33,3.01,2.25,2.34,1.19,14.57,11.88,7.71,8.73],
[9.06,4.7,0.6,0.79,0.13,15.02,10.9,10.45,16.95],
[8.39,3.55,2.89,1.04,6.23,1.77,12.72,10.71,18.96],
[6.23,2.15,4.86,3.77,0.82,10.03,9.03,6.55,9.51],
[9.01,3.19,2.47,1.58,0.84,10.36,11.18,7.74,13.09],
[6.13,7.85,1.94,1.27,5.2,10.37,8.58,10.58,16.53],
[7,2.4,5.32,3.04,0.66,8.23,10.2,6.3,11.06],
[6.77,5.96,2.48,2.18,3.97,8.21,10.54,8.06,12.87],
[5.6,4.84,4.4,3.78,3.21,7.11,9.36,7.29,10.78],
[0,0,0,0,0,0,0,0,0],
[0,0,0,0,0,0,0,0,0],
[0,0,0,0,0,0,0,0,0],
[0,0,0,0,0,0,0,0,0],
[0,0,0,0,0,0,0,0,0],
[0,0,0,0,0,0,0,0,0],
[0.37,4.09,36.72,0.01,1.23,21.13,23.19,12.45,0.1],
[1.66,2.67,0.04,16.47,2.04,2.71,11,10.49,6.85],
[0.55,7.14,14.96,18.73,0.13,0.08,7.45,0.03,0.2],
[0.26,6.23,0.9,12.55,0.9,2.29,0.34,12.25,2.86],
[0,0.91,0.35,1.39,1.33,5.35,3.46,0.33,9.81],
[1.87,6.71,25.31,10.67,3.24,10.84,12.14,7.67,4.08],
[0.83,3.63,9.49,11.76,1.79,1.56,6.26,6.62,5.47],
[0.29,4.47,8.13,10.63,0.46,1.86,4.13,8.62,1.53],
[0.17,3.17,1.21,12.09,2.21,2.76,1.81,7.05,11.97],
[1.3,4.89,18.34,8.49,3.58,7.48,10.35,5.44,4.89],
[0.65,3.21,7.55,9.86,1.22,1.7,4.18,7.65,3.78],
[0.2,3,5.42,9.29,1.69,1.97,5.58,7.41,9.47],
[1.2,4.98,13.8,8.48,2.72,7.28,8.17,7.44,3.67],
[0.53,2.41,5.8,10.29,1.62,2.12,4.67,6.45,7.8],
[1.07,4.07,11.08,9.82,2.45,5.98,8.9,6.97,6.42],
[0,0,0,0,0,0,0,0,0],
[0,0,0,0,0,0,0,0,0],
[0,0,0,0,0,0,0,0,0],
[0,0,0,0,0,0,0,0,0],
[0,0,0,0,0,0,0,0,0],
[0,0,0,0,0,0,0,0,0],
[0.09,3.03,18.24,9.29,0.11,1.43,0.2,1.71,0.91],
[0.09,0.01,0.01,6.44,0.73,24.43,1.66,10.63,3.92],
[3.1,0.09,4.84,4.56,1.3,10.31,0.82,3.86,0.09],
[0.35,0.34,9.16,0.88,13.36,2.27,3,7.11,22.31],
[0.06,1.51,19.28,35.53,23.53,28.73,1.34,3.84,0.06],
[0.18,2.13,11.94,5.33,0.75,13.3,0.85,11.07,1.96],
[1.77,0.08,3.34,10.95,2,12.58,0.87,5.39,3.08],
[3,0.17,4.89,4.97,7,11.61,3.59,10.81,13.98],
[0.37,0.76,10.1,20.54,12.77,15.28,4.24,3.81,14.14],
[1.18,1.86,8.3,7.51,2.16,8.92,0.59,7.59,2.16],
[2.57,0.12,3.41,12.45,4.74,10.38,2.4,7.77,9.5],
[2.76,0.55,8.09,13.99,8.57,13.14,5.82,7.32,13.24],
[2.03,1.4,8.54,9.35,3.72,7.9,1.85,7.6,7.23],
[2.82,0.46,6.75,14.39,6.9,13.75,4.48,5.84,9.93],
[2.47,1.7,8.86,11.61,6.01,11.57,3.85,6.09,8.3],
[0,0,0,0,0,0,0,0,0],
[0,0,0,0,0,0,0,0,0],
[0,0,0,0,0,0,0,0,0],
[0,0,0,0,0,0,0,0,0],
[0,0,0,0,0,0,0,0,0],
[0,0,0,0,0,0,0,0,0],
[19.66,0.12,5.78,1.77,0.02,1.31,0.34,11.66,0.51],
[15.62,3.46,8.24,6.77,1.62,0.05,0,4.06,0.01],
[12.5,1.58,2.62,10.63,4.06,12.5,4.12,1.05,0.9],
[0.09,6.23,3.86,1.86,0.33,25.92,0,4.29,0.14],
[18.18,0,0.01,0.91,34.53,2.38,4.44,0.15,0.48],
[11.84,1.96,4.75,3.39,1.21,0.74,0.2,5.9,0.3],
[9.43,1.8,4.14,5.94,2.08,7.83,2.66,2.03,0.55],
[9.09,3.12,2.2,5.36,3.7,13.61,2.82,2.15,0.92],
[11.33,4.04,2.48,0.98,20.99,13.63,2.88,2.43,0.24],
[10.72,1.32,3.29,4.19,1.43,7.58,2.51,4.27,0.83],
[7.18,3.79,4.46,3.96,2.5,9.17,2.74,3.48,0.83],
[10.23,2.77,1.71,4.21,14.09,9.3,2.85,1.65,0.62],
[9.77,3.29,3.48,3.15,1.88,7.74,3.03,4.05,1.21],
[9.64,3.92,4.03,3.3,10.93,7.01,2.51,3.15,0.63],
[10.07,3.77,3.25,2.88,9,6.22,2.61,3.44,0.99],
[0,0,0,0,0,0,0,0,0],
[0,0,0,0,0,0,0,0,0],
[0,0,0,0,0,0,0,0,0],
[0,0,0,0,0,0,0,0,0],
[0,0,0,0,0,0,0,0,0],
[0,0,0,0,0,0,0,0,0],
[27.98,1.13,5.92,6.34,0.04,7.68,1.31,5.81,16.94],
[0.19,1.5,0.92,9.16,0.34,8.32,0.52,1.26,16.59],
[2.51,1.43,0.11,2.69,1.19,5.88,10.22,2.29,9.64],
[1.43,0.31,17.23,8.53,0.79,0.3,18.85,9.33,9.81],
[28.65,0.29,9.5,10.08,2.44,1.11,16.99,34.03,4.56],
[20.3,2.61,3,5.25,0.17,5.34,0.67,2.91,11.18],
[1.34,0.98,0.48,11.21,1.44,4.81,8.69,1.24,9.05],
[1.36,0.72,10.66,4.29,0.67,5,10.13,10.83,19.45],
[15.79,0.6,9.29,6.22,1.23,1.32,11.96,17.03,5.12],
[13.64,1.74,2.12,7.47,1.11,4.58,5.88,3.17,9],
[0.93,0.66,9.37,7.81,0.96,3.92,7.74,7.63,13.43],
[13.83,0.61,7.19,4.43,1.34,5.81,9.38,12.64,13.45],
[11.18,1.42,7.31,5.87,0.85,4.47,5.81,9.54,14.68],
[11.27,0.68,7.03,8.48,1.72,4.47,8.6,9.48,10.29],
[14.6,1.45,5.85,6.83,1.64,5.41,6.94,9.63,12.42],
[0.22,2.04,0.02,0.17,3.92,2.1,4.53,6.85,0.11],
[0.07,4.18,1.92,0.27,3.08,1.31,0.13,3.51,11.66],
[0.01,11.62,0.91,9.03,2.53,4.59,3.78,2.06,34.03],
[17.94,27.01,3.59,5.12,0.99,3.05,1.73,1.13,0.4],
[8.32,0.03,9.86,0.2,0.21,2.65,0.66,16.3,0.13],
[0.47,3.38,14.96,19.97,1.05,0.12,1.71,0.58,19.16],
[3.49,6.75,7.58,0.38,4.13,3.91,1.6,3.58,4.17],
[3.68,8.8,11.12,5.08,2.52,5.81,1.8,1.91,15.6],
[9.18,14.62,6.95,4.74,5.62,2.69,5.16,6.87,13.49],
[9.93,11.11,5,8.18,0.64,2.36,0.92,8.28,10.06],
[2.94,1.42,8.78,9.75,4.12,3.79,3.67,11.95,12.43],
[2.88,6.88,7.54,3.12,4.72,4.28,2.24,2.56,9.89],
[6.35,10.79,7.83,4.65,4.03,4.39,3.15,5.58,11.81],
[7.2,12.33,6.3,8.31,3.67,2.33,4.48,7.49,12.86],
[6.36,7.37,6.09,9.08,4.34,2.91,2.75,7.48,10.48],
[5.44,9.17,6.65,3.51,4.33,3.59,2.9,5.62,9.67],
[5.9,9.58,7.03,9.53,3.18,4.26,3.47,6.32,11.02],
[5.24,9.78,7.3,8.79,4.3,2.89,3.92,8.74,12.36],
[5.18,9.36,6.28,8.3,3.46,3.57,3.24,6.21,8.99],
[4.76,8.12,7.29,9.81,3.69,3.75,3.16,8.26,11.18],
[4.32,8.51,6.78,8.93,4.14,3.33,3,8.4,9.68],
[3.67,0.58,16.02,0.25,3.84,0.03,2.93,3.75,0.09],
[3.56,0,1.6,6.88,0.82,9.37,3.56,0,3.35],
[1.46,6.37,1.9,9.55,3,11.14,0,3.73,0.37],
[16.76,8.04,6.41,14.05,0,3.13,24.92,22.18,2.71],
[23.87,1.81,0.13,1.38,0,6.59,0.02,19.66,0.14],
[3.73,4.62,4.56,0.01,0.01,0,3.13,1.05,27.98],
[6.95,0.36,6.87,2.38,4.42,5.53,6.1,2,2.48],
[6.8,2.56,6.39,5.82,2.08,9.61,5.68,1.37,5.62],
[7.81,8.5,4.03,8.38,1.11,10.03,9.54,8.84,1.12],
[13.65,3.28,4.74,6.74,0.01,6.23,10.78,14,13.68],
[9.35,2.15,2.87,0.97,6.43,3.61,8.22,10.69,13.73],
[5.61,1.66,7.06,3.61,3.26,6.18,4.67,2.45,7.27],
[7.46,5.17,5.12,7.12,1.73,8.11,8.39,5.32,4.36],
[9.55,6.2,3.31,7.41,0.72,7.61,9.35,9.41,11.75],
[9.18,2.9,3.85,5.49,4.94,3.82,9.96,11.27,13.88],
[6.57,4.02,5.96,5.38,2.41,6.73,6.98,4.92,6.99],
[8.76,4.68,5.35,7.69,1.48,7.1,7.65,6.72,9.19],
[7.37,5.42,3.14,7.37,4.09,5.85,8.14,8.58,12.49],
[7.77,4.11,6.1,6.68,1.95,6.07,7.24,6.03,8.67],
[7.38,4.56,4.67,8.49,3.44,5.73,7.46,6.76,10.28],
[6.75,4.29,5.42,8.06,3.87,5.28,6.87,6.5,9.64],
[0,9.99,30.65,4.77,9.16,2.88,27.98,24.85,0.34],
[10.72,1.1,3.75,1.53,1.62,5.99,14.1,0.34,0.01],
[2.1,2.12,13.06,14.2,1.84,8.86,9.59,1.58,0.41],
[0.11,3.73,0.11,0.42,0.26,4.47,2.27,24.5,0.92],
[18.24,1.73,3.2,10.76,2.46,1.25,5.75,2.6,7.45],
[5.35,4.84,0.01,34.61,0.15,1.94,0,3.62,0.25],
[4.23,4.32,15.07,2.34,3.63,7.2,14.08,8.77,0.11],
[7.5,3.33,5.88,6.86,2.6,7.39,7.9,4.22,5.73],
[0.75,5.91,7.68,9.98,0.7,9.75,6.45,11.44,0.69],
[8.26,2.33,1.13,7.04,1.02,1.91,6.97,11.27,11.12],
[8.49,3.49,2.46,15.13,3.9,1.81,8.11,5.69,4.1],
[4.51,5.89,11.8,5.09,3.89,6.32,10.4,7.59,4.65],
[5.35,3.97,7,6.31,1.85,7.18,7.31,7.84,5.87],
[5.67,3.95,5.68,8.52,1.02,7.01,6.33,11.7,7.48],
[6.03,2.85,1.96,11.67,3.57,2.19,5.87,8.55,12.48],
[3.94,5.08,9.95,5.29,3.24,7.6,9.65,9.15,6.21],
[6.82,3.09,6.39,6.39,1.67,5.87,6.67,8.46,7.27],
[4.83,4.65,4.36,11.12,3.29,5.3,6.24,8.96,11.16],
[5.34,4.16,8.6,5.53,2.83,7.06,8.47,9.42,6.61],
[5.92,3.74,5.01,8.93,2.9,4.79,6.81,7.08,9.19],
[4.88,4.3,7.11,7.75,3.39,5.98,8.51,8.09,7.84],
[2.4,9.68,0.06,3.73,1.77,0.44,2.67,30.11,3.15],
[1.55,0.42,2.38,0.99,0.3,26.28,7.49,0.42,1.3],
[0.07,5.64,3.3,6.34,0,2.14,0.5,0.4,0.25],
[0.57,0,0.02,15.57,0.57,4.09,6.41,5.81,0.13],
[3.46,3.65,3.73,1.81,3.81,25.42,0.04,2.49,7.14],
[4.41,4.77,9.33,33.62,16.42,6.92,0.83,0.04,0.5],
[1.45,3.38,18.6,3.25,1.04,10.84,8,11,1.75],
[0.96,2.42,1.9,9.7,0.97,11.28,6.19,7.31,4.04],
[1.26,3.35,7.24,8.1,0.57,3.51,4.5,2.84,0.22],
[1.34,2.8,3.88,9.14,4.99,9.84,2.37,9.1,9.28],
[2.63,3.6,6.76,15.62,9.02,12.33,1.81,1.91,3.94],
[1.45,3.54,15.55,6.57,1.83,10.26,5.42,10.55,3.19],
[1.08,2.1,5.95,9.1,1.63,7.81,5.24,5.71,3.69],
[1.68,3.08,5.21,6.75,3.08,7.48,3.88,9.19,6.42],
[1.7,2.69,4.63,13.07,6.54,8.53,3.31,5.51,10.62],
[1.25,2.89,11.8,7.06,2.7,7.93,5.36,8.59,3.53],
[1.43,2.3,4.78,9.68,2.57,9.29,4.19,7.6,5.71],
[1.97,3.02,6.13,10.31,4.68,6.79,5.56,7.14,9.78],
[1.44,2.91,9.97,8.23,2.87,9,4.92,9.25,4.87],
[1.72,2.4,6.06,11.33,4.04,8.51,5.19,6.12,7.88],
[1.65,2.87,9.36,9.81,4.18,8.81,6.25,7.75,6.74],
[0.17,0.31,24.99,0.41,4.41,0.02,2.23,0,3.84],
[26.57,6.96,2.81,13.99,2.67,4.81,1.84,4.71,0.08],
[2.27,0.76,1.62,1.96,0.25,8.86,0.02,9.64,5.58],
[10.76,5.88,3.43,0.08,0.15,14.2,0.98,0.01,2.95],
[8.9,0.43,0.63,6.66,21.26,0.03,0.47,0.23,11.38],
[2.33,0.41,26.06,18.79,37.41,13.21,15.62,1.2,5.92],
[11.76,2.75,9.85,5.29,2.37,1.61,1.53,5.29,1.32],
[12.63,3.21,2.78,5.32,1,8.26,0.92,5.04,2.48],
[9.02,2.37,4.11,5.53,1.79,7.71,1.77,3.36,3.1],
[6.69,2.71,5.51,2.28,8.72,12,1.02,3.82,7.94],
[6.43,0.51,12.23,12.66,19.73,12.35,5.51,1.39,5.8],
[8.15,2.74,8.08,3.68,1.48,5.67,1.02,6.84,2.32],
[11.07,3.1,3.13,7.04,1.79,8.76,1.43,3.04,2.72],
[8.86,1.78,3.86,5.34,5.63,10.15,2.57,5.68,5.99],
[6.18,2.31,9.04,8.75,13.59,11.57,3.74,2.53,6.86],
[8.93,2.87,6.46,5.09,2.01,7.36,1.47,5.11,2.71],
[10.15,2.67,3.55,7.05,4.45,8.74,2.25,4.83,4.47],
[6.96,1.81,7.11,7.8,9.8,9.87,4.23,4.37,6.05],
[9.2,2.84,6.51,5.59,3.99,7.15,2.33,5.18,3.94],
[8.43,2.72,5.99,8.19,7.92,9.23,3.69,4.06,4.74],
[7.82,3.12,7.82,6.74,6.89,8.09,3.6,4.37,4.23],
[0.64,3.86,2.65,0.12,5.54,10.76,3.1,0.03,16.94],
[0,1.55,10.31,0.71,5.81,0.4,0,1.38,0.51],
[19.72,3.38,0.39,0.17,0.31,6.12,0.67,0.08,11.91],
[0.46,0.38,1.75,20.1,2.21,12.15,3.95,0.04,0.36],
[0.05,5.95,22.98,0.04,8.69,1.13,5.81,28.43,16.82],
[0.76,8.45,2.67,18.73,20.16,2.35,14.58,0.78,1.62],
[15.97,2.13,4.32,2.74,3.8,4.16,1.09,6.13,7.74],
[8.64,1.71,4.17,5.57,2.12,3.35,0.3,2.13,6.78],
[7.36,1.25,0.99,7.19,2.45,6.3,6.09,1.11,4.86],
[0.54,2.74,9.04,7.12,3.65,9.72,6.31,9.65,7],
[15.68,4.86,10.06,7.08,12.72,1.2,7.47,14.69,6.49],
[13.76,1.96,3.16,3.51,2.44,4.18,0.81,3.7,7.72],
[5.28,1.11,2.87,7.55,2.73,5.24,5.08,1.41,4.14],
[5.24,2.43,6.26,5.07,3.41,7.45,5.19,7.03,8.25],
[10.97,3.35,6.45,8.29,8.89,7.03,6.71,9.23,4.53],
[10.76,1.45,2.51,5.46,2.75,5.31,4.35,3.26,5.61],
[4.06,2.12,5.96,5.46,3.44,5.62,4.5,5.35,6.25],
[10.66,2.99,4.99,6.34,6.62,6.55,5.88,6.81,6.26],
[9.55,2.1,4.93,4.32,3.33,5.59,4.03,6.38,7.17],
[9.52,2.67,5.06,6.57,5.81,5.2,5.34,5.84,5.09],
[11.3,2.54,4.4,5.41,5.26,5.31,4.89,6.08,6.11],
[2,2.48,11.03,0.42,2.59,1.59,7.4,3.69,0.07],
[2.76,2.86,1.18,3.86,1.54,4.79,2.01,2.39,5.84],
[1.05,6.26,2.75,6.2,5.53,5.72,2.51,5.71,20.57],
[11.57,13.54,3.47,7.12,0.69,6.18,13.39,12.21,1.38],
[12.07,1.08,5.91,1.4,0.12,3.37,0.38,12.04,0.09],
[1.92,2.7,7.51,13.09,0.76,0.07,4.77,1.61,15.99],
[5.27,4.07,6.57,1.71,2.68,3.92,4.69,3,2.53],
[5.57,6.59,7.33,5.31,2.84,7.45,3.65,3.28,12.01],
[5.79,9.89,4.25,5.49,3.94,7.39,7.1,7.44,9.98],
[9.6,7.08,4.1,5.27,0.4,4.58,7.4,10.77,12],
[5.9,1.53,6.46,6.33,4.43,2.64,6.75,12.46,8.91],
[4.55,4.98,7.35,3.67,3.38,5.11,4.2,3.59,8.37],
[6.39,7.75,5.46,5.89,3.05,6.63,5.66,5.43,10.25],
[7.17,9.18,4.14,5.83,2.58,5.47,7.25,8.16,12.93],
[6.59,5.5,4.91,6.57,4.32,3.27,7.64,10.91,11.51],
[5.43,6.44,5.99,4.87,3.01,5.29,5.54,5.41,9.15],
[6.9,7.31,5.22,7.31,2.4,5.54,5.71,6.4,10.91],
[5.57,8.4,5.19,6.69,4.23,4.79,6.77,9.32,12.38],
[6.12,6.77,5.68,6.87,2.44,4.68,5.83,6.04,9.17],
[5.76,7.01,5.43,7.95,3.56,4.76,5.79,7.98,10.87],
[5.28,6.93,5.78,7.74,3.63,4.27,5.76,7.91,9.43],
[2.36,8.66,16.34,4.08,12.62,2.14,14.57,12.63,0.4],
[5.4,0.69,1.94,7.77,0.86,5.25,7.05,0.22,2.34],
[1.21,3.21,13.29,8.07,1.66,6.71,6.41,5.16,0.78],
[10.34,4.2,3.79,8.02,0.19,2.57,13.11,15.58,1.37],
[14.16,3.53,2.64,10.66,1.71,7.14,3.62,10.07,4.38],
[3.07,3.15,3.18,23.38,0.08,1.25,2.11,4.41,20.59],
[4.52,3.81,12.13,4.74,6.01,7.64,8.65,5.27,1.52],
[5.75,2.27,8.04,6.8,1.89,6.97,5.62,3.29,5.25],
[5.67,6.6,6.92,8.91,0.83,6.04,7.81,8.41,0.87],
[9.92,3.5,3.16,7.49,0.79,4.38,8,11.38,9.55],
[6.95,2.76,3.09,13.64,4.33,3.38,7.02,7.69,10.25],
[4.27,3.97,10.98,5.35,4.42,6.59,7.2,5.24,5.64],
[6.2,4.31,6.78,7.52,1.72,5.51,6.84,5.98,4.34],
[7.11,5.09,5.68,8.61,0.95,5.56,6.88,9.02,7.84],
[7.11,2.98,2.97,10.53,3.82,3.08,7.67,8.82,11.7],
[5.02,4.73,8.83,6.22,3.54,6.34,7.69,6.68,5.84],
[7.12,3.86,6.79,7.75,1.63,5.33,6.29,6.77,6.89],
[5.74,4.44,4.75,10.75,3.22,4.3,6.74,7.58,10.62],
[5.98,4.27,8.05,6.72,3.09,6.03,7.03,7.12,6.65],
[6.14,3.66,5.81,9.69,2.86,4.37,6.42,6.21,8.98],
[5.35,4.03,7,8.55,3.88,5.18,7.07,6.61,8.18],
[1.68,6.56,19.56,2.86,4.6,1.46,14.67,18.4,3.01],
[10.89,1.47,2.1,2.51,0.81,13.15,7.54,0.77,0.8],
[1.7,7.48,6.53,7.37,1.25,10.24,8.19,0.79,0.23],
[0.62,2.48,0.05,12.37,0.3,8.56,8.33,12.25,0.47],
[9.17,1.91,6.92,11.32,6.22,14.02,3.52,1.7,4.87],
[3.27,3.2,6.04,22.75,12.1,3.46,0.54,2.68,0.26],
[5.22,3.21,13.96,3.34,2.21,6.83,8.96,7.67,1.58],
[6.51,4.44,3.57,6.08,1.79,9.44,6.37,4.77,4.44],
[1.07,5.77,5.58,8.67,0.69,7.91,8.12,7.64,0.43],
[5.08,2.12,3.59,11.42,3.95,9.23,5.48,8.25,11.41],
[5.17,3.12,5.34,16.19,7.35,7.7,5.13,4.67,2.57],
[4.51,4.63,10.89,4.62,2.67,7.35,7.66,8.37,4.01],
[4.27,4.03,5.23,6.91,1.66,8.54,7.06,6.29,4.51],
[4.3,4.09,5.22,9.01,2.87,8.47,6.01,10.04,8.26],
[4,2.58,3.75,13.5,5.65,6.95,5.3,6.49,11.39],
[3.45,4.16,8.89,5.66,2.66,7.8,7.97,8.35,4.86],
[5.36,3.28,5.15,8.22,2.64,8.76,5.79,7.59,7.22],
[3.84,4.35,4.98,11.32,4.48,7.17,6.46,7.8,10.73],
[4.45,3.54,7.97,6.88,3.08,8.24,6.76,8.64,6.38],
[4.71,3.63,5.16,9.94,3.87,7.83,6.42,6.37,8.75],
[4.08,3.76,7.35,8.54,3.97,7.87,7.34,7.47,7.59],
[1.28,7.82,17.53,1.94,5.98,0.24,1.64,19.84,2.34],
[14.47,3.78,5.18,7.5,2.58,13.23,8.7,2.48,0.7],
[1.3,2.89,1.74,7.88,0.17,4.43,0.41,7.99,3.1],
[9.21,3.92,2.12,9.7,0.67,7.11,3.25,4.07,1.64],
[11.94,3.56,3.92,3.33,10.71,16.35,0.44,1.31,6.34],
[2.36,2.52,13.2,18.18,19.36,7.05,13.37,0.96,5.42],
[7.13,4.66,13.27,4,3.54,6.77,6.41,9.03,1.24],
[8.36,2.67,3.36,7.22,1.17,7.69,5.09,5.53,2.87],
[6.63,2.92,5.48,7.11,1.16,4.64,3.6,4.91,2.09],
[8.47,3.01,4.77,5.86,5.64,11.11,1.57,6.67,5.63],
[6.79,2.73,7.85,9.58,12.35,10.76,5.58,1.47,5.56],
[5.57,3.64,11.42,5,2.41,6.92,4.28,9.07,2.54],
[8.12,2.85,4.76,7.46,1.8,6.84,4.61,4.54,3.07],
[7.77,2.72,4.65,6.02,3.69,8.26,3.27,7.7,4.39],
[6.69,2.7,6.33,8.5,9.34,8.94,4.45,4.49,7.29],
[6.29,3.49,9.11,5.84,2.85,7.12,4.62,7.57,3.07],
[8.37,2.74,4.33,7.24,3.34,8.56,3.97,6.09,3.92],
[6.22,2.67,6.06,7.77,6.82,7.38,5.4,6.17,6.43],
[7,3.27,8.23,6.2,3.78,8.07,4.49,7.76,3.59],
[7.08,2.77,5.53,8.29,5.78,7.86,5.49,5.2,5.29],
[6.12,3.22,8.36,7.25,5.62,7.78,5.96,6.68,4.66],
[0.32,2.05,13,0.5,3.34,6.87,1.8,0.01,8.47],
[17.91,3.48,5.16,11.9,3.03,2.54,1.2,2.36,0.53],
[19.12,3.82,0.81,1.03,0.56,5.08,0.39,7.06,6.22],
[6,3.18,5.09,14.27,1.19,8.81,4.6,0.02,2.9],
[6.4,3.19,13.21,4.81,10.9,0.9,5.29,20.81,9.58],
[2.95,7.15,13.6,12.51,20.07,14.09,10.07,1.97,2.96],
[13.21,2.22,8.5,5,2.55,4.29,1.2,4.34,4.87],
[15.79,2.96,2.61,5.81,1.44,6.9,0.66,3.77,5.07],
[10.97,2.8,3.17,7.06,1.9,5.85,4.5,2.86,3.88],
[5.25,2.67,7.37,8.05,5.89,7.29,4.39,8.52,8.73],
[9.59,4.16,10.85,11.39,12.41,8.28,6.82,9.93,5.2],
[13.08,2.39,6.39,3.79,1.73,6.08,0.87,5.24,5.39],
[11.55,2.66,3.27,7.47,2.23,6.68,3.44,2.38,3.97],
[9.32,2.67,5.33,6.68,4.1,7.61,4.15,7.1,8.75],
[7.87,3.55,8.05,10.83,8.82,8.37,5.46,6.86,6.43],
[11.44,2.35,5.61,5.52,2.34,6.21,2.93,4.23,4.47],
[10.05,2.66,4.82,7.02,3.66,6.66,3.54,5.59,6.69],
[9.38,3.36,6.53,8.39,6.66,8.1,5.41,6.41,7.6],
[10.98,2.45,6.29,5.63,3.41,6.21,3.17,6.31,6.74],
[10.14,3.25,5.89,8.34,5.75,7.32,4.89,5.42,6.11],
[10.25,3.02,6.83,6.92,5.17,6.84,4.47,5.73,6.4],
[1.88,10.25,11.35,3.81,8.47,3.7,10.85,12.88,0.27],
[3.7,1.96,2,6.54,1.81,3.5,4.76,1.59,3.91],
[0.89,4.58,13.6,7.8,3.74,4.89,4.68,8.38,14.11],
[8.2,10.6,2.58,5.35,0.84,4.18,9.88,10.48,0.92],
[10,3.04,4.42,9.8,1.15,4.86,3.56,8.03,3.43],
[2.06,2.75,5.03,18.6,0.51,1.14,4.52,5.11,13.96],
[3.9,5.64,10.11,4.43,4.69,6.06,6.73,6.22,1.85],
[4.91,5.25,9.64,6.15,2.41,6.25,4.18,4.86,9.61],
[4.49,8.85,6.99,6.88,2.87,5.42,6.26,8.2,7.23],
[7.83,5.96,3.06,6.6,1,4,7.01,9.95,9.66],
[5.33,2.56,4.82,12.75,3.58,2.72,7.22,9.81,7.77],
[3.75,6.16,10.53,4.95,4.01,5.69,5.75,6.67,6.91],
[5.37,6.71,7.16,6.49,2.69,5.27,5.36,6.41,8.47],
[5.85,7.5,5.67,7.72,2.14,4.84,6.12,8.73,10.22],
[5.63,4.72,3.8,9.58,3.79,2.89,7.31,9.23,10.55],
[4.39,6.98,8.26,5.64,3.67,5.38,6.22,7.46,7.73],
[5.94,6.02,6.45,7.56,2.27,4.84,5.45,6.91,9.02],
[4.7,6.78,5.6,9.4,3.54,4,6.33,8.45,10.99],
[5.07,6.43,7.32,6.85,3.13,5.04,6.03,7.54,7.77],
[5.08,5.68,5.97,8.91,3.13,4.07,5.77,7.33,9.66],
[4.49,6.15,6.86,8.1,3.74,4.46,6.25,7.89,8.39],
[2.03,6.05,13.12,2.77,9.31,1.57,10.59,12.37,2.83],
[7.51,1.35,1.52,8.82,0.57,13.69,5.07,0.67,1.67],
[1.14,5.28,9.41,5.92,1.17,7.2,8.12,3.8,0.53],
[6.97,2.86,2.83,10.25,0.21,5.75,10.49,10.62,0.95],
[9.65,2.53,7.01,14.8,5.7,10.68,3.31,8.67,3.4],
[2.77,3.13,4.72,17.3,9.24,2.31,1.45,4.56,14.69],
[4.75,3.19,12.1,5.33,4.5,8.39,6.72,5.59,2.02],
[5.53,3.2,5.76,7.27,1.46,8.98,5.67,3.87,4.32],
[4.65,5.59,5.64,7.48,0.78,5.81,8.01,6.56,0.63],
[7.14,2.64,4.22,10.8,3.21,7.68,6.18,9.9,10.06],
[5.34,2.63,5.06,15.28,6.63,6.84,5.32,7.58,7.93],
[4.09,3.71,10.29,5.39,3.48,7.54,6.51,6.23,4.77],
[5.56,3.94,5.55,7.48,1.61,7.44,6.51,5.36,3.73],
[5.73,4.27,5.58,8.81,2.36,6.86,6.15,8.68,8.28],
[5.33,2.56,4,12.62,5.23,5.97,6.38,8.01,11.28],
[4.54,4.13,8.3,6.06,3.07,7.2,6.92,6.76,4.92],
[6.02,3.42,5.87,8.45,2.37,7.78,5.53,6.72,6.95],
[4.77,3.96,5.14,11.12,4.12,5.9,6.44,7.35,10.56],
[5.13,3.7,7.74,7.13,3.35,7.39,6.04,7.35,6.48],
[5.19,3.4,5.71,10.2,3.59,6.83,5.99,6.15,8.75],
[4.6,3.67,7.13,8.88,4.18,6.91,6.42,6.82,7.85],
[1.32,5.62,18.55,1.91,5.02,1.01,12.13,14.14,2.18],
[12.49,2.7,3.51,5.22,1.79,8.85,6.89,1.7,0.63],
[1.49,5.71,5.15,6.57,1.29,7.34,6.8,5.35,2.66],
[8.01,3.24,1.77,11.55,0.46,7.18,6.27,8.17,1.93],
[10.03,2.39,8.19,7.72,8.03,13.28,2.35,1.13,6.37],
[2.58,2.14,8.83,18.12,13.46,5.06,10.73,3.51,3.92],
[7.26,3.57,10.97,3.35,2.93,5.12,8.24,7.16,1.21],
[8.67,3.71,3.8,5.38,1.55,6.97,5.91,4.25,3.52],
[4.96,4.38,5.41,7.77,1.08,7.49,7.25,6.69,2.19],
[8.45,2.41,5.32,8.84,4.18,10.42,4.08,6.51,8.22],
[6.68,2.5,7.38,12.06,10.21,8.68,6.55,3.74,4.84],
[5.97,3.95,9.08,4,2.47,5.61,7.1,7.72,3.23],
[7.71,3.53,4.61,6.64,1.67,7.64,6.65,5.06,3.97],
[7.37,3.58,5.73,7.52,3.05,8.83,5.26,8.16,6.28],
[6.5,2.61,5.83,10.88,7.93,8.07,5.89,5.34,8.86],
[6.02,3.71,7.66,5.27,2.51,7.24,7.55,7.29,4.17],
[8.27,3.18,5.02,7.02,2.86,8.42,5.37,6.33,5.49],
[5.96,3.77,5.98,9.31,6.12,7.61,6.68,6.69,8.03],
[6.96,3.4,7.39,5.85,3.25,7.82,6.39,7.42,5],
[7.04,3.51,5.39,8.45,5.16,7.62,6.64,5.55,6.62],
[6.13,3.66,7.26,7.23,4.98,7.45,7.43,6.59,5.84],
[1.39,5.37,13.29,1.3,4.12,5.95,1.95,15.14,7.34],
[14.38,2.56,4.7,9.51,2.37,9.21,7.39,1.66,0.61],
[15.21,3.25,1.23,6.17,0.51,3.43,0.39,8.61,4.15],
[7.69,3.12,4.56,12.09,0.93,6.1,3.8,2.94,2.42],
[11.96,3.3,9.18,3.3,7.28,11.02,4.61,14.01,7.99],
[2.28,5.08,9.08,17.8,14.46,9.44,9.3,2.05,3.79],
[9.53,3.5,11.54,4.65,2.82,6.61,4.79,7.66,4.19],
[13.62,2.52,2.69,6.76,1.33,6.69,3.89,4.8,4.67],
[10.53,3.03,4.42,7.84,1.37,4.2,4.6,4.95,2.89],
[8.51,2.8,6,7.9,4.38,8.47,3.96,8.22,7.47],
[9.23,3.68,7.85,10.8,9.33,9.22,6.87,7.19,5.12],
[10.23,3.21,9.25,4.69,2.08,6.56,3.23,8.03,4.98],
[10.87,2.64,4.17,7.6,1.98,5.96,4.95,3.99,3.88],
[10.4,2.83,5.42,6.89,3.07,6.98,4.24,7.73,6.97],
[8.26,3.2,6.3,10.36,7.02,7.98,5.42,6.71,6.89],
[9.44,3.05,7.86,5.86,2.62,6.22,4.65,6.84,4.32],
[10.57,2.6,5.05,7.12,2.95,7.16,4.6,6.09,5.76],
[9.25,3.17,5.9,8.86,5.28,7.02,5.84,7.05,7.48],
[9.78,2.93,7.66,5.98,3.22,6.92,4.55,7.73,5.74],
[9.8,2.93,5.56,8.57,4.67,7.15,5.89,5.83,6.14],
[8.97,3.14,7.52,7.33,4.56,6.96,5.91,7.06,6.16],
[1.64,7.68,9.91,2.86,7.16,3.23,8.49,11.36,2.28],
[5.66,1.79,1.55,8.76,1.42,10.86,3.81,1.34,3.34],
[0.87,7.18,11.53,5.95,2.82,6.29,6.11,7.36,11.14],
[6.15,8.66,2.13,7.92,0.63,5.23,8.31,8.11,0.73],
[7.55,2.32,6.15,15.46,4.57,8.07,3.85,7.01,2.78],
[2.09,2.59,7.1,16.38,6.93,1.78,3.43,5.99,11.06],
[4.1,4.79,10.34,5.37,3.95,7.66,5.52,5.66,2.5],
[4.86,5.48,7.68,6.65,1.96,7.92,4.42,5.06,8.34],
[3.88,8.61,6.09,6.48,2.38,5.37,6.41,6.87,5.83],
[6.14,4.91,3.74,10.41,3.03,6.16,5.79,9.02,10.01],
[4.36,2.35,5.89,14.24,5.49,5.6,6.13,9.4,6.39],
[3.64,5.74,9.98,5.16,3.35,6.72,5.33,6.86,6.47],
[4.91,6.35,6.13,6.67,2.4,6.63,5.22,5.81,7.33],
[5.03,6.75,5.7,8.72,2.97,5.81,5.53,8.42,10.05],
[4.57,4.11,4.46,11.47,4.85,5.09,6.36,8.64,10.41],
[4.02,6.39,7.86,5.64,3.28,6.25,5.7,7.16,6.92],
[5.29,5.43,5.87,8.27,2.74,6.67,4.88,6.72,8.69],
[4.16,6.15,5.71,10.09,4.19,5.28,6,8.02,10.77],
[4.54,5.74,7.25,7.19,3.37,6.3,5.3,7.39,7.57],
[4.54,5.18,5.85,9.48,3.64,6,5.42,6.96,9.3],
[4.05,5.59,6.98,8.45,4,6,5.75,7.61,8.16],
[1.56,5.04,14.51,2.14,7.46,1.29,10.41,10.95,2.15],
[9.37,2.09,3.04,7.79,1.5,10.84,5.41,1.29,1.26],
[1.17,4.37,8.76,6.33,1.11,6,8.05,5.28,2.82],
[8.81,4.02,2.77,9.4,0.34,5.39,7.94,8.12,1.63],
[12.04,2.38,9.41,11.15,6.48,10.31,2.52,6.91,5.33],
[2.23,2.42,8.15,16.45,10.3,3.93,8.09,5.82,11.79],
[6.56,3.17,10.19,4.49,4.16,6.94,7.05,5.68,1.63],
[7.42,2.91,5.39,6.42,1.39,7.51,5.99,3.56,3.87],
[6.34,4.65,5.67,7,1.06,5.92,7.3,6.07,2],
[9.27,2.85,5.5,9.13,3.35,8.91,4.8,8.42,7.95],
[6.89,2.25,7.83,12.96,9.02,7.58,5.96,6.97,7.66],
[5.41,3.31,9.18,4.75,3.05,6.36,6.85,6.1,4.06],
[7.55,3.65,5,6.82,1.66,6.99,6.31,4.61,3.59],
[7.86,3.8,6.33,7.69,2.58,7.49,5.44,7.76,6.7],
[7.1,2.6,5.87,11.16,7.11,7,6.12,7.27,9.14],
[6.2,3.8,7.51,5.48,2.8,6.92,6.93,6.3,4.38],
[8.16,3.36,5.74,7.38,2.58,7.8,5.19,6,5.66],
[6.33,3.57,6.41,9.66,5.49,6.52,6.42,6.96,8.43],
[7.05,3.58,7.52,6.2,3.3,7.32,5.91,6.79,5.36],
[6.99,3.36,6,8.95,4.67,6.98,6.13,5.74,7.04],
[6.21,3.61,7.37,7.72,4.91,6.9,6.66,6.47,6.4],
[1.64,4.46,14.21,1.5,4.07,4.55,9.1,11.65,7.05],
[11.83,2.03,3.75,7.14,1.94,6.99,5.97,1.27,0.53],
[11.43,4.63,3.91,5.29,1.63,6.68,5.17,6.74,3.25],
[8.02,2.64,4.28,11.28,0.7,7.32,5.18,6.14,2.97],
[9.68,2.49,9.25,5.96,6.32,10.4,4.13,12.11,6.76],
[2.89,4.84,6.81,16.1,11.74,8.13,8.11,4.71,3.18],
[8.88,2.94,9.76,3.84,2.68,5.24,6.7,6.45,3.78],
[11.84,3.16,3.41,5.52,1.8,6.4,4.95,4.06,4.75],
[8.9,3.81,5.04,7.43,1.41,6.5,6.82,5.99,2.77],
[8.58,2.28,6.05,8.73,3.63,9.07,5.43,8.75,9.03],
[8.43,3.52,7.19,11.38,8.33,8.55,7.35,7.51,4.46],
[9.1,3.48,7.87,3.98,2.4,5.73,5.79,7.17,5.11],
[9.91,3.03,4.53,6.83,1.97,6.76,6.49,4.39,4.42],
[9.52,3.25,6.02,7.18,2.86,7.74,5.69,8.27,7.93],
[7.71,3.05,5.92,10.68,6.41,8.16,6.37,7.01,8.13],
[8.44,3.23,7.03,5.36,2.55,6.5,6.89,6.61,4.91],
[9.77,2.82,5.52,6.81,2.8,7.39,5.67,6.37,6.62],
[8.27,3.79,5.87,8.98,5.06,7.42,6.8,7.28,8.52],
[8.94,3,7.17,5.65,3.07,6.94,6.15,7.49,6.42],
[8.95,3.37,5.53,8.3,4.44,7.22,6.79,5.98,7.01],
[8.18,3.4,6.88,7.08,4.32,6.91,7.16,6.9,6.8],
[1.33,6.25,12.02,2.44,6.04,2.91,8.48,9.93,1.83],
[7.54,2.66,2.54,7.54,1.72,9.37,4.35,2.02,2.76],
[0.99,6.57,11.7,5.82,2.29,5.32,6.46,6.96,9.58],
[8.54,7.54,2.26,7.98,0.58,5.44,6.66,6.67,1.31],
[9.64,2.12,7.77,12.72,5.23,8.51,3.24,5.81,4.83],
[1.79,2.1,8.29,14.97,8.31,3.37,7.31,7.7,9.56],
[5.74,4.4,9.16,4.58,3.63,6.83,5.9,5.69,2.1],
[6.57,4.81,7.08,6.07,1.83,6.91,4.92,4.51,6.89],
[5.66,7.19,6.45,6.28,2.32,5.61,6.05,6.21,5.49],
[8.32,4.6,4.76,9.48,3.04,7.42,4.76,7.95,8.33],
[5.77,2.02,7.3,12.6,7.67,6.61,6.11,8.76,6.64],
[4.85,4.98,9.37,4.7,3.03,5.99,5.75,6.44,5.4],
[6.86,5.53,5.67,6.29,2.29,6.39,5.23,5.04,6.29],
[7.05,5.97,6.53,7.88,3.05,6.46,4.98,7.55,8.38],
[6.27,3.86,5.57,10.59,6.47,6.08,5.91,8.05,8.85],
[5.62,5.54,7.48,5.23,3.01,6.19,5.83,6.58,5.94],
[7.31,4.99,5.88,7.49,2.83,6.86,4.63,6.05,7.29],
[5.64,5.48,6.66,9.15,5.3,5.85,5.85,7.55,9.01],
[6.33,5.22,7.31,6.43,3.29,6.46,5.2,6.79,6.44],
[6.21,4.83,6.09,8.6,4.53,6.26,5.46,6.43,7.83],
[5.54,5.18,7.26,7.57,4.63,6.17,5.87,7.1,6.93],
[1.61,4.41,12.02,1.86,6.7,3.73,8.34,9.84,6.8],
[9.58,1.67,3.15,7.87,1.61,9.52,5.15,1.03,1.15],
[9.78,3.85,7.36,5.65,1.34,5.55,6.74,5.92,2.99],
[8.02,3.64,4.04,10.18,0.57,5.89,7.27,6.52,2.4],
[12.61,2.71,9.17,8.92,5.56,8.49,3.57,12.36,5.59],
[2.41,4.12,6.91,14.45,9.81,7.02,6.55,7.34,9.44],
[8.07,2.77,9.37,4.43,3.91,6.49,6.13,5.44,3.67],
[10.52,2.6,4.97,6.15,1.55,6.9,5.43,3.43,4.73],
[8.99,4.28,5.5,7.28,1.31,5.42,6.94,5.66,2.52],
[9.39,2.91,6.07,8.82,3.12,8.01,5.66,9.09,8.5],
[8.44,3.16,7.37,11.79,7.69,7.68,6.64,9.01,7.04],
[8.27,3.03,8.34,4.53,2.99,6.12,5.97,5.92,5.39],
[9.24,3.28,4.94,7.06,1.87,6.49,6.25,4.17,4.06],
[9.8,3.66,6.51,7.38,2.53,6.83,5.74,7.79,7.99],
[8.07,3.11,5.97,10.65,6,7.28,6.45,8.06,8.64],
[8.16,3.39,7.12,5.63,2.86,6.32,6.51,5.97,4.95],
[9.63,3.12,6.09,7.17,2.59,7.13,5.46,6.02,6.59],
[8.34,3.74,6.33,9.22,4.72,6.59,6.54,7.41,8.83],
[8.85,3.24,7.39,6.01,3.23,6.68,5.81,6.94,6.47],
[8.73,3.34,6.09,8.74,4.16,6.89,6.33,6.07,7.36],
[8.02,3.42,7.12,7.53,4.4,6.59,6.57,6.8,7.08],
[1.37,5.85,10.49,2.28,5.72,4.14,7.07,8.91,6.1],
[8.15,2.26,2.82,7.3,1.92,8.77,4.37,1.7,2.33],
[8.59,5.56,10.53,5.18,2.1,5.26,5.66,6.7,9.45],
[8.34,6.36,3.53,8.63,0.83,5.53,6.49,5.61,2.05],
[10.54,2.59,8.07,10.72,4.73,7.38,3.67,11.11,4.92],
[2.03,3.79,7.05,14.06,8.17,6.4,6.24,9.61,7.97],
[7.18,3.89,8.75,4.43,3.61,6.4,5.29,5.37,4],
[9.56,4.23,6.74,5.89,1.87,6.49,4.65,4.07,7.36],
[8.48,6.26,6.55,6.42,2.3,5.2,5.95,5.74,5.4],
[8.81,4.24,5.36,8.94,2.96,6.85,5.48,8.64,8.66],
[7.25,2.99,7.09,11.63,6.74,7.04,6.55,10.15,6.19],
[7.48,4.51,8.85,4.52,2.98,5.78,5.17,6.03,6.73],
[8.73,4.86,5.77,6.56,2.39,6.02,5.33,4.52,6.25],
[9.13,5.36,6.7,7.39,2.93,6.03,5.27,7.67,9.12],
[7.29,4.02,5.68,10.16,5.62,6.48,6.24,8.57,8.42],
[7.55,4.92,7.37,5.4,3.05,5.78,5.63,6.14,6.34],
[8.93,4.48,6.22,7.27,2.82,6.42,4.92,6.12,7.74],
[7.59,5.2,6.57,8.75,4.68,5.98,6.03,7.85,9.2],
[8.13,4.65,7.3,6.22,3.26,6.04,5.2,6.93,7.27],
[7.94,4.53,6.18,8.46,4.11,6.3,5.7,6.61,7.91],
[7.28,4.72,7.1,7.43,4.25,6.05,5.89,7.26,7.46]]
[[0,0,0,0,0,0,0,0,0],
[0,0,0,0,0,0,0,0,0],
[0,0,0,0,0,0,0,0,0],
[0,0,0,0,0,0,0,0,0],
[0,0,0,0,0,0,0,0,0],
[0,0,0,0,0,0,0,0,0],
[0.02,0,0,0.04,0.02,0,0.02,0,0.02],
[0.04,0.02,0.01,0.02,0.01,0.02,0,0.01,0.02],
[0,0.02,0.02,0.01,0,0.02,0.02,0.04,0],
[0,0.01,0,0.01,0,0,0,0,0],
[0.01,0,0,0.01,0,0,0.02,0.08,0.02],
[0.02,0.01,0.01,0.02,0.01,0.01,0.01,0.01,0.01],
[0.03,0.01,0.01,0.01,0.01,0.01,0.01,0.02,0.01],
[0,0.01,0.01,0,0,0.01,0.01,0.03,0],
[0.01,0,0,0,0,0,0.02,0.05,0.01],
[0.02,0.01,0.01,0.02,0.01,0.01,0.01,0.02,0.01],
[0.02,0.01,0.01,0.01,0.01,0.01,0.01,0.02,0.02],
[0.01,0.01,0.01,0,0.01,0.01,0.02,0.04,0.01],
[0.02,0.01,0.01,0.01,0.01,0.01,0.01,0.02,0.01],
[0.02,0.01,0.01,0.01,0.01,0.01,0.01,0.03,0.01],
[0.01,0.01,0.01,0.01,0.01,0.01,0.01,0.03,0.01],
[0,0,0,0,0,0,0,0,0],
[0,0,0,0,0,0,0,0,0],
[0,0,0,0,0,0,0,0,0],
[0,0,0,0,0,0,0,0,0],
[0,0,0,0,0,0,0,0,0],
[0,0,0,0,0,0,0,0,0],
[0.02,0,0,0.02,0,0.08,0,0,0],
[0,0,0.02,0.04,0,0.02,0.02,0.02,0],
[0,0.04,0.04,0,0,0.02,0,0.04,0],
[0,0.02,0,0,0,0,0.01,0,0.01],
[0.02,0,0,0.02,0,0.04,0.01,0,0],
[0.02,0,0.02,0.02,0,0.04,0.01,0.01,0],
[0,0.03,0.02,0.02,0,0.04,0.01,0.02,0],
[0,0.02,0.03,0,0,0.01,0.01,0.04,0],
[0.01,0.01,0,0.01,0,0.03,0,0,0],
[0.02,0.02,0.02,0.02,0,0.04,0.01,0.02,0],
[0,0.02,0.02,0.02,0,0.04,0.01,0.03,0],
[0.01,0.02,0.03,0.02,0,0.02,0.01,0.03,0],
[0.01,0.02,0.02,0.01,0,0.03,0.01,0.03,0.01],
[0.01,0.02,0.02,0.02,0,0.03,0.01,0.02,0],
[0.02,0.02,0.02,0.02,0,0.03,0.01,0.02,0.01],
[0,0,0,0,0,0,0,0,0],
[0,0,0,0,0,0,0,0,0],
[0,0,0,0,0,0,0,0,0],
[0,0,0,0,0,0,0,0,0],
[0,0,0,0,0,0,0,0,0],
[0,0,0,0,0,0,0,0,0],
[0.02,0.08,0,0.02,0,0,0,0.02,0.04],
[0.01,0.08,0,0,0.08,0.02,0.04,0,0.01],
[0,0.08,0.02,0,0,0.04,0,0,0],
[0,0.02,0,0,0.04,0,0.04,0.02,0],
[0,0.01,0.02,0.02,0.04,0.04,0.02,0.02,0],
[0.01,0.05,0,0.01,0.04,0.02,0.02,0.01,0.02],
[0,0.05,0.01,0,0.04,0.02,0.04,0,0.01],
[0,0.04,0.01,0,0.04,0.04,0.02,0.01,0],
[0,0.01,0.01,0.01,0.03,0.02,0.02,0.01,0],
[0.01,0.05,0.01,0.01,0.03,0.02,0.03,0.01,0.02],
[0,0.04,0.01,0,0.04,0.03,0.03,0.01,0.01],
[0,0.03,0.01,0.01,0.03,0.03,0.02,0.01,0],
[0.01,0.04,0.01,0.01,0.03,0.02,0.03,0.01,0.01],
[0,0.03,0.01,0,0.03,0.03,0.03,0.01,0.01],
[0,0.03,0.01,0.01,0.03,0.02,0.02,0.01,0.01],
[0,0,0,0,0,0,0,0,0],
[0,0,0,0,0,0,0,0,0],
[0,0,0,0,0,0,0,0,0],
[0,0,0,0,0,0,0,0,0],
[0,0,0,0,0,0,0,0,0],
[0,0,0,0,0,0,0,0,0],
[0.08,0.08,0.04,0.01,0,0,0.04,0.01,0.04],
[0.02,0.02,0.02,0.01,0.01,0,0.02,0.01,0],
[0,0.01,0.01,0.01,0.02,0.01,0,0,0.02],
[0,0.04,0,0,0.02,0.02,0,0,0.04],
[0,0.04,0,0.01,0.01,0.04,0,0,0.04],
[0.04,0.04,0.02,0,0,0,0.02,0,0.03],
[0.02,0.01,0.01,0,0.01,0.01,0.01,0.01,0.01],
[0,0.02,0,0,0.01,0.01,0,0,0.02],
[0,0.03,0,0,0.01,0.02,0,0,0.03],
[0.03,0.03,0.02,0,0.01,0.01,0.02,0.01,0.02],
[0.02,0.03,0.01,0,0.01,0.01,0.01,0.01,0.02],
[0,0.02,0,0,0.01,0.02,0,0,0.02],
[0.02,0.03,0.01,0,0.01,0.01,0.01,0.01,0.03],
[0.02,0.02,0.01,0,0.01,0.02,0.01,0.01,0.02],
[0.02,0.03,0.01,0,0.01,0.01,0.01,0,0.02],
[0,0,0,0,0,0,0,0,0],
[0,0,0,0,0,0,0,0,0],
[0,0,0,0,0,0,0,0,0],
[0,0,0,0,0,0,0,0,0],
[0,0,0,0,0,0,0,0,0],
[0,0,0,0,0,0,0,0,0],
[0.04,0.02,0.01,0,0.01,0.01,0,0.04,0],
[0.02,0,0.02,0,0.02,0,0.02,0.04,0.01],
[0.01,0,0.04,0.02,0.02,0,0.01,0,0],
[0.02,0,0,0,0.02,0,0.02,0,0],
[0.02,0.02,0,0.04,0.08,0,0.04,0.01,0.01],
[0.02,0.01,0.02,0,0.01,0.01,0.01,0.03,0],
[0.01,0,0.02,0.01,0.01,0.01,0.02,0.02,0],
[0.01,0,0.04,0.01,0.04,0,0.01,0,0],
[0.01,0.01,0,0.03,0.04,0,0.02,0,0],
[0.02,0.01,0.02,0.01,0.01,0.02,0.02,0.02,0],
[0.02,0.01,0.03,0.01,0.03,0.01,0.02,0.02,0],
[0.01,0.01,0.03,0.02,0.04,0,0.02,0.01,0],
[0.02,0.01,0.02,0.01,0.02,0.01,0.02,0.02,0],
[0.01,0.01,0.02,0.02,0.03,0,0.03,0.01,0],
[0.01,0.01,0.02,0.01,0.02,0.01,0.03,0.01,0],
[0,0,0,0,0,0,0,0,0],
[0,0,0,0,0,0,0,0,0],
[0,0,0,0,0,0,0,0,0],
[0,0,0,0,0,0,0,0,0],
[0,0,0,0,0,0,0,0,0],
[0,0,0,0,0,0,0,0,0],
[0,0,0.08,0,0,0.04,0.04,0.02,0.02],
[0,0,0,0,0.01,0.04,0,0,0.01],
[0.02,0.01,0,0.02,0.02,0.04,0,0,0],
[0.04,0.04,0.02,0.02,0,0.04,0.02,0.02,0],
[0.02,0.02,0.02,0,0.02,0,0,0.01,0],
[0,0,0.04,0,0,0.03,0.02,0.01,0.01],
[0.02,0.01,0,0.02,0.01,0.03,0,0,0],
[0.02,0.02,0.01,0.01,0.02,0.03,0.01,0.01,0],
[0.02,0.02,0.01,0.02,0.01,0.04,0.01,0.01,0],
[0.02,0.01,0.03,0.02,0.01,0.03,0.02,0.01,0.01],
[0.02,0.02,0.02,0.02,0.02,0.03,0.01,0.01,0],
[0.02,0.02,0.01,0.02,0.02,0.03,0.01,0.01,0],
[0.02,0.01,0.03,0.02,0.01,0.03,0.02,0.01,0.01],
[0.02,0.01,0.01,0.02,0.01,0.03,0.01,0.01,0],
[0.01,0.01,0.02,0.01,0.01,0.03,0.01,0.01,0],
[0,0,0,0,0,0,0,0,0],
[0,0,0,0,0,0,0,0,0],
[0,0,0,0,0,0,0,0,0],
[0,0,0,0,0,0,0,0,0],
[0,0,0,0,0,0,0,0,0],
[0,0,0,0,0,0,0,0,0],
[0,0,0.01,0,0,0,0.01,0.02,0],
[0,0,0,0.08,0,0,0,0.01,0.02],
[0,0.04,0.02,0.04,0.02,0.02,0,0.02,0],
[0.02,0,0.01,0,0.08,0.01,0.04,0.02,0.04],
[0.02,0,0.02,0.02,0.04,0.01,0.02,0,0],
[0,0,0.01,0.05,0,0,0,0.01,0.01],
[0,0.04,0.01,0.04,0.01,0.01,0,0.02,0.01],
[0.01,0.02,0.01,0.02,0.04,0.01,0.03,0.01,0.03],
[0.01,0,0.01,0.02,0.04,0,0.02,0.01,0.02],
[0,0.03,0.01,0.04,0.01,0.01,0,0.02,0.01],
[0.01,0.03,0.01,0.03,0.03,0.01,0.02,0.02,0.02],
[0.01,0.02,0.02,0.02,0.03,0.01,0.02,0.01,0.02],
[0.01,0.03,0.01,0.03,0.02,0.01,0.02,0.01,0.02],
[0.01,0.03,0.01,0.03,0.02,0.01,0.02,0.01,0.02],
[0.01,0.02,0.01,0.03,0.02,0.01,0.01,0.01,0.02],
[0.02,0,0,0,0,0,0.02,0,0.02],
[0.02,0,0,0,0.02,0.04,0,0,0],
[0,0.02,0,0.02,0,0,0.02,0.04,0.01],
[0,0.04,0,0.02,0,0,0,0.04,0.01],
[0,0,0,0,0,0,0.01,0.08,0],
[0.04,0,0.02,0,0,0.02,0.02,0,0.01],
[0.01,0,0,0.02,0.01,0.03,0.01,0,0.01],
[0.02,0.01,0.01,0.03,0.01,0.02,0.01,0.02,0.01],
[0,0.02,0.02,0.02,0,0.02,0.01,0.03,0],
[0,0.02,0,0.01,0,0,0.01,0.04,0.01],
[0.02,0,0.01,0.01,0.01,0.02,0.01,0.04,0.01],
[0.02,0.01,0.01,0.02,0.01,0.02,0.01,0.01,0.01],
[0.01,0.02,0.01,0.02,0.01,0.02,0.01,0.02,0.01],
[0,0.01,0.02,0.01,0,0.01,0.01,0.03,0.01],
[0.01,0.01,0.01,0.01,0.01,0.01,0.01,0.03,0.01],
[0.02,0.01,0.01,0.02,0.01,0.02,0.01,0.01,0.01],
[0.01,0.01,0.01,0.02,0.01,0.02,0.01,0.02,0.01],
[0.01,0.01,0.02,0.01,0,0.01,0.01,0.03,0.01],
[0.01,0.01,0.01,0.02,0,0.02,0.01,0.02,0.01],
[0.01,0.01,0.01,0.02,0.01,0.02,0.01,0.03,0.01],
[0.01,0.01,0.01,0.01,0.01,0.02,0.01,0.02,0.01],
[0.04,0.04,0.04,0.02,0.01,0.04,0,0.02,0],
[0.01,0,0.01,0.02,0.04,0.02,0,0,0.01],
[0,0.04,0,0,0,0.02,0,0,0],
[0,0.08,0,0,0,0.04,0.02,0.01,0],
[0,0,0,0,0.02,0.08,0,0.08,0.01],
[0.02,0.02,0.08,0.01,0,0.02,0,0.01,0.01],
[0.02,0.03,0.02,0.01,0.02,0.03,0,0.01,0.02],
[0.01,0.03,0.01,0.02,0.03,0.03,0.02,0.01,0],
[0,0.04,0.02,0,0.01,0.02,0.01,0.02,0],
[0,0.03,0,0,0.02,0.04,0.02,0.03,0.01],
[0.01,0.01,0.03,0.02,0.02,0.03,0.01,0.03,0],
[0.01,0.03,0.02,0.02,0.02,0.03,0.02,0.01,0.01],
[0,0.03,0.01,0.01,0.02,0.03,0.02,0.01,0],
[0,0.03,0.02,0,0.02,0.03,0.01,0.03,0],
[0.01,0.02,0.02,0.01,0.01,0.03,0.01,0.02,0.01],
[0.01,0.03,0.02,0.01,0.02,0.03,0.02,0.01,0.01],
[0,0.02,0.01,0.01,0.02,0.03,0.02,0.02,0],
[0.01,0.02,0.02,0.01,0.01,0.03,0.01,0.02,0],
[0.01,0.03,0.02,0.01,0.02,0.03,0.02,0.02,0.01],
[0.01,0.02,0.02,0.01,0.02,0.03,0.02,0.02,0],
[0.01,0.02,0.02,0.01,0.02,0.03,0.01,0.02,0.01],
[0,0,0.04,0,0.01,0,0,0.01,0.08],
[0,0,0,0,0.02,0,0.08,0.02,0.02],
[0,0.02,0.02,0.02,0.04,0.02,0,0,0],
[0,0,0.01,0,0,0.02,0,0,0.02],
[0,0.02,0.01,0.02,0,0,0.02,0.02,0.02],
[0,0,0,0.01,0,0,0,0,0.01],
[0.03,0.05,0.02,0.01,0.01,0,0.03,0.01,0.03],
[0.01,0.04,0.01,0.01,0.03,0.02,0.03,0.01,0.01],
[0,0.03,0.01,0.01,0.02,0.02,0.01,0,0.01],
[0,0.03,0,0.01,0.02,0.02,0.02,0.01,0.02],
[0,0.02,0.01,0.02,0.02,0.03,0.01,0.01,0.02],
[0.02,0.04,0.02,0.01,0.02,0.01,0.02,0.01,0.02],
[0.01,0.03,0.01,0.01,0.02,0.01,0.02,0.01,0.01],
[0,0.03,0.01,0.01,0.02,0.02,0.01,0.01,0.01],
[0,0.02,0.01,0.01,0.02,0.02,0.01,0.01,0.01],
[0.02,0.04,0.01,0.01,0.02,0.01,0.02,0.01,0.02],
[0.01,0.03,0.01,0.01,0.02,0.02,0.02,0.01,0.01],
[0,0.02,0.01,0.01,0.02,0.02,0.01,0.01,0.01],
[0.01,0.03,0.01,0.01,0.02,0.01,0.02,0.01,0.02],
[0.01,0.02,0.01,0.01,0.02,0.02,0.02,0.01,0.01],
[0.01,0.03,0.01,0.01,0.02,0.02,0.02,0.01,0.02],
[0.08,0.02,0.02,0.01,0.01,0.01,0.04,0,0],
[0.04,0.08,0.02,0,0,0,0,0,0.02],
[0.01,0,0.02,0.01,0,0,0,0,0],
[0,0.02,0,0.02,0,0.04,0.02,0,0.01],
[0.04,0.02,0,0.02,0.04,0,0,0,0.02],
[0,0.04,0,0,0.02,0.04,0.02,0.01,0],
[0.04,0.04,0.02,0.01,0,0.01,0.02,0.02,0.02],
[0.02,0.03,0.03,0.01,0.01,0,0.01,0.02,0.01],
[0.01,0.01,0.02,0.02,0.02,0.02,0.01,0,0.01],
[0.02,0.02,0,0.01,0.02,0.02,0.01,0,0.02],
[0.02,0.02,0,0.02,0.03,0.02,0.02,0,0.02],
[0.03,0.02,0.02,0.01,0.01,0.01,0.02,0.01,0.01],
[0.01,0.02,0.02,0.01,0.01,0.01,0.01,0.01,0.01],
[0.01,0.01,0.02,0.01,0.02,0.01,0.01,0,0.01],
[0.01,0.02,0,0.02,0.02,0.02,0.02,0,0.01],
[0.02,0.02,0.02,0.01,0.01,0.01,0.02,0.01,0.01],
[0.02,0.02,0.02,0.01,0.02,0.01,0.01,0.01,0.01],
[0.01,0.01,0.01,0.02,0.02,0.02,0.01,0,0.01],
[0.02,0.02,0.02,0.01,0.01,0.01,0.01,0.01,0.01],
[0.01,0.02,0.01,0.01,0.02,0.01,0.02,0.01,0.01],
[0.02,0.02,0.01,0.01,0.01,0.01,0.02,0.01,0.01],
[0,0,0,0.02,0.01,0.02,0.04,0.02,0],
[0.04,0,0.02,0,0,0.02,0,0.04,0.01],
[0,0,0,0,0,0,0,0,0.01],
[0,0.02,0.02,0.04,0,0.08,0.04,0,0.01],
[0,0.02,0,0,0,0,0,0.01,0.01],
[0,0.02,0.02,0.04,0.02,0,0.02,0.01,0],
[0.02,0.01,0.03,0.01,0,0.02,0.02,0.02,0.01],
[0.02,0.01,0.01,0.01,0.01,0.02,0.01,0.02,0],
[0.01,0.01,0.02,0.02,0.02,0.03,0.02,0,0],
[0.02,0.02,0.02,0.02,0.01,0.03,0.02,0.01,0],
[0.01,0.01,0.02,0.02,0.04,0,0.02,0,0],
[0.01,0.01,0.03,0.01,0.01,0.02,0.02,0.02,0.01],
[0.01,0.01,0.01,0.01,0.01,0.03,0.02,0.01,0],
[0.01,0.01,0.02,0.01,0.03,0.02,0.01,0.01,0],
[0.02,0.01,0.02,0.02,0.02,0.02,0.02,0.01,0],
[0.01,0.01,0.02,0.01,0.01,0.02,0.02,0.01,0.01],
[0.02,0.01,0.02,0.01,0.02,0.02,0.01,0.01,0],
[0.01,0.01,0.02,0.02,0.03,0.02,0.02,0.01,0],
[0.01,0.01,0.02,0.01,0.02,0.02,0.02,0.01,0],
[0.01,0.01,0.02,0.01,0.02,0.02,0.02,0.01,0],
[0.01,0.01,0.02,0.01,0.02,0.02,0.02,0.01,0],
[0.02,0.02,0.02,0,0,0.04,0.01,0.02,0],
[0.02,0.04,0.04,0,0,0,0.04,0.02,0.01],
[0.02,0.01,0.04,0.04,0.01,0.04,0.02,0,0.02],
[0,0.04,0,0.02,0.04,0.02,0.04,0,0.02],
[0,0,0,0,0,0.02,0.02,0.01,0],
[0,0,0,0.08,0.01,0.02,0,0,0],
[0.02,0.02,0.03,0,0,0.02,0.02,0.01,0.01],
[0.02,0.02,0.03,0.04,0,0.02,0.02,0.01,0.01],
[0.01,0.02,0.02,0.02,0.02,0.02,0.02,0.01,0.01],
[0.02,0.02,0.01,0.01,0.04,0.02,0.02,0.02,0.02],
[0.02,0.01,0.01,0.03,0.02,0.02,0.01,0,0],
[0.01,0.01,0.03,0.03,0,0.02,0.02,0.01,0.01],
[0.02,0.02,0.02,0.03,0.01,0.02,0.02,0.01,0.01],
[0.02,0.02,0.01,0.02,0.03,0.02,0.02,0.01,0.02],
[0.02,0.01,0.01,0.02,0.03,0.02,0.01,0.01,0.01],
[0.01,0.02,0.02,0.02,0.01,0.02,0.02,0.01,0.01],
[0.02,0.02,0.02,0.02,0.02,0.02,0.02,0.01,0.01],
[0.01,0.01,0.01,0.02,0.02,0.02,0.01,0.01,0.01],
[0.02,0.02,0.02,0.02,0.02,0.02,0.02,0.01,0.01],
[0.02,0.02,0.02,0.02,0.02,0.02,0.02,0.01,0.01],
[0.01,0.02,0.02,0.02,0.01,0.02,0.01,0.01,0.01],
[0.02,0.03,0.03,0.01,0.01,0.02,0.01,0.01,0.02],
[0.01,0,0,0.02,0.02,0.02,0,0,0.01],
[0,0.02,0,0.01,0.01,0.02,0.01,0.02,0],
[0,0.04,0,0.01,0,0.02,0.01,0.02,0.01],
[0,0,0,0.01,0.02,0.04,0,0.05,0.01],
[0.02,0.01,0.04,0,0,0.01,0.02,0.01,0],
[0.01,0.02,0.01,0.02,0.01,0.02,0.01,0.01,0.01],
[0.01,0.02,0.01,0.02,0.02,0.02,0.02,0.01,0.01],
[0,0.03,0.02,0.01,0.01,0.02,0.01,0.02,0.01],
[0,0.02,0,0.01,0.01,0.03,0.01,0.03,0.01],
[0.01,0,0.02,0.01,0.02,0.02,0.01,0.03,0.01],
[0.01,0.02,0.02,0.02,0.02,0.02,0.01,0.01,0.01],
[0.01,0.03,0.01,0.02,0.02,0.02,0.02,0.01,0.01],
[0,0.02,0.01,0.01,0.01,0.02,0.01,0.03,0.01],
[0.01,0.01,0.01,0.01,0.01,0.02,0.02,0.03,0.01],
[0.01,0.02,0.02,0.01,0.01,0.02,0.02,0.01,0.01],
[0.01,0.02,0.01,0.02,0.02,0.02,0.01,0.02,0.01],
[0.01,0.02,0.02,0.01,0.01,0.02,0.01,0.03,0.01],
[0.01,0.02,0.01,0.01,0.01,0.02,0.01,0.02,0.01],
[0.01,0.02,0.01,0.01,0.02,0.02,0.01,0.02,0.01],
[0.01,0.02,0.02,0.01,0.01,0.02,0.01,0.02,0.01],
[0.04,0.03,0.03,0.01,0,0.02,0,0.01,0.04],
[0.01,0,0.01,0.01,0.02,0.01,0.04,0.01,0.01],
[0,0.02,0.01,0.02,0.02,0.01,0,0.01,0],
[0,0.04,0.01,0,0,0.02,0.01,0.01,0.01],
[0,0.01,0.01,0.01,0.01,0.04,0.01,0.04,0.02],
[0.01,0.01,0.04,0,0,0.02,0,0,0],
[0.03,0.03,0.02,0.01,0.01,0.02,0.02,0.01,0.02],
[0.01,0.02,0.01,0.01,0.02,0.02,0.02,0.01,0.01],
[0,0.03,0.01,0.01,0.01,0.01,0.01,0.01,0.01],
[0,0.03,0.01,0.01,0.01,0.03,0.01,0.02,0.01],
[0.01,0.01,0.02,0.01,0.01,0.03,0.01,0.02,0.01],
[0.02,0.03,0.02,0.01,0.02,0.02,0.02,0.01,0.01],
[0.01,0.03,0.01,0.01,0.02,0.02,0.02,0.01,0.01],
[0,0.02,0.01,0.01,0.02,0.02,0.01,0.02,0.01],
[0.01,0.02,0.02,0.01,0.01,0.03,0.01,0.01,0.01],
[0.01,0.03,0.02,0.01,0.01,0.02,0.02,0.01,0.01],
[0.01,0.02,0.01,0.01,0.02,0.02,0.02,0.01,0.01],
[0,0.02,0.02,0.01,0.01,0.02,0.01,0.01,0.01],
[0.01,0.03,0.01,0.01,0.01,0.02,0.02,0.01,0.01],
[0.01,0.02,0.02,0.01,0.01,0.02,0.01,0.01,0.01],
[0.01,0.02,0.02,0.01,0.01,0.02,0.01,0.01,0.01],
[0.04,0.01,0.02,0,0,0.01,0.03,0.01,0.04],
[0.02,0.05,0.01,0,0.01,0,0.05,0.02,0.01],
[0,0.01,0.04,0.01,0.04,0.02,0,0,0],
[0,0.02,0,0.01,0,0.02,0.02,0,0.01],
[0.02,0.01,0.01,0.01,0.04,0,0.01,0.01,0.01],
[0,0.03,0,0,0.02,0.02,0.02,0,0],
[0.03,0.04,0.01,0.01,0.01,0.01,0.03,0.01,0.02],
[0.01,0.03,0.02,0.01,0.02,0.01,0.02,0.02,0.01],
[0,0.02,0.02,0.01,0.02,0.02,0.01,0,0.01],
[0.01,0.02,0.01,0.01,0.02,0.01,0.02,0.01,0.01],
[0.01,0.02,0.01,0.02,0.03,0.02,0.02,0.01,0.01],
[0.02,0.03,0.02,0.01,0.02,0.01,0.02,0.01,0.02],
[0.01,0.03,0.02,0.01,0.02,0.01,0.02,0.01,0.01],
[0.01,0.02,0.02,0.01,0.03,0.02,0.01,0.01,0.01],
[0.01,0.02,0.01,0.02,0.02,0.02,0.02,0.01,0.01],
[0.02,0.03,0.02,0.01,0.01,0.01,0.02,0.01,0.01],
[0.01,0.02,0.01,0.01,0.02,0.01,0.02,0.01,0.01],
[0.01,0.02,0.01,0.01,0.02,0.02,0.01,0.01,0.01],
[0.02,0.02,0.01,0.01,0.02,0.01,0.02,0.01,0.01],
[0.01,0.02,0.01,0.01,0.02,0.02,0.02,0.01,0.01],
[0.01,0.02,0.01,0.01,0.02,0.01,0.02,0.01,0.01],
[0.04,0.01,0.02,0.02,0,0.01,0.03,0.01,0],
[0.03,0.04,0.04,0.01,0,0.02,0,0.02,0.01],
[0,0,0.01,0.01,0,0,0,0,0.01],
[0,0.01,0.01,0.02,0,0.04,0.02,0,0],
[0.03,0.01,0,0.01,0.03,0,0,0,0.02],
[0,0.02,0.01,0.03,0.01,0.04,0.01,0,0],
[0.03,0.02,0.03,0.01,0,0.01,0.02,0.01,0.01],
[0.01,0.02,0.02,0.01,0.01,0.01,0.01,0.01,0.01],
[0.01,0.01,0.01,0.01,0.01,0.02,0.01,0,0.01],
[0.02,0.02,0.01,0.01,0.01,0.02,0.01,0.01,0.01],
[0.02,0.02,0.01,0.02,0.03,0.02,0.01,0,0.01],
[0.02,0.02,0.02,0.01,0.01,0.01,0.02,0.01,0.01],
[0.02,0.02,0.02,0.01,0.01,0.02,0.01,0.01,0.01],
[0.02,0.01,0.02,0.01,0.02,0.02,0.01,0,0.01],
[0.02,0.02,0.01,0.02,0.02,0.03,0.01,0.01,0.01],
[0.02,0.02,0.02,0.01,0.01,0.02,0.02,0.01,0.01],
[0.02,0.02,0.02,0.01,0.02,0.02,0.01,0.01,0.01],
[0.01,0.01,0.01,0.02,0.02,0.02,0.01,0,0.01],
[0.02,0.02,0.02,0.01,0.01,0.01,0.01,0.01,0.01],
[0.02,0.02,0.02,0.01,0.01,0.02,0.01,0.01,0.01],
[0.02,0.02,0.02,0.01,0.01,0.02,0.02,0.01,0.01],
[0.02,0.01,0.01,0.01,0,0.02,0.02,0.01,0],
[0.02,0.04,0.02,0,0,0.01,0.03,0.02,0],
[0.01,0.01,0.04,0.02,0.01,0.03,0.01,0,0.01],
[0,0.02,0.01,0.02,0.02,0.04,0.03,0.01,0.01],
[0,0.01,0,0.01,0,0.01,0.01,0,0.01],
[0,0.01,0.01,0.04,0.01,0.01,0.01,0,0],
[0.02,0.02,0.02,0.01,0,0.01,0.02,0.02,0],
[0.01,0.02,0.03,0.02,0.01,0.02,0.02,0.01,0.01],
[0.01,0.01,0.02,0.02,0.01,0.03,0.02,0.01,0.01],
[0.02,0.01,0.01,0.01,0.03,0.02,0.02,0.01,0.01],
[0.01,0.01,0.02,0.03,0.03,0.01,0.02,0,0],
[0.02,0.02,0.02,0.02,0.01,0.02,0.02,0.01,0.01],
[0.01,0.02,0.02,0.02,0.01,0.02,0.02,0.01,0.01],
[0.02,0.01,0.02,0.02,0.03,0.02,0.02,0.01,0.01],
[0.01,0.01,0.01,0.02,0.03,0.02,0.02,0.01,0.01],
[0.01,0.02,0.02,0.02,0.01,0.02,0.02,0.01,0.01],
[0.02,0.02,0.02,0.02,0.02,0.02,0.02,0.01,0.01],
[0.01,0.01,0.02,0.02,0.02,0.02,0.02,0.01,0.01],
[0.02,0.02,0.02,0.02,0.02,0.02,0.02,0.01,0.01],
[0.01,0.02,0.02,0.02,0.02,0.02,0.02,0.01,0.01],
[0.01,0.01,0.02,0.02,0.02,0.02,0.02,0.01,0.01],
[0.03,0.03,0.02,0.01,0.01,0.02,0.01,0.01,0.03],
[0.01,0,0.01,0.02,0.02,0.02,0.03,0.01,0.01],
[0,0.02,0.01,0.02,0.02,0.02,0.01,0.02,0.01],
[0,0.03,0.01,0.01,0,0.02,0.01,0.02,0.01],
[0,0.01,0.01,0.01,0.02,0.03,0.01,0.04,0.03],
[0.02,0.01,0.03,0,0.01,0.02,0.02,0.01,0],
[0.02,0.03,0.02,0.01,0.01,0.02,0.02,0.01,0.02],
[0.01,0.02,0.01,0.02,0.02,0.02,0.02,0.01,0.01],
[0,0.02,0.01,0.01,0.01,0.01,0.01,0.01,0.01],
[0,0.02,0.01,0.01,0.01,0.02,0.01,0.02,0.02],
[0.01,0.01,0.02,0.01,0.02,0.02,0.01,0.02,0.01],
[0.02,0.02,0.02,0.01,0.01,0.02,0.01,0.01,0.01],
[0.01,0.02,0.01,0.01,0.01,0.02,0.02,0.01,0.01],
[0,0.02,0.01,0.01,0.01,0.02,0.01,0.02,0.01],
[0.01,0.02,0.01,0.01,0.01,0.02,0.01,0.02,0.01],
[0.01,0.02,0.01,0.01,0.01,0.02,0.02,0.01,0.01],
[0.01,0.02,0.01,0.01,0.01,0.02,0.01,0.02,0.01],
[0.01,0.02,0.01,0.01,0.01,0.02,0.01,0.02,0.01],
[0.01,0.02,0.01,0.01,0.01,0.02,0.01,0.01,0.01],
[0.01,0.02,0.01,0.01,0.01,0.02,0.01,0.02,0.01],
[0.01,0.02,0.01,0.01,0.01,0.02,0.01,0.01,0.01],
[0.04,0.02,0.02,0.01,0,0.02,0.02,0.01,0.03],
[0.02,0.04,0.01,0.01,0.02,0.01,0.04,0.02,0.01],
[0.01,0.02,0.04,0.02,0.03,0.02,0,0.01,0],
[0,0.03,0.01,0.01,0,0.03,0.02,0.01,0.01],
[0.02,0.01,0.02,0.01,0.03,0.03,0.01,0.03,0.02],
[0.01,0.02,0.03,0,0.02,0.02,0.02,0,0],
[0.03,0.03,0.01,0.01,0.01,0.02,0.03,0.01,0.02],
[0.01,0.03,0.02,0.01,0.02,0.01,0.02,0.02,0.01],
[0,0.02,0.02,0.01,0.02,0.02,0.01,0.01,0],
[0.01,0.02,0.01,0.01,0.02,0.03,0.01,0.01,0.01],
[0.01,0.01,0.02,0.02,0.02,0.02,0.01,0.01,0.01],
[0.02,0.03,0.02,0.01,0.01,0.01,0.02,0.01,0.01],
[0.01,0.03,0.02,0.01,0.02,0.02,0.02,0.01,0.01],
[0.01,0.02,0.02,0.01,0.02,0.02,0.01,0.01,0.01],
[0.01,0.02,0.02,0.01,0.02,0.02,0.01,0.01,0.01],
[0.01,0.03,0.02,0.01,0.01,0.02,0.02,0.01,0.01],
[0.01,0.02,0.01,0.01,0.02,0.02,0.02,0.01,0.01],
[0.01,0.02,0.02,0.01,0.02,0.02,0.01,0.01,0.01],
[0.01,0.02,0.02,0.01,0.01,0.02,0.02,0.01,0.01],
[0.01,0.02,0.02,0.01,0.02,0.02,0.02,0.01,0.01],
[0.01,0.02,0.02,0.01,0.01,0.02,0.02,0.01,0.01],
[0.03,0.01,0.02,0.02,0,0.01,0.02,0.01,0.04],
[0.02,0.04,0.03,0.01,0.01,0.02,0.04,0.02,0.01],
[0,0.01,0.03,0.01,0.03,0.02,0,0,0.01],
[0,0.02,0.01,0.02,0,0.03,0.02,0,0.01],
[0.02,0.01,0.01,0.01,0.04,0,0.01,0.02,0.02],
[0,0.02,0.02,0.02,0.02,0.03,0.02,0,0],
[0.03,0.03,0.02,0.01,0.01,0.01,0.03,0.01,0.02],
[0.01,0.02,0.03,0.01,0.02,0.02,0.02,0.01,0.01],
[0.01,0.02,0.02,0.01,0.02,0.02,0.01,0,0.01],
[0.02,0.02,0.01,0.01,0.02,0.02,0.01,0.01,0.01],
[0.01,0.02,0.01,0.02,0.03,0.02,0.01,0.01,0.01],
[0.02,0.02,0.02,0.01,0.01,0.01,0.02,0.01,0.02],
[0.01,0.02,0.02,0.01,0.02,0.02,0.02,0.01,0.01],
[0.01,0.02,0.02,0.01,0.02,0.02,0.01,0.01,0.01],
[0.01,0.02,0.01,0.02,0.02,0.02,0.02,0.01,0.01],
[0.02,0.02,0.02,0.01,0.01,0.02,0.02,0.01,0.01],
[0.01,0.02,0.02,0.01,0.02,0.02,0.02,0.01,0.01],
[0.01,0.02,0.01,0.01,0.02,0.02,0.01,0.01,0.01],
[0.02,0.02,0.02,0.01,0.02,0.02,0.02,0.01,0.01],
[0.01,0.02,0.02,0.01,0.02,0.02,0.02,0.01,0.01],
[0.01,0.02,0.02,0.01,0.02,0.02,0.02,0.01,0.01],
[0.03,0.02,0.02,0.02,0,0.02,0.02,0.01,0],
[0.02,0.04,0.03,0.01,0,0.02,0.02,0.02,0.01],
[0.01,0.01,0.03,0.02,0.01,0.02,0.01,0,0.01],
[0,0.02,0.01,0.02,0.02,0.03,0.02,0.01,0.01],
[0.02,0.01,0,0.01,0.02,0.01,0.01,0,0.03],
[0,0.02,0.01,0.03,0.01,0.03,0.01,0,0],
[0.03,0.03,0.02,0.01,0,0.01,0.02,0.01,0.01],
[0.01,0.02,0.03,0.02,0.01,0.02,0.02,0.01,0.01],
[0.01,0.01,0.02,0.02,0.01,0.02,0.01,0.01,0.01],
[0.02,0.02,0.01,0.01,0.02,0.02,0.01,0.01,0.02],
[0.02,0.01,0.01,0.02,0.02,0.02,0.01,0,0.01],
[0.02,0.02,0.02,0.02,0,0.02,0.02,0.01,0.01],
[0.01,0.02,0.02,0.02,0.01,0.02,0.02,0.01,0.01],
[0.01,0.01,0.02,0.01,0.02,0.02,0.01,0.01,0.01],
[0.01,0.02,0.01,0.02,0.02,0.02,0.01,0.01,0.01],
[0.02,0.02,0.02,0.02,0.01,0.02,0.02,0.01,0.01],
[0.02,0.02,0.02,0.01,0.02,0.02,0.01,0.01,0.01],
[0.01,0.01,0.01,0.02,0.02,0.02,0.01,0.01,0.01],
[0.02,0.02,0.02,0.02,0.01,0.02,0.02,0.01,0.01],
[0.01,0.02,0.02,0.02,0.02,0.02,0.02,0.01,0.01],
[0.02,0.02,0.02,0.02,0.01,0.02,0.02,0.01,0.01],
[0.03,0.02,0.02,0.01,0.01,0.01,0.02,0.01,0.03],
[0.02,0.03,0.01,0.02,0.01,0.01,0.03,0.01,0.01],
[0.01,0.01,0.03,0.01,0.03,0.02,0.01,0.01,0.01],
[0,0.03,0.01,0.01,0,0.03,0.01,0.01,0.01],
[0.01,0.01,0.01,0.01,0.03,0.03,0.01,0.03,0.02],
[0.01,0.02,0.02,0,0.02,0.02,0.02,0.01,0],
[0.02,0.03,0.01,0.01,0.01,0.01,0.02,0.01,0.02],
[0.01,0.02,0.02,0.01,0.02,0.01,0.02,0.01,0.01],
[0,0.02,0.02,0.01,0.01,0.02,0.01,0.01,0.01],
[0.01,0.02,0.01,0.01,0.01,0.02,0.01,0.02,0.01],
[0.01,0.01,0.02,0.01,0.02,0.02,0.01,0.02,0.01],
[0.02,0.02,0.02,0.01,0.01,0.01,0.02,0.01,0.01],
[0.01,0.02,0.01,0.01,0.01,0.02,0.02,0.01,0.01],
[0.01,0.01,0.02,0.01,0.02,0.02,0.01,0.02,0.01],
[0.01,0.02,0.01,0.01,0.02,0.02,0.01,0.02,0.01],
[0.01,0.02,0.01,0.01,0.01,0.02,0.02,0.01,0.01],
[0.01,0.02,0.01,0.01,0.02,0.02,0.01,0.02,0.01],
[0.01,0.01,0.02,0.01,0.02,0.02,0.01,0.02,0.01],
[0.01,0.02,0.01,0.01,0.01,0.02,0.01,0.01,0.01],
[0.01,0.02,0.01,0.01,0.02,0.02,0.02,0.02,0.01],
[0.01,0.02,0.01,0.01,0.01,0.02,0.02,0.01,0.01],
[0.03,0.02,0.02,0.02,0,0.02,0.02,0.01,0.03],
[0.02,0.03,0.02,0.01,0.01,0.02,0.04,0.02,0.01],
[0.01,0.01,0.03,0.01,0.03,0.02,0,0.01,0.01],
[0,0.03,0.01,0.01,0,0.03,0.02,0.01,0.01],
[0.02,0.01,0.01,0.01,0.03,0.02,0.01,0.02,0.02],
[0.01,0.02,0.03,0.02,0.02,0.03,0.01,0,0],
[0.02,0.03,0.02,0.01,0.01,0.02,0.03,0.01,0.02],
[0.01,0.02,0.02,0.01,0.02,0.02,0.02,0.01,0.01],
[0.01,0.02,0.02,0.01,0.02,0.02,0.01,0.01,0.01],
[0.01,0.02,0.01,0.01,0.02,0.03,0.01,0.01,0.01],
[0.02,0.01,0.02,0.02,0.02,0.02,0.01,0.01,0.01],
[0.02,0.02,0.02,0.01,0.01,0.02,0.02,0.01,0.01],
[0.01,0.02,0.02,0.01,0.01,0.02,0.02,0.01,0.01],
[0.01,0.02,0.02,0.01,0.02,0.02,0.01,0.01,0.01],
[0.01,0.02,0.01,0.01,0.01,0.03,0.01,0.01,0.01],
[0.01,0.02,0.02,0.01,0.01,0.02,0.02,0.01,0.01],
[0.01,0.02,0.02,0.01,0.02,0.02,0.02,0.01,0.01],
[0.01,0.02,0.02,0.01,0.02,0.02,0.01,0.01,0.01],
[0.01,0.02,0.02,0.01,0.01,0.02,0.02,0.01,0.01],
[0.01,0.02,0.02,0.01,0.02,0.02,0.01,0.01,0.01],
[0.01,0.02,0.02,0.01,0.01,0.02,0.02,0.01,0.01],
[0.03,0.02,0.02,0.02,0,0.02,0.02,0.01,0.03],
[0.02,0.04,0.02,0.01,0.01,0.01,0.04,0.02,0.01],
[0.01,0.01,0.03,0.02,0.02,0.02,0.01,0,0.01],
[0,0.03,0.01,0.01,0.02,0.03,0.02,0.01,0.01],
[0.02,0.01,0.01,0.01,0.04,0.01,0.01,0.01,0.02],
[0,0.02,0.02,0.02,0.01,0.03,0.01,0,0],
[0.02,0.03,0.02,0.02,0,0.01,0.03,0.01,0.02],
[0.01,0.03,0.02,0.02,0.01,0.02,0.02,0.01,0.01],
[0.01,0.02,0.02,0.02,0.02,0.02,0.01,0,0.01],
[0.01,0.02,0.01,0.01,0.02,0.02,0.02,0.01,0.01],
[0.01,0.01,0.01,0.02,0.03,0.02,0.01,0.01,0.01],
[0.02,0.02,0.02,0.02,0.01,0.02,0.02,0.01,0.01],
[0.01,0.02,0.02,0.01,0.01,0.02,0.02,0.01,0.01],
[0.01,0.02,0.01,0.01,0.02,0.02,0.01,0.01,0.01],
[0.01,0.02,0.01,0.02,0.02,0.02,0.02,0.01,0.01],
[0.01,0.02,0.02,0.02,0.01,0.02,0.02,0.01,0.01],
[0.01,0.02,0.02,0.01,0.02,0.02,0.02,0.01,0.01],
[0.01,0.02,0.01,0.02,0.02,0.02,0.01,0.01,0.01],
[0.02,0.02,0.02,0.01,0.02,0.02,0.02,0.01,0.01],
[0.01,0.02,0.02,0.02,0.02,0.02,0.02,0.01,0.01],
[0.01,0.02,0.02,0.02,0.02,0.02,0.02,0.01,0.01],
[0.03,0.02,0.02,0.01,0.01,0.01,0.02,0.01,0.03],
[0.02,0.03,0.02,0.02,0.01,0.02,0.03,0.01,0.01],
[0.01,0.01,0.03,0.01,0.02,0.01,0.01,0.01,0.01],
[0,0.02,0.01,0.01,0,0.03,0.01,0.01,0.01],
[0.02,0.01,0.01,0.01,0.03,0.02,0.01,0.03,0.02],
[0.01,0.01,0.02,0.01,0.02,0.02,0.02,0.01,0],
[0.02,0.02,0.02,0.02,0.01,0.02,0.02,0.01,0.02],
[0.01,0.02,0.02,0.02,0.01,0.02,0.02,0.01,0.01],
[0.01,0.02,0.02,0.01,0.01,0.02,0.01,0.01,0.01],
[0.01,0.02,0.01,0.01,0.01,0.02,0.01,0.02,0.01],
[0.01,0.01,0.02,0.02,0.02,0.02,0.01,0.02,0.01],
[0.02,0.02,0.02,0.01,0.01,0.01,0.02,0.01,0.01],
[0.01,0.02,0.02,0.01,0.01,0.02,0.02,0.01,0.01],
[0.01,0.02,0.01,0.01,0.02,0.02,0.01,0.01,0.01],
[0.01,0.02,0.01,0.01,0.01,0.02,0.01,0.02,0.01],
[0.01,0.02,0.02,0.01,0.01,0.02,0.02,0.01,0.01],
[0.01,0.02,0.01,0.01,0.02,0.02,0.01,0.01,0.01],
[0.01,0.01,0.02,0.01,0.02,0.02,0.01,0.01,0.01],
[0.01,0.02,0.02,0.01,0.01,0.02,0.02,0.01,0.01],
[0.01,0.02,0.02,0.01,0.02,0.02,0.02,0.01,0.01],
[0.01,0.02,0.02,0.01,0.01,0.02,0.02,0.01,0.01],
[0.03,0.02,0.02,0.02,0,0.02,0.01,0.01,0.03],
[0.01,0.03,0.02,0.01,0.01,0.02,0.03,0.01,0.01],
[0.01,0.01,0.03,0.02,0.02,0.02,0.01,0.01,0.01],
[0,0.03,0.01,0.01,0.01,0.03,0.02,0.01,0.01],
[0.01,0.01,0.01,0.01,0.03,0.02,0.01,0.02,0.02],
[0.01,0.01,0.02,0.02,0.01,0.02,0.01,0,0],
[0.02,0.03,0.02,0.02,0.01,0.02,0.02,0.01,0.02],
[0.01,0.02,0.02,0.02,0.01,0.02,0.02,0.01,0.01],
[0.01,0.02,0.02,0.02,0.02,0.02,0.01,0.01,0.01],
[0.01,0.02,0.01,0.01,0.02,0.02,0.02,0.01,0.01],
[0.01,0.01,0.02,0.02,0.02,0.02,0.01,0.01,0.01],
[0.02,0.02,0.02,0.02,0.01,0.02,0.02,0.01,0.01],
[0.01,0.02,0.02,0.01,0.01,0.02,0.02,0.01,0.01],
[0.01,0.02,0.02,0.01,0.02,0.02,0.01,0.01,0.01],
[0.01,0.02,0.01,0.02,0.02,0.02,0.01,0.01,0.01],
[0.01,0.02,0.02,0.01,0.01,0.02,0.02,0.01,0.01],
[0.01,0.02,0.02,0.01,0.02,0.02,0.02,0.01,0.01],
[0.01,0.02,0.02,0.02,0.02,0.02,0.01,0.01,0.01],
[0.01,0.02,0.02,0.01,0.01,0.02,0.02,0.01,0.01],
[0.01,0.02,0.02,0.02,0.02,0.02,0.02,0.01,0.01],
[0.01,0.02,0.02,0.02,0.01,0.02,0.02,0.01,0.01],
[0.02,0.02,0.02,0.02,0,0.02,0.01,0.01,0.02],
[0.01,0.03,0.02,0.02,0.01,0.02,0.03,0.01,0.01],
[0.01,0.01,0.03,0.02,0.02,0.02,0.01,0.01,0.01],
[0,0.03,0.01,0.01,0.01,0.02,0.02,0.01,0.01],
[0.01,0.01,0.01,0.01,0.03,0.02,0.01,0.02,0.02],
[0.01,0.01,0.02,0.02,0.02,0.02,0.01,0.01,0],
[0.02,0.02,0.02,0.02,0.01,0.02,0.02,0.01,0.01],
[0.01,0.02,0.02,0.02,0.01,0.02,0.02,0.01,0.01],
[0.01,0.02,0.02,0.01,0.01,0.02,0.01,0.01,0.01],
[0.01,0.02,0.01,0.01,0.02,0.02,0.01,0.02,0.01],
[0.01,0.01,0.01,0.02,0.02,0.02,0.01,0.01,0.01],
[0.02,0.02,0.02,0.02,0.01,0.02,0.02,0.01,0.01],
[0.01,0.02,0.02,0.02,0.01,0.02,0.02,0.01,0.01],
[0.01,0.02,0.01,0.01,0.02,0.02,0.01,0.01,0.01],
[0.01,0.02,0.01,0.01,0.02,0.02,0.01,0.01,0.01],
[0.01,0.02,0.02,0.02,0.01,0.02,0.02,0.01,0.01],
[0.01,0.02,0.01,0.01,0.02,0.02,0.02,0.01,0.01],
[0.01,0.01,0.02,0.02,0.02,0.02,0.01,0.01,0.01],
[0.01,0.02,0.01,0.01,0.01,0.02,0.02,0.01,0.01],
[0.01,0.02,0.01,0.02,0.02,0.02,0.02,0.01,0.01],
[0.01,0.02,0.02,0.02,0.01,0.02,0.02,0.01,0.01]]
[[0.17,0.17,0.14,0.14,0.12,0.17,0.12,0.12,0.17],
[0.17,0.17,0.14,0.14,0.12,0.17,0.12,0.12,0.17],
[0.17,0.17,0.14,0.14,0.12,0.17,0.12,0.12,0.17],
[0.17,0.17,0.14,0.14,0.12,0.17,0.12,0.12,0.17],
[0.17,0.17,0.14,0.14,0.12,0.17,0.12,0.12,0.17],
[0.17,0.17,0.14,0.14,0.12,0.17,0.12,0.12,0.17],
[0.33,0.33,0.29,0.29,0.24,0.33,0.24,0.24,0.33],
[0.33,0.33,0.29,0.29,0.24,0.33,0.24,0.24,0.33],
[0.33,0.33,0.29,0.29,0.24,0.33,0.24,0.24,0.33],
[0.33,0.33,0.29,0.29,0.24,0.33,0.24,0.24,0.33],
[0.33,0.33,0.29,0.29,0.24,0.33,0.24,0.24,0.33],
[0.5,0.5,0.43,0.43,0.36,0.5,0.36,0.36,0.5],
[0.5,0.5,0.43,0.43,0.36,0.5,0.36,0.36,0.5],
[0.5,0.5,0.43,0.43,0.36,0.5,0.36,0.36,0.5],
[0.5,0.5,0.43,0.43,0.36,0.5,0.36,0.36,0.5],
[0.67,0.67,0.57,0.57,0.48,0.67,0.48,0.48,0.67],
[0.67,0.67,0.57,0.57,0.48,0.67,0.48,0.48,0.67],
[0.67,0.67,0.57,0.57,0.48,0.67,0.48,0.48,0.67],
[0.83,0.83,0.71,0.71,0.6,0.83,0.6,0.6,0.83],
[0.83,0.83,0.71,0.71,0.6,0.83,0.6,0.6,0.83],
[1,1,0.86,0.86,0.71,1,0.71,0.71,1],
[0.17,0.17,0.14,0.14,0.12,0.17,0.12,0.12,0.17],
[0.17,0.17,0.14,0.14,0.12,0.17,0.12,0.12,0.17],
[0.17,0.17,0.14,0.14,0.12,0.17,0.12,0.12,0.17],
[0.17,0.17,0.14,0.14,0.12,0.17,0.12,0.12,0.17],
[0.17,0.17,0.14,0.14,0.12,0.17,0.12,0.12,0.17],
[0.17,0.17,0.14,0.14,0.12,0.17,0.12,0.12,0.17],
[0.33,0.33,0.29,0.29,0.24,0.33,0.24,0.24,0.33],
[0.33,0.33,0.29,0.29,0.24,0.33,0.24,0.24,0.33],
[0.33,0.33,0.29,0.29,0.24,0.33,0.24,0.24,0.33],
[0.33,0.33,0.29,0.29,0.24,0.33,0.24,0.24,0.33],
[0.33,0.33,0.29,0.29,0.24,0.33,0.24,0.24,0.33],
[0.5,0.5,0.43,0.43,0.36,0.5,0.36,0.36,0.5],
[0.5,0.5,0.43,0.43,0.36,0.5,0.36,0.36,0.5],
[0.5,0.5,0.43,0.43,0.36,0.5,0.36,0.36,0.5],
[0.5,0.5,0.43,0.43,0.36,0.5,0.36,0.36,0.5],
[0.67,0.67,0.57,0.57,0.48,0.67,0.48,0.48,0.67],
[0.67,0.67,0.57,0.57,0.48,0.67,0.48,0.48,0.67],
[0.67,0.67,0.57,0.57,0.48,0.67,0.48,0.48,0.67],
[0.83,0.83,0.71,0.71,0.6,0.83,0.6,0.6,0.83],
[0.83,0.83,0.71,0.71,0.6,0.83,0.6,0.6,0.83],
[1,1,0.86,0.86,0.71,1,0.71,0.71,1],
[0.17,0.17,0.14,0.14,0.12,0.17,0.12,0.12,0.17],
[0.17,0.17,0.14,0.14,0.12,0.17,0.12,0.12,0.17],
[0.17,0.17,0.14,0.14,0.12,0.17,0.12,0.12,0.17],
[0.17,0.17,0.14,0.14,0.12,0.17,0.12,0.12,0.17],
[0.17,0.17,0.14,0.14,0.12,0.17,0.12,0.12,0.17],
[0.17,0.17,0.14,0.14,0.12,0.17,0.12,0.12,0.17],
[0.33,0.33,0.29,0.29,0.24,0.33,0.24,0.24,0.33],
[0.33,0.33,0.29,0.29,0.24,0.33,0.24,0.24,0.33],
[0.33,0.33,0.29,0.29,0.24,0.33,0.24,0.24,0.33],
[0.33,0.33,0.29,0.29,0.24,0.33,0.24,0.24,0.33],
[0.33,0.33,0.29,0.29,0.24,0.33,0.24,0.24,0.33],
[0.5,0.5,0.43,0.43,0.36,0.5,0.36,0.36,0.5],
[0.5,0.5,0.43,0.43,0.36,0.5,0.36,0.36,0.5],
[0.5,0.5,0.43,0.43,0.36,0.5,0.36,0.36,0.5],
[0.5,0.5,0.43,0.43,0.36,0.5,0.36,0.36,0.5],
[0.67,0.67,0.57,0.57,0.48,0.67,0.48,0.48,0.67],
[0.67,0.67,0.57,0.57,0.48,0.67,0.48,0.48,0.67],
[0.67,0.67,0.57,0.57,0.48,0.67,0.48,0.48,0.67],
[0.83,0.83,0.71,0.71,0.6,0.83,0.6,0.6,0.83],
[0.83,0.83,0.71,0.71,0.6,0.83,0.6,0.6,0.83],
[1,1,0.86,0.86,0.71,1,0.71,0.71,1],
[0.17,0.17,0.14,0.14,0.12,0.17,0.12,0.12,0.17],
[0.17,0.17,0.14,0.14,0.12,0.17,0.12,0.12,0.17],
[0.17,0.17,0.14,0.14,0.12,0.17,0.12,0.12,0.17],
[0.17,0.17,0.14,0.14,0.12,0.17,0.12,0.12,0.17],
[0.17,0.17,0.14,0.14,0.12,0.17,0.12,0.12,0.17],
[0.17,0.17,0.14,0.14,0.12,0.17,0.12,0.12,0.17],
[0.33,0.33,0.29,0.29,0.24,0.33,0.24,0.24,0.33],
[0.33,0.33,0.29,0.29,0.24,0.33,0.24,0.24,0.33],
[0.33,0.33,0.29,0.29,0.24,0.33,0.24,0.24,0.33],
[0.33,0.33,0.29,0.29,0.24,0.33,0.24,0.24,0.33],
[0.33,0.33,0.29,0.29,0.24,0.33,0.24,0.24,0.33],
[0.5,0.5,0.43,0.43,0.36,0.5,0.36,0.36,0.5],
[0.5,0.5,0.43,0.43,0.36,0.5,0.36,0.36,0.5],
[0.5,0.5,0.43,0.43,0.36,0.5,0.36,0.36,0.5],
[0.5,0.5,0.43,0.43,0.36,0.5,0.36,0.36,0.5],
[0.67,0.67,0.57,0.57,0.48,0.67,0.48,0.48,0.67],
[0.67,0.67,0.57,0.57,0.48,0.67,0.48,0.48,0.67],
[0.67,0.67,0.57,0.57,0.48,0.67,0.48,0.48,0.67],
[0.83,0.83,0.71,0.71,0.6,0.83,0.6,0.6,0.83],
[0.83,0.83,0.71,0.71,0.6,0.83,0.6,0.6,0.83],
[1,1,0.86,0.86,0.71,1,0.71,0.71,1],
[0.17,0.17,0.14,0.14,0.12,0.17,0.12,0.12,0.17],
[0.17,0.17,0.14,0.14,0.12,0.17,0.12,0.12,0.17],
[0.17,0.17,0.14,0.14,0.12,0.17,0.12,0.12,0.17],
[0.17,0.17,0.14,0.14,0.12,0.17,0.12,0.12,0.17],
[0.17,0.17,0.14,0.14,0.12,0.17,0.12,0.12,0.17],
[0.17,0.17,0.14,0.14,0.12,0.17,0.12,0.12,0.17],
[0.33,0.33,0.29,0.29,0.24,0.33,0.24,0.24,0.33],
[0.33,0.33,0.29,0.29,0.24,0.33,0.24,0.24,0.33],
[0.33,0.33,0.29,0.29,0.24,0.33,0.24,0.24,0.33],
[0.33,0.33,0.29,0.29,0.24,0.33,0.24,0.24,0.33],
[0.33,0.33,0.29,0.29,0.24,0.33,0.24,0.24,0.33],
[0.5,0.5,0.43,0.43,0.36,0.5,0.36,0.36,0.5],
[0.5,0.5,0.43,0.43,0.36,0.5,0.36,0.36,0.5],
[0.5,0.5,0.43,0.43,0.36,0.5,0.36,0.36,0.5],
[0.5,0.5,0.43,0.43,0.36,0.5,0.36,0.36,0.5],
[0.67,0.67,0.57,0.57,0.48,0.67,0.48,0.48,0.67],
[0.67,0.67,0.57,0.57,0.48,0.67,0.48,0.48,0.67],
[0.67,0.67,0.57,0.57,0.48,0.67,0.48,0.48,0.67],
[0.83,0.83,0.71,0.71,0.6,0.83,0.6,0.6,0.83],
[0.83,0.83,0.71,0.71,0.6,0.83,0.6,0.6,0.83],
[1,1,0.86,0.86,0.71,1,0.71,0.71,1],
[0.17,0.17,0.14,0.14,0.12,0.17,0.12,0.12,0.17],
[0.17,0.17,0.14,0.14,0.12,0.17,0.12,0.12,0.17],
[0.17,0.17,0.14,0.14,0.12,0.17,0.12,0.12,0.17],
[0.17,0.17,0.14,0.14,0.12,0.17,0.12,0.12,0.17],
[0.17,0.17,0.14,0.14,0.12,0.17,0.12,0.12,0.17],
[0.17,0.17,0.14,0.14,0.12,0.17,0.12,0.12,0.17],
[0.33,0.33,0.29,0.29,0.24,0.33,0.24,0.24,0.33],
[0.33,0.33,0.29,0.29,0.24,0.33,0.24,0.24,0.33],
[0.33,0.33,0.29,0.29,0.24,0.33,0.24,0.24,0.33],
[0.33,0.33,0.29,0.29,0.24,0.33,0.24,0.24,0.33],
[0.33,0.33,0.29,0.29,0.24,0.33,0.24,0.24,0.33],
[0.5,0.5,0.43,0.43,0.36,0.5,0.36,0.36,0.5],
[0.5,0.5,0.43,0.43,0.36,0.5,0.36,0.36,0.5],
[0.5,0.5,0.43,0.43,0.36,0.5,0.36,0.36,0.5],
[0.5,0.5,0.43,0.43,0.36,0.5,0.36,0.36,0.5],
[0.67,0.67,0.57,0.57,0.48,0.67,0.48,0.48,0.67],
[0.67,0.67,0.57,0.57,0.48,0.67,0.48,0.48,0.67],
[0.67,0.67,0.57,0.57,0.48,0.67,0.48,0.48,0.67],
[0.83,0.83,0.71,0.71,0.6,0.83,0.6,0.6,0.83],
[0.83,0.83,0.71,0.71,0.6,0.83,0.6,0.6,0.83],
[1,1,0.86,0.86,0.71,1,0.71,0.71,1],
[0.17,0.17,0.14,0.14,0.12,0.17,0.12,0.12,0.17],
[0.17,0.17,0.14,0.14,0.12,0.17,0.12,0.12,0.17],
[0.17,0.17,0.14,0.14,0.12,0.17,0.12,0.12,0.17],
[0.17,0.17,0.14,0.14,0.12,0.17,0.12,0.12,0.17],
[0.17,0.17,0.14,0.14,0.12,0.17,0.12,0.12,0.17],
[0.17,0.17,0.14,0.14,0.12,0.17,0.12,0.12,0.17],
[0.33,0.33,0.29,0.29,0.24,0.33,0.24,0.24,0.33],
[0.33,0.33,0.29,0.29,0.24,0.33,0.24,0.24,0.33],
[0.33,0.33,0.29,0.29,0.24,0.33,0.24,0.24,0.33],
[0.33,0.33,0.29,0.29,0.24,0.33,0.24,0.24,0.33],
[0.33,0.33,0.29,0.29,0.24,0.33,0.24,0.24,0.33],
[0.5,0.5,0.43,0.43,0.36,0.5,0.36,0.36,0.5],
[0.5,0.5,0.43,0.43,0.36,0.5,0.36,0.36,0.5],
[0.5,0.5,0.43,0.43,0.36,0.5,0.36,0.36,0.5],
[0.5,0.5,0.43,0.43,0.36,0.5,0.36,0.36,0.5],
[0.67,0.67,0.57,0.57,0.48,0.67,0.48,0.48,0.67],
[0.67,0.67,0.57,0.57,0.48,0.67,0.48,0.48,0.67],
[0.67,0.67,0.57,0.57,0.48,0.67,0.48,0.48,0.67],
[0.83,0.83,0.71,0.71,0.6,0.83,0.6,0.6,0.83],
[0.83,0.83,0.71,0.71,0.6,0.83,0.6,0.6,0.83],
[1,1,0.86,0.86,0.71,1,0.71,0.71,1],
[0.33,0.33,0.29,0.29,0.24,0.33,0.24,0.24,0.33],
[0.33,0.33,0.29,0.29,0.24,0.33,0.24,0.24,0.33],
[0.33,0.33,0.29,0.29,0.24,0.33,0.24,0.24,0.33],
[0.33,0.33,0.29,0.29,0.24,0.33,0.24,0.24,0.33],
[0.33,0.33,0.29,0.29,0.24,0.33,0.24,0.24,0.33],
[0.33,0.33,0.29,0.29,0.24,0.33,0.24,0.24,0.33],
[0.67,0.67,0.57,0.57,0.48,0.67,0.48,0.48,0.67],
[0.67,0.67,0.57,0.57,0.48,0.67,0.48,0.48,0.67],
[0.67,0.67,0.57,0.57,0.48,0.67,0.48,0.48,0.67],
[0.67,0.67,0.57,0.57,0.48,0.67,0.48,0.48,0.67],
[0.67,0.67,0.57,0.57,0.48,0.67,0.48,0.48,0.67],
[1,1,0.86,0.86,0.71,1,0.71,0.71,1],
[1,1,0.86,0.86,0.71,1,0.71,0.71,1],
[1,1,0.86,0.86,0.71,1,0.71,0.71,1],
[1,1,0.86,0.86,0.71,1,0.71,0.71,1],
[1.33,1.33,1.14,1.14,0.95,1.33,0.95,0.95,1.33],
[1.33,1.33,1.14,1.14,0.95,1.33,0.95,0.95,1.33],
[1.33,1.33,1.14,1.14,0.95,1.33,0.95,0.95,1.33],
[1.67,1.67,1.43,1.43,1.19,1.67,1.19,1.19,1.67],
[1.67,1.67,1.43,1.43,1.19,1.67,1.19,1.19,1.67],
[2,2,1.71,1.71,1.43,2,1.43,1.43,2],
[0.33,0.33,0.29,0.29,0.24,0.33,0.24,0.24,0.33],
[0.33,0.33,0.29,0.29,0.24,0.33,0.24,0.24,0.33],
[0.33,0.33,0.29,0.29,0.24,0.33,0.24,0.24,0.33],
[0.33,0.33,0.29,0.29,0.24,0.33,0.24,0.24,0.33],
[0.33,0.33,0.29,0.29,0.24,0.33,0.24,0.24,0.33],
[0.33,0.33,0.29,0.29,0.24,0.33,0.24,0.24,0.33],
[0.67,0.67,0.57,0.57,0.48,0.67,0.48,0.48,0.67],
[0.67,0.67,0.57,0.57,0.48,0.67,0.48,0.48,0.67],
[0.67,0.67,0.57,0.57,0.48,0.67,0.48,0.48,0.67],
[0.67,0.67,0.57,0.57,0.48,0.67,0.48,0.48,0.67],
[0.67,0.67,0.57,0.57,0.48,0.67,0.48,0.48,0.67],
[1,1,0.86,0.86,0.71,1,0.71,0.71,1],
[1,1,0.86,0.86,0.71,1,0.71,0.71,1],
[1,1,0.86,0.86,0.71,1,0.71,0.71,1],
[1,1,0.86,0.86,0.71,1,0.71,0.71,1],
[1.33,1.33,1.14,1.14,0.95,1.33,0.95,0.95,1.33],
[1.33,1.33,1.14,1.14,0.95,1.33,0.95,0.95,1.33],
[1.33,1.33,1.14,1.14,0.95,1.33,0.95,0.95,1.33],
[1.67,1.67,1.43,1.43,1.19,1.67,1.19,1.19,1.67],
[1.67,1.67,1.43,1.43,1.19,1.67,1.19,1.19,1.67],
[2,2,1.71,1.71,1.43,2,1.43,1.43,2],
[0.33,0.33,0.29,0.29,0.24,0.33,0.24,0.24,0.33],
[0.33,0.33,0.29,0.29,0.24,0.33,0.24,0.24,0.33],
[0.33,0.33,0.29,0.29,0.24,0.33,0.24,0.24,0.33],
[0.33,0.33,0.29,0.29,0.24,0.33,0.24,0.24,0.33],
[0.33,0.33,0.29,0.29,0.24,0.33,0.24,0.24,0.33],
[0.33,0.33,0.29,0.29,0.24,0.33,0.24,0.24,0.33],
[0.67,0.67,0.57,0.57,0.48,0.67,0.48,0.48,0.67],
[0.67,0.67,0.57,0.57,0.48,0.67,0.48,0.48,0.67],
[0.67,0.67,0.57,0.57,0.48,0.67,0.48,0.48,0.67],
[0.67,0.67,0.57,0.57,0.48,0.67,0.48,0.48,0.67],
[0.67,0.67,0.57,0.57,0.48,0.67,0.48,0.48,0.67],
[1,1,0.86,0.86,0.71,1,0.71,0.71,1],
[1,1,0.86,0.86,0.71,1,0.71,0.71,1],
[1,1,0.86,0.86,0.71,1,0.71,0.71,1],
[1,1,0.86,0.86,0.71,1,0.71,0.71,1],
[1.33,1.33,1.14,1.14,0.95,1.33,0.95,0.95,1.33],
[1.33,1.33,1.14,1.14,0.95,1.33,0.95,0.95,1.33],
[1.33,1.33,1.14,1.14,0.95,1.33,0.95,0.95,1.33],
[1.67,1.67,1.43,1.43,1.19,1.67,1.19,1.19,1.67],
[1.67,1.67,1.43,1.43,1.19,1.67,1.19,1.19,1.67],
[2,2,1.71,1.71,1.43,2,1.43,1.43,2],
[0.33,0.33,0.29,0.29,0.24,0.33,0.24,0.24,0.33],
[0.33,0.33,0.29,0.29,0.24,0.33,0.24,0.24,0.33],
[0.33,0.33,0.29,0.29,0.24,0.33,0.24,0.24,0.33],
[0.33,0.33,0.29,0.29,0.24,0.33,0.24,0.24,0.33],
[0.33,0.33,0.29,0.29,0.24,0.33,0.24,0.24,0.33],
[0.33,0.33,0.29,0.29,0.24,0.33,0.24,0.24,0.33],
[0.67,0.67,0.57,0.57,0.48,0.67,0.48,0.48,0.67],
[0.67,0.67,0.57,0.57,0.48,0.67,0.48,0.48,0.67],
[0.67,0.67,0.57,0.57,0.48,0.67,0.48,0.48,0.67],
[0.67,0.67,0.57,0.57,0.48,0.67,0.48,0.48,0.67],
[0.67,0.67,0.57,0.57,0.48,0.67,0.48,0.48,0.67],
[1,1,0.86,0.86,0.71,1,0.71,0.71,1],
[1,1,0.86,0.86,0.71,1,0.71,0.71,1],
[1,1,0.86,0.86,0.71,1,0.71,0.71,1],
[1,1,0.86,0.86,0.71,1,0.71,0.71,1],
[1.33,1.33,1.14,1.14,0.95,1.33,0.95,0.95,1.33],
[1.33,1.33,1.14,1.14,0.95,1.33,0.95,0.95,1.33],
[1.33,1.33,1.14,1.14,0.95,1.33,0.95,0.95,1.33],
[1.67,1.67,1.43,1.43,1.19,1.67,1.19,1.19,1.67],
[1.67,1.67,1.43,1.43,1.19,1.67,1.19,1.19,1.67],
[2,2,1.71,1.71,1.43,2,1.43,1.43,2],
[0.33,0.33,0.29,0.29,0.24,0.33,0.24,0.24,0.33],
[0.33,0.33,0.29,0.29,0.24,0.33,0.24,0.24,0.33],
[0.33,0.33,0.29,0.29,0.24,0.33,0.24,0.24,0.33],
[0.33,0.33,0.29,0.29,0.24,0.33,0.24,0.24,0.33],
[0.33,0.33,0.29,0.29,0.24,0.33,0.24,0.24,0.33],
[0.33,0.33,0.29,0.29,0.24,0.33,0.24,0.24,0.33],
[0.67,0.67,0.57,0.57,0.48,0.67,0.48,0.48,0.67],
[0.67,0.67,0.57,0.57,0.48,0.67,0.48,0.48,0.67],
[0.67,0.67,0.57,0.57,0.48,0.67,0.48,0.48,0.67],
[0.67,0.67,0.57,0.57,0.48,0.67,0.48,0.48,0.67],
[0.67,0.67,0.57,0.57,0.48,0.67,0.48,0.48,0.67],
[1,1,0.86,0.86,0.71,1,0.71,0.71,1],
[1,1,0.86,0.86,0.71,1,0.71,0.71,1],
[1,1,0.86,0.86,0.71,1,0.71,0.71,1],
[1,1,0.86,0.86,0.71,1,0.71,0.71,1],
[1.33,1.33,1.14,1.14,0.95,1.33,0.95,0.95,1.33],
[1.33,1.33,1.14,1.14,0.95,1.33,0.95,0.95,1.33],
[1.33,1.33,1.14,1.14,0.95,1.33,0.95,0.95,1.33],
[1.67,1.67,1.43,1.43,1.19,1.67,1.19,1.19,1.67],
[1.67,1.67,1.43,1.43,1.19,1.67,1.19,1.19,1.67],
[2,2,1.71,1.71,1.43,2,1.43,1.43,2],
[0.33,0.33,0.29,0.29,0.24,0.33,0.24,0.24,0.33],
[0.33,0.33,0.29,0.29,0.24,0.33,0.24,0.24,0.33],
[0.33,0.33,0.29,0.29,0.24,0.33,0.24,0.24,0.33],
[0.33,0.33,0.29,0.29,0.24,0.33,0.24,0.24,0.33],
[0.33,0.33,0.29,0.29,0.24,0.33,0.24,0.24,0.33],
[0.33,0.33,0.29,0.29,0.24,0.33,0.24,0.24,0.33],
[0.67,0.67,0.57,0.57,0.48,0.67,0.48,0.48,0.67],
[0.67,0.67,0.57,0.57,0.48,0.67,0.48,0.48,0.67],
[0.67,0.67,0.57,0.57,0.48,0.67,0.48,0.48,0.67],
[0.67,0.67,0.57,0.57,0.48,0.67,0.48,0.48,0.67],
[0.67,0.67,0.57,0.57,0.48,0.67,0.48,0.48,0.67],
[1,1,0.86,0.86,0.71,1,0.71,0.71,1],
[1,1,0.86,0.86,0.71,1,0.71,0.71,1],
[1,1,0.86,0.86,0.71,1,0.71,0.71,1],
[1,1,0.86,0.86,0.71,1,0.71,0.71,1],
[1.33,1.33,1.14,1.14,0.95,1.33,0.95,0.95,1.33],
[1.33,1.33,1.14,1.14,0.95,1.33,0.95,0.95,1.33],
[1.33,1.33,1.14,1.14,0.95,1.33,0.95,0.95,1.33],
[1.67,1.67,1.43,1.43,1.19,1.67,1.19,1.19,1.67],
[1.67,1.67,1.43,1.43,1.19,1.67,1.19,1.19,1.67],
[2,2,1.71,1.71,1.43,2,1.43,1.43,2],
[0.5,0.5,0.43,0.43,0.36,0.5,0.36,0.36,0.5],
[0.5,0.5,0.43,0.43,0.36,0.5,0.36,0.36,0.5],
[0.5,0.5,0.43,0.43,0.36,0.5,0.36,0.36,0.5],
[0.5,0.5,0.43,0.43,0.36,0.5,0.36,0.36,0.5],
[0.5,0.5,0.43,0.43,0.36,0.5,0.36,0.36,0.5],
[0.5,0.5,0.43,0.43,0.36,0.5,0.36,0.36,0.5],
[1,1,0.86,0.86,0.71,1,0.71,0.71,1],
[1,1,0.86,0.86,0.71,1,0.71,0.71,1],
[1,1,0.86,0.86,0.71,1,0.71,0.71,1],
[1,1,0.86,0.86,0.71,1,0.71,0.71,1],
[1,1,0.86,0.86,0.71,1,0.71,0.71,1],
[1.5,1.5,1.29,1.29,1.07,1.5,1.07,1.07,1.5],
[1.5,1.5,1.29,1.29,1.07,1.5,1.07,1.07,1.5],
[1.5,1.5,1.29,1.29,1.07,1.5,1.07,1.07,1.5],
[1.5,1.5,1.29,1.29,1.07,1.5,1.07,1.07,1.5],
[2,2,1.71,1.71,1.43,2,1.43,1.43,2],
[2,2,1.71,1.71,1.43,2,1.43,1.43,2],
[2,2,1.71,1.71,1.43,2,1.43,1.43,2],
[2.5,2.5,2.14,2.14,1.79,2.5,1.79,1.79,2.5],
[2.5,2.5,2.14,2.14,1.79,2.5,1.79,1.79,2.5],
[3,3,2.57,2.57,2.14,3,2.14,2.14,3],
[0.5,0.5,0.43,0.43,0.36,0.5,0.36,0.36,0.5],
[0.5,0.5,0.43,0.43,0.36,0.5,0.36,0.36,0.5],
[0.5,0.5,0.43,0.43,0.36,0.5,0.36,0.36,0.5],
[0.5,0.5,0.43,0.43,0.36,0.5,0.36,0.36,0.5],
[0.5,0.5,0.43,0.43,0.36,0.5,0.36,0.36,0.5],
[0.5,0.5,0.43,0.43,0.36,0.5,0.36,0.36,0.5],
[1,1,0.86,0.86,0.71,1,0.71,0.71,1],
[1,1,0.86,0.86,0.71,1,0.71,0.71,1],
[1,1,0.86,0.86,0.71,1,0.71,0.71,1],
[1,1,0.86,0.86,0.71,1,0.71,0.71,1],
[1,1,0.86,0.86,0.71,1,0.71,0.71,1],
[1.5,1.5,1.29,1.29,1.07,1.5,1.07,1.07,1.5],
[1.5,1.5,1.29,1.29,1.07,1.5,1.07,1.07,1.5],
[1.5,1.5,1.29,1.29,1.07,1.5,1.07,1.07,1.5],
[1.5,1.5,1.29,1.29,1.07,1.5,1.07,1.07,1.5],
[2,2,1.71,1.71,1.43,2,1.43,1.43,2],
[2,2,1.71,1.71,1.43,2,1.43,1.43,2],
[2,2,1.71,1.71,1.43,2,1.43,1.43,2],
[2.5,2.5,2.14,2.14,1.79,2.5,1.79,1.79,2.5],
[2.5,2.5,2.14,2.14,1.79,2.5,1.79,1.79,2.5],
[3,3,2.57,2.57,2.14,3,2.14,2.14,3],
[0.5,0.5,0.43,0.43,0.36,0.5,0.36,0.36,0.5],
[0.5,0.5,0.43,0.43,0.36,0.5,0.36,0.36,0.5],
[0.5,0.5,0.43,0.43,0.36,0.5,0.36,0.36,0.5],
[0.5,0.5,0.43,0.43,0.36,0.5,0.36,0.36,0.5],
[0.5,0.5,0.43,0.43,0.36,0.5,0.36,0.36,0.5],
[0.5,0.5,0.43,0.43,0.36,0.5,0.36,0.36,0.5],
[1,1,0.86,0.86,0.71,1,0.71,0.71,1],
[1,1,0.86,0.86,0.71,1,0.71,0.71,1],
[1,1,0.86,0.86,0.71,1,0.71,0.71,1],
[1,1,0.86,0.86,0.71,1,0.71,0.71,1],
[1,1,0.86,0.86,0.71,1,0.71,0.71,1],
[1.5,1.5,1.29,1.29,1.07,1.5,1.07,1.07,1.5],
[1.5,1.5,1.29,1.29,1.07,1.5,1.07,1.07,1.5],
[1.5,1.5,1.29,1.29,1.07,1.5,1.07,1.07,1.5],
[1.5,1.5,1.29,1.29,1.07,1.5,1.07,1.07,1.5],
[2,2,1.71,1.71,1.43,2,1.43,1.43,2],
[2,2,1.71,1.71,1.43,2,1.43,1.43,2],
[2,2,1.71,1.71,1.43,2,1.43,1.43,2],
[2.5,2.5,2.14,2.14,1.79,2.5,1.79,1.79,2.5],
[2.5,2.5,2.14,2.14,1.79,2.5,1.79,1.79,2.5],
[3,3,2.57,2.57,2.14,3,2.14,2.14,3],
[0.5,0.5,0.43,0.43,0.36,0.5,0.36,0.36,0.5],
[0.5,0.5,0.43,0.43,0.36,0.5,0.36,0.36,0.5],
[0.5,0.5,0.43,0.43,0.36,0.5,0.36,0.36,0.5],
[0.5,0.5,0.43,0.43,0.36,0.5,0.36,0.36,0.5],
[0.5,0.5,0.43,0.43,0.36,0.5,0.36,0.36,0.5],
[0.5,0.5,0.43,0.43,0.36,0.5,0.36,0.36,0.5],
[1,1,0.86,0.86,0.71,1,0.71,0.71,1],
[1,1,0.86,0.86,0.71,1,0.71,0.71,1],
[1,1,0.86,0.86,0.71,1,0.71,0.71,1],
[1,1,0.86,0.86,0.71,1,0.71,0.71,1],
[1,1,0.86,0.86,0.71,1,0.71,0.71,1],
[1.5,1.5,1.29,1.29,1.07,1.5,1.07,1.07,1.5],
[1.5,1.5,1.29,1.29,1.07,1.5,1.07,1.07,1.5],
[1.5,1.5,1.29,1.29,1.07,1.5,1.07,1.07,1.5],
[1.5,1.5,1.29,1.29,1.07,1.5,1.07,1.07,1.5],
[2,2,1.71,1.71,1.43,2,1.43,1.43,2],
[2,2,1.71,1.71,1.43,2,1.43,1.43,2],
[2,2,1.71,1.71,1.43,2,1.43,1.43,2],
[2.5,2.5,2.14,2.14,1.79,2.5,1.79,1.79,2.5],
[2.5,2.5,2.14,2.14,1.79,2.5,1.79,1.79,2.5],
[3,3,2.57,2.57,2.14,3,2.14,2.14,3],
[0.5,0.5,0.43,0.43,0.36,0.5,0.36,0.36,0.5],
[0.5,0.5,0.43,0.43,0.36,0.5,0.36,0.36,0.5],
[0.5,0.5,0.43,0.43,0.36,0.5,0.36,0.36,0.5],
[0.5,0.5,0.43,0.43,0.36,0.5,0.36,0.36,0.5],
[0.5,0.5,0.43,0.43,0.36,0.5,0.36,0.36,0.5],
[0.5,0.5,0.43,0.43,0.36,0.5,0.36,0.36,0.5],
[1,1,0.86,0.86,0.71,1,0.71,0.71,1],
[1,1,0.86,0.86,0.71,1,0.71,0.71,1],
[1,1,0.86,0.86,0.71,1,0.71,0.71,1],
[1,1,0.86,0.86,0.71,1,0.71,0.71,1],
[1,1,0.86,0.86,0.71,1,0.71,0.71,1],
[1.5,1.5,1.29,1.29,1.07,1.5,1.07,1.07,1.5],
[1.5,1.5,1.29,1.29,1.07,1.5,1.07,1.07,1.5],
[1.5,1.5,1.29,1.29,1.07,1.5,1.07,1.07,1.5],
[1.5,1.5,1.29,1.29,1.07,1.5,1.07,1.07,1.5],
[2,2,1.71,1.71,1.43,2,1.43,1.43,2],
[2,2,1.71,1.71,1.43,2,1.43,1.43,2],
[2,2,1.71,1.71,1.43,2,1.43,1.43,2],
[2.5,2.5,2.14,2.14,1.79,2.5,1.79,1.79,2.5],
[2.5,2.5,2.14,2.14,1.79,2.5,1.79,1.79,2.5],
[3,3,2.57,2.57,2.14,3,2.14,2.14,3],
[0.67,0.67,0.57,0.57,0.48,0.67,0.48,0.48,0.67],
[0.67,0.67,0.57,0.57,0.48,0.67,0.48,0.48,0.67],
[0.67,0.67,0.57,0.57,0.48,0.67,0.48,0.48,0.67],
[0.67,0.67,0.57,0.57,0.48,0.67,0.48,0.48,0.67],
[0.67,0.67,0.57,0.57,0.48,0.67,0.48,0.48,0.67],
[0.67,0.67,0.57,0.57,0.48,0.67,0.48,0.48,0.67],
[1.33,1.33,1.14,1.14,0.95,1.33,0.95,0.95,1.33],
[1.33,1.33,1.14,1.14,0.95,1.33,0.95,0.95,1.33],
[1.33,1.33,1.14,1.14,0.95,1.33,0.95,0.95,1.33],
[1.33,1.33,1.14,1.14,0.95,1.33,0.95,0.95,1.33],
[1.33,1.33,1.14,1.14,0.95,1.33,0.95,0.95,1.33],
[2,2,1.71,1.71,1.43,2,1.43,1.43,2],
[2,2,1.71,1.71,1.43,2,1.43,1.43,2],
[2,2,1.71,1.71,1.43,2,1.43,1.43,2],
[2,2,1.71,1.71,1.43,2,1.43,1.43,2],
[2.67,2.67,2.29,2.29,1.9,2.67,1.9,1.9,2.67],
[2.67,2.67,2.29,2.29,1.9,2.67,1.9,1.9,2.67],
[2.67,2.67,2.29,2.29,1.9,2.67,1.9,1.9,2.67],
[3.33,3.33,2.86,2.86,2.38,3.33,2.38,2.38,3.33],
[3.33,3.33,2.86,2.86,2.38,3.33,2.38,2.38,3.33],
[4,4,3.43,3.43,2.86,4,2.86,2.86,4],
[0.67,0.67,0.57,0.57,0.48,0.67,0.48,0.48,0.67],
[0.67,0.67,0.57,0.57,0.48,0.67,0.48,0.48,0.67],
[0.67,0.67,0.57,0.57,0.48,0.67,0.48,0.48,0.67],
[0.67,0.67,0.57,0.57,0.48,0.67,0.48,0.48,0.67],
[0.67,0.67,0.57,0.57,0.48,0.67,0.48,0.48,0.67],
[0.67,0.67,0.57,0.57,0.48,0.67,0.48,0.48,0.67],
[1.33,1.33,1.14,1.14,0.95,1.33,0.95,0.95,1.33],
[1.33,1.33,1.14,1.14,0.95,1.33,0.95,0.95,1.33],
[1.33,1.33,1.14,1.14,0.95,1.33,0.95,0.95,1.33],
[1.33,1.33,1.14,1.14,0.95,1.33,0.95,0.95,1.33],
[1.33,1.33,1.14,1.14,0.95,1.33,0.95,0.95,1.33],
[2,2,1.71,1.71,1.43,2,1.43,1.43,2],
[2,2,1.71,1.71,1.43,2,1.43,1.43,2],
[2,2,1.71,1.71,1.43,2,1.43,1.43,2],
[2,2,1.71,1.71,1.43,2,1.43,1.43,2],
[2.67,2.67,2.29,2.29,1.9,2.67,1.9,1.9,2.67],
[2.67,2.67,2.29,2.29,1.9,2.67,1.9,1.9,2.67],
[2.67,2.67,2.29,2.29,1.9,2.67,1.9,1.9,2.67],
[3.33,3.33,2.86,2.86,2.38,3.33,2.38,2.38,3.33],
[3.33,3.33,2.86,2.86,2.38,3.33,2.38,2.38,3.33],
[4,4,3.43,3.43,2.86,4,2.86,2.86,4],
[0.67,0.67,0.57,0.57,0.48,0.67,0.48,0.48,0.67],
[0.67,0.67,0.57,0.57,0.48,0.67,0.48,0.48,0.67],
[0.67,0.67,0.57,0.57,0.48,0.67,0.48,0.48,0.67],
[0.67,0.67,0.57,0.57,0.48,0.67,0.48,0.48,0.67],
[0.67,0.67,0.57,0.57,0.48,0.67,0.48,0.48,0.67],
[0.67,0.67,0.57,0.57,0.48,0.67,0.48,0.48,0.67],
[1.33,1.33,1.14,1.14,0.95,1.33,0.95,0.95,1.33],
[1.33,1.33,1.14,1.14,0.95,1.33,0.95,0.95,1.33],
[1.33,1.33,1.14,1.14,0.95,1.33,0.95,0.95,1.33],
[1.33,1.33,1.14,1.14,0.95,1.33,0.95,0.95,1.33],
[1.33,1.33,1.14,1.14,0.95,1.33,0.95,0.95,1.33],
[2,2,1.71,1.71,1.43,2,1.43,1.43,2],
[2,2,1.71,1.71,1.43,2,1.43,1.43,2],
[2,2,1.71,1.71,1.43,2,1.43,1.43,2],
[2,2,1.71,1.71,1.43,2,1.43,1.43,2],
[2.67,2.67,2.29,2.29,1.9,2.67,1.9,1.9,2.67],
[2.67,2.67,2.29,2.29,1.9,2.67,1.9,1.9,2.67],
[2.67,2.67,2.29,2.29,1.9,2.67,1.9,1.9,2.67],
[3.33,3.33,2.86,2.86,2.38,3.33,2.38,2.38,3.33],
[3.33,3.33,2.86,2.86,2.38,3.33,2.38,2.38,3.33],
[4,4,3.43,3.43,2.86,4,2.86,2.86,4],
[0.67,0.67,0.57,0.57,0.48,0.67,0.48,0.48,0.67],
[0.67,0.67,0.57,0.57,0.48,0.67,0.48,0.48,0.67],
[0.67,0.67,0.57,0.57,0.48,0.67,0.48,0.48,0.67],
[0.67,0.67,0.57,0.57,0.48,0.67,0.48,0.48,0.67],
[0.67,0.67,0.57,0.57,0.48,0.67,0.48,0.48,0.67],
[0.67,0.67,0.57,0.57,0.48,0.67,0.48,0.48,0.67],
[1.33,1.33,1.14,1.14,0.95,1.33,0.95,0.95,1.33],
[1.33,1.33,1.14,1.14,0.95,1.33,0.95,0.95,1.33],
[1.33,1.33,1.14,1.14,0.95,1.33,0.95,0.95,1.33],
[1.33,1.33,1.14,1.14,0.95,1.33,0.95,0.95,1.33],
[1.33,1.33,1.14,1.14,0.95,1.33,0.95,0.95,1.33],
[2,2,1.71,1.71,1.43,2,1.43,1.43,2],
[2,2,1.71,1.71,1.43,2,1.43,1.43,2],
[2,2,1.71,1.71,1.43,2,1.43,1.43,2],
[2,2,1.71,1.71,1.43,2,1.43,1.43,2],
[2.67,2.67,2.29,2.29,1.9,2.67,1.9,1.9,2.67],
[2.67,2.67,2.29,2.29,1.9,2.67,1.9,1.9,2.67],
[2.67,2.67,2.29,2.29,1.9,2.67,1.9,1.9,2.67],
[3.33,3.33,2.86,2.86,2.38,3.33,2.38,2.38,3.33],
[3.33,3.33,2.86,2.86,2.38,3.33,2.38,2.38,3.33],
[4,4,3.43,3.43,2.86,4,2.86,2.86,4],
[0.83,0.83,0.71,0.71,0.6,0.83,0.6,0.6,0.83],
[0.83,0.83,0.71,0.71,0.6,0.83,0.6,0.6,0.83],
[0.83,0.83,0.71,0.71,0.6,0.83,0.6,0.6,0.83],
[0.83,0.83,0.71,0.71,0.6,0.83,0.6,0.6,0.83],
[0.83,0.83,0.71,0.71,0.6,0.83,0.6,0.6,0.83],
[0.83,0.83,0.71,0.71,0.6,0.83,0.6,0.6,0.83],
[1.67,1.67,1.43,1.43,1.19,1.67,1.19,1.19,1.67],
[1.67,1.67,1.43,1.43,1.19,1.67,1.19,1.19,1.67],
[1.67,1.67,1.43,1.43,1.19,1.67,1.19,1.19,1.67],
[1.67,1.67,1.43,1.43,1.19,1.67,1.19,1.19,1.67],
[1.67,1.67,1.43,1.43,1.19,1.67,1.19,1.19,1.67],
[2.5,2.5,2.14,2.14,1.79,2.5,1.79,1.79,2.5],
[2.5,2.5,2.14,2.14,1.79,2.5,1.79,1.79,2.5],
[2.5,2.5,2.14,2.14,1.79,2.5,1.79,1.79,2.5],
[2.5,2.5,2.14,2.14,1.79,2.5,1.79,1.79,2.5],
[3.33,3.33,2.86,2.86,2.38,3.33,2.38,2.38,3.33],
[3.33,3.33,2.86,2.86,2.38,3.33,2.38,2.38,3.33],
[3.33,3.33,2.86,2.86,2.38,3.33,2.38,2.38,3.33],
[4.17,4.17,3.57,3.57,2.98,4.17,2.98,2.98,4.17],
[4.17,4.17,3.57,3.57,2.98,4.17,2.98,2.98,4.17],
[5,5,4.29,4.29,3.57,5,3.57,3.57,5],
[0.83,0.83,0.71,0.71,0.6,0.83,0.6,0.6,0.83],
[0.83,0.83,0.71,0.71,0.6,0.83,0.6,0.6,0.83],
[0.83,0.83,0.71,0.71,0.6,0.83,0.6,0.6,0.83],
[0.83,0.83,0.71,0.71,0.6,0.83,0.6,0.6,0.83],
[0.83,0.83,0.71,0.71,0.6,0.83,0.6,0.6,0.83],
[0.83,0.83,0.71,0.71,0.6,0.83,0.6,0.6,0.83],
[1.67,1.67,1.43,1.43,1.19,1.67,1.19,1.19,1.67],
[1.67,1.67,1.43,1.43,1.19,1.67,1.19,1.19,1.67],
[1.67,1.67,1.43,1.43,1.19,1.67,1.19,1.19,1.67],
[1.67,1.67,1.43,1.43,1.19,1.67,1.19,1.19,1.67],
[1.67,1.67,1.43,1.43,1.19,1.67,1.19,1.19,1.67],
[2.5,2.5,2.14,2.14,1.79,2.5,1.79,1.79,2.5],
[2.5,2.5,2.14,2.14,1.79,2.5,1.79,1.79,2.5],
[2.5,2.5,2.14,2.14,1.79,2.5,1.79,1.79,2.5],
[2.5,2.5,2.14,2.14,1.79,2.5,1.79,1.79,2.5],
[3.33,3.33,2.86,2.86,2.38,3.33,2.38,2.38,3.33],
[3.33,3.33,2.86,2.86,2.38,3.33,2.38,2.38,3.33],
[3.33,3.33,2.86,2.86,2.38,3.33,2.38,2.38,3.33],
[4.17,4.17,3.57,3.57,2.98,4.17,2.98,2.98,4.17],
[4.17,4.17,3.57,3.57,2.98,4.17,2.98,2.98,4.17],
[5,5,4.29,4.29,3.57,5,3.57,3.57,5],
[0.83,0.83,0.71,0.71,0.6,0.83,0.6,0.6,0.83],
[0.83,0.83,0.71,0.71,0.6,0.83,0.6,0.6,0.83],
[0.83,0.83,0.71,0.71,0.6,0.83,0.6,0.6,0.83],
[0.83,0.83,0.71,0.71,0.6,0.83,0.6,0.6,0.83],
[0.83,0.83,0.71,0.71,0.6,0.83,0.6,0.6,0.83],
[0.83,0.83,0.71,0.71,0.6,0.83,0.6,0.6,0.83],
[1.67,1.67,1.43,1.43,1.19,1.67,1.19,1.19,1.67],
[1.67,1.67,1.43,1.43,1.19,1.67,1.19,1.19,1.67],
[1.67,1.67,1.43,1.43,1.19,1.67,1.19,1.19,1.67],
[1.67,1.67,1.43,1.43,1.19,1.67,1.19,1.19,1.67],
[1.67,1.67,1.43,1.43,1.19,1.67,1.19,1.19,1.67],
[2.5,2.5,2.14,2.14,1.79,2.5,1.79,1.79,2.5],
[2.5,2.5,2.14,2.14,1.79,2.5,1.79,1.79,2.5],
[2.5,2.5,2.14,2.14,1.79,2.5,1.79,1.79,2.5],
[2.5,2.5,2.14,2.14,1.79,2.5,1.79,1.79,2.5],
[3.33,3.33,2.86,2.86,2.38,3.33,2.38,2.38,3.33],
[3.33,3.33,2.86,2.86,2.38,3.33,2.38,2.38,3.33],
[3.33,3.33,2.86,2.86,2.38,3.33,2.38,2.38,3.33],
[4.17,4.17,3.57,3.57,2.98,4.17,2.98,2.98,4.17],
[4.17,4.17,3.57,3.57,2.98,4.17,2.98,2.98,4.17],
[5,5,4.29,4.29,3.57,5,3.57,3.57,5],
[1,1,0.86,0.86,0.71,1,0.71,0.71,1],
[1,1,0.86,0.86,0.71,1,0.71,0.71,1],
[1,1,0.86,0.86,0.71,1,0.71,0.71,1],
[1,1,0.86,0.86,0.71,1,0.71,0.71,1],
[1,1,0.86,0.86,0.71,1,0.71,0.71,1],
[1,1,0.86,0.86,0.71,1,0.71,0.71,1],
[2,2,1.71,1.71,1.43,2,1.43,1.43,2],
[2,2,1.71,1.71,1.43,2,1.43,1.43,2],
[2,2,1.71,1.71,1.43,2,1.43,1.43,2],
[2,2,1.71,1.71,1.43,2,1.43,1.43,2],
[2,2,1.71,1.71,1.43,2,1.43,1.43,2],
[3,3,2.57,2.57,2.14,3,2.14,2.14,3],
[3,3,2.57,2.57,2.14,3,2.14,2.14,3],
[3,3,2.57,2.57,2.14,3,2.14,2.14,3],
[3,3,2.57,2.57,2.14,3,2.14,2.14,3],
[4,4,3.43,3.43,2.86,4,2.86,2.86,4],
[4,4,3.43,3.43,2.86,4,2.86,2.86,4],
[4,4,3.43,3.43,2.86,4,2.86,2.86,4],
[5,5,4.29,4.29,3.57,5,3.57,3.57,5],
[5,5,4.29,4.29,3.57,5,3.57,3.57,5],
[6,6,5.14,5.14,4.29,6,4.29,4.29,6],
[1,1,0.86,0.86,0.71,1,0.71,0.71,1],
[1,1,0.86,0.86,0.71,1,0.71,0.71,1],
[1,1,0.86,0.86,0.71,1,0.71,0.71,1],
[1,1,0.86,0.86,0.71,1,0.71,0.71,1],
[1,1,0.86,0.86,0.71,1,0.71,0.71,1],
[1,1,0.86,0.86,0.71,1,0.71,0.71,1],
[2,2,1.71,1.71,1.43,2,1.43,1.43,2],
[2,2,1.71,1.71,1.43,2,1.43,1.43,2],
[2,2,1.71,1.71,1.43,2,1.43,1.43,2],
[2,2,1.71,1.71,1.43,2,1.43,1.43,2],
[2,2,1.71,1.71,1.43,2,1.43,1.43,2],
[3,3,2.57,2.57,2.14,3,2.14,2.14,3],
[3,3,2.57,2.57,2.14,3,2.14,2.14,3],
[3,3,2.57,2.57,2.14,3,2.14,2.14,3],
[3,3,2.57,2.57,2.14,3,2.14,2.14,3],
[4,4,3.43,3.43,2.86,4,2.86,2.86,4],
[4,4,3.43,3.43,2.86,4,2.86,2.86,4],
[4,4,3.43,3.43,2.86,4,2.86,2.86,4],
[5,5,4.29,4.29,3.57,5,3.57,3.57,5],
[5,5,4.29,4.29,3.57,5,3.57,3.57,5],
[6,6,5.14,5.14,4.29,6,4.29,4.29,6],
[1.17,1.17,1,1,0.83,1.17,0.83,0.83,1.17],
[1.17,1.17,1,1,0.83,1.17,0.83,0.83,1.17],
[1.17,1.17,1,1,0.83,1.17,0.83,0.83,1.17],
[1.17,1.17,1,1,0.83,1.17,0.83,0.83,1.17],
[1.17,1.17,1,1,0.83,1.17,0.83,0.83,1.17],
[1.17,1.17,1,1,0.83,1.17,0.83,0.83,1.17],
[2.33,2.33,2,2,1.67,2.33,1.67,1.67,2.33],
[2.33,2.33,2,2,1.67,2.33,1.67,1.67,2.33],
[2.33,2.33,2,2,1.67,2.33,1.67,1.67,2.33],
[2.33,2.33,2,2,1.67,2.33,1.67,1.67,2.33],
[2.33,2.33,2,2,1.67,2.33,1.67,1.67,2.33],
[3.5,3.5,3,3,2.5,3.5,2.5,2.5,3.5],
[3.5,3.5,3,3,2.5,3.5,2.5,2.5,3.5],
[3.5,3.5,3,3,2.5,3.5,2.5,2.5,3.5],
[3.5,3.5,3,3,2.5,3.5,2.5,2.5,3.5],
[4.67,4.67,4,4,3.33,4.67,3.33,3.33,4.67],
[4.67,4.67,4,4,3.33,4.67,3.33,3.33,4.67],
[4.67,4.67,4,4,3.33,4.67,3.33,3.33,4.67],
[5.83,5.83,5,5,4.17,5.83,4.17,4.17,5.83],
[5.83,5.83,5,5,4.17,5.83,4.17,4.17,5.83],
[7,7,6,6,5,7,5,5,7]]
[1,1,1,1,1,1,2,2,2,2,2,3,3,3,3,4,4,4,5,5,6,1,1,1,1,1,1,2,2,2,2,2,3,3,3,3,4,4,4,5,5,6,1,1,1,1,1,1,2,2,2,2,2,3,3,3,3,4,4,4,5,5,6,1,1,1,1,1,1,2,2,2,2,2,3,3,3,3,4,4,4,5,5,6,1,1,1,1,1,1,2,2,2,2,2,3,3,3,3,4,4,4,5,5,6,1,1,1,1,1,1,2,2,2,2,2,3,3,3,3,4,4,4,5,5,6,1,1,1,1,1,1,2,2,2,2,2,3,3,3,3,4,4,4,5,5,6,2,2,2,2,2,2,4,4,4,4,4,6,6,6,6,8,8,8,10,10,12,2,2,2,2,2,2,4,4,4,4,4,6,6,6,6,8,8,8,10,10,12,2,2,2,2,2,2,4,4,4,4,4,6,6,6,6,8,8,8,10,10,12,2,2,2,2,2,2,4,4,4,4,4,6,6,6,6,8,8,8,10,10,12,2,2,2,2,2,2,4,4,4,4,4,6,6,6,6,8,8,8,10,10,12,2,2,2,2,2,2,4,4,4,4,4,6,6,6,6,8,8,8,10,10,12,3,3,3,3,3,3,6,6,6,6,6,9,9,9,9,12,12,12,15,15,18,3,3,3,3,3,3,6,6,6,6,6,9,9,9,9,12,12,12,15,15,18,3,3,3,3,3,3,6,6,6,6,6,9,9,9,9,12,12,12,15,15,18,3,3,3,3,3,3,6,6,6,6,6,9,9,9,9,12,12,12,15,15,18,3,3,3,3,3,3,6,6,6,6,6,9,9,9,9,12,12,12,15,15,18,4,4,4,4,4,4,8,8,8,8,8,12,12,12,12,16,16,16,20,20,24,4,4,4,4,4,4,8,8,8,8,8,12,12,12,12,16,16,16,20,20,24,4,4,4,4,4,4,8,8,8,8,8,12,12,12,12,16,16,16,20,20,24,4,4,4,4,4,4,8,8,8,8,8,12,12,12,12,16,16,16,20,20,24,5,5,5,5,5,5,10,10,10,10,10,15,15,15,15,20,20,20,25,25,30,5,5,5,5,5,5,10,10,10,10,10,15,15,15,15,20,20,20,25,25,30,5,5,5,5,5,5,10,10,10,10,10,15,15,15,15,20,20,20,25,25,30,6,6,6,6,6,6,12,12,12,12,12,18,18,18,18,24,24,24,30,30,36,6,6,6,6,6,6,12,12,12,12,12,18,18,18,18,24,24,24,30,30,36,7,7,7,7,7,7,14,14,14,14,14,21,21,21,21,28,28,28,35,35,42] 
[7.28,4.72,7.1,7.43,4.25,6.05,5.89,7.26,7.46] 
[0.01,0.02,0.02,0.02,0.01,0.02,0.02,0.01,0.01] 
[7,7,6,6,5,7,5,5,7] 
[2.2,2.02,2.11,2.13,2.05,1.83,1.94,2.06,1.86]