588
42
9
342000
[[0,0,0,0,0,0,0,0,0],
[0,0,0,0,0,0,0,0,0],
[0,0,0,0,0,0,0,0,0],
[0,0,0,0,0,0,0,0,0],
[0,0,0,0,0,0,0,0,0],
[0,0,0,0,0,0,0,0,0],
[12.15,2.74,3,13.06,9.46,0,6.02,16.3,16.76],
[2.14,6.92,2.9,5.41,15.79,0.45,14.31,38.37,16.3],
[0.23,4.47,13.52,8.16,0.06,0.07,11.33,13.26,14.91],
[1.34,0.01,2.88,15.46,0.34,5.92,11.76,0.06,16.76],
[11.57,0,18.36,2.93,0.88,3.86,12.35,0.27,9.81],
[6.13,9.34,5.91,6.71,8.69,0.29,19.74,19.77,11.02],
[2.05,3.89,6.77,13.48,11.2,0.23,8.6,19.38,10.41],
[0.68,3.16,15.09,8.26,0.17,4.41,7.7,8.27,10.57],
[11.24,0.01,9.31,16.74,0.45,9.71,8.04,0.14,9.17],
[4.13,6.24,5.86,9.6,7.53,0.21,13.16,13.55,10.56],
[1.43,2.8,10.92,9.77,7.87,2.99,8.73,12.93,11.05],
[8.51,2.39,11.92,11.22,0.31,9.69,7.89,6.74,8.48],
[3.45,4.68,8.42,8.14,5.91,2.27,14.52,10.22,9.84],
[6.44,2.19,9.22,10.14,6.95,7.88,7.68,9.84,8.67],
[8.51,3.75,7.75,9.38,5.57,6.64,11.82,8.41,8.51],
[0,0,0,0,0,0,0,0,0],
[0,0,0,0,0,0,0,0,0],
[0,0,0,0,0,0,0,0,0],
[0,0,0,0,0,0,0,0,0],
[0,0,0,0,0,0,0,0,0],
[0,0,0,0,0,0,0,0,0],
[4.03,12.6,0.27,10.31,3.65,0.14,4.65,16.25,9.9],
[2.58,0.3,1.08,0.68,4.41,13.94,4.96,36.55,1.05],
[5.54,6.59,2.23,1.98,2.02,36.89,0,0.16,5.99],
[0.82,0.05,18.3,0.05,1.79,2.62,4.68,34.03,11.38],
[0.58,5.45,4.84,3.08,20.16,12.45,9.64,7.53,1.13],
[6.56,7.31,1.27,5.56,2.7,10.32,3.21,18.95,5.15],
[2.89,5.52,3.24,1,2.3,18.77,3.37,22.88,6.36],
[2.82,4.8,9.43,1.55,1.27,19.79,3.06,24.33,6.07],
[0.47,3.32,9.15,2.33,10.63,13.86,14.02,17.04,5.95],
[4.56,6.4,3.63,5.56,2.01,12.87,2.46,15.26,5.6],
[1.94,5.91,6.47,1.05,2.12,13.22,3.22,23.58,5.22],
[2.33,4.09,6.3,3.83,9.14,16.53,12.31,17.04,4.12],
[3.5,5.73,5.24,5.27,1.8,10.03,2.82,18.22,5.51],
[1.75,4.66,4.85,3.11,6.99,12.7,9.3,17.73,3.92],
[2.85,5,4.2,7.37,6.29,10.54,8.56,14.68,4.46],
[0,0,0,0,0,0,0,0,0],
[0,0,0,0,0,0,0,0,0],
[0,0,0,0,0,0,0,0,0],
[0,0,0,0,0,0,0,0,0],
[0,0,0,0,0,0,0,0,0],
[0,0,0,0,0,0,0,0,0],
[1.92,0.98,0.49,0.01,7.57,6.62,0.04,17.46,0.03],
[3.84,0.22,0.34,10.04,3.35,7.68,13.68,8.57,5.92],
[4.21,15.74,0,10.26,0.56,7.22,1.07,8.41,0.09],
[9.64,21.65,10.53,0.71,1.3,0.16,0.38,3.54,5.61],
[0.05,29.88,0.37,4.44,0.06,1.48,0.2,2.38,0.84],
[2.03,0.49,0.28,6.86,10.64,4.78,9.63,9.2,4.25],
[2.68,9.39,0.23,6.77,1.7,4.97,7.28,5.66,4.48],
[4.98,12.62,7.04,9.11,1.81,5.63,0.54,4.33,3.33],
[6.89,17.4,5.95,2.25,0.71,0.77,0.2,5.88,5.76],
[2.08,8.25,0.2,5.14,8.06,4.63,7.54,8.87,4.79],
[4.64,8.6,4.82,6.36,1.66,4.11,5.53,4.2,3.91],
[4.6,15.21,5.91,6.19,1.49,3.75,0.43,4.56,5.1],
[3.49,7.3,4.07,4.93,6.05,4.59,6.87,6.66,3.91],
[5.09,12.36,4.75,4.94,1.35,3.11,4.22,5.15,4.44],
[4.09,11.53,4.46,4.16,4.85,3.67,5.79,6.23,4.01],
[0,0,0,0,0,0,0,0,0],
[0,0,0,0,0,0,0,0,0],
[0,0,0,0,0,0,0,0,0],
[0,0,0,0,0,0,0,0,0],
[0,0,0,0,0,0,0,0,0],
[0,0,0,0,0,0,0,0,0],
[5.75,12.45,0.03,12.25,26.79,8.04,0.08,7.88,0.05],
[0.31,0.03,5.61,4.77,0.19,8.74,2.1,2.14,19.78],
[0.49,20.93,0.56,0.27,0.45,0.92,0.57,10.53,24.5],
[4.23,4.09,1.69,2.6,27.68,1.01,0.23,1.16,1.9],
[8.9,0.26,3.1,1.82,6.81,0.99,0.16,0.02,1.58],
[3.15,7.92,3.47,6.25,16.48,5.6,1.18,3.94,12.55],
[0.27,14.49,5.3,2.6,0.23,8.34,2.51,5.28,14.84],
[4.11,10.51,0.85,1.35,16.4,1.93,0.78,5.47,13.05],
[4.67,3.59,4.72,1.5,13.84,2,0.39,0.67,3.48],
[2.73,11.45,4.89,4.2,13.2,5.71,2.11,7.77,10.49],
[2.92,10.25,3.53,3.72,12.45,9.02,2.75,3.7,9.99],
[3.69,7.06,3.4,1,11.16,3.26,0.99,3.78,8.84],
[5.42,8.73,3.73,3.97,15.32,6.77,2.74,6.53,7.88],
[2.79,7.72,3.9,2.8,9.83,10.29,2.97,2.92,7.84],
[4.48,6.99,3.67,3.19,12.3,8.4,3.23,5.72,6.72],
[0,0,0,0,0,0,0,0,0],
[0,0,0,0,0,0,0,0,0],
[0,0,0,0,0,0,0,0,0],
[0,0,0,0,0,0,0,0,0],
[0,0,0,0,0,0,0,0,0],
[0,0,0,0,0,0,0,0,0],
[7.37,3.65,0.82,0.2,16.82,7.33,0.31,1.07,0.14],
[7.22,0.08,4.74,8.04,0.44,10.9,0.05,2.06,6.41],
[2.9,0.85,0.77,13.78,4.18,22.11,8,4.87,6.77],
[9.59,1.05,1.36,1.43,3.43,0.26,3.15,2.93,13.47],
[1.84,2.88,1.57,0.02,1.55,1.05,5.45,15.68,1.04],
[4.86,2.13,5.02,4.64,9.69,6.2,0.33,3.07,3.73],
[3.7,0.45,4.95,7.53,2.17,11.66,5.81,2.51,4.39],
[11.85,0.64,0.74,7.18,2.55,13.32,4.09,7.71,7.13],
[4.82,3.78,2.93,1.07,4.86,1.22,8.49,7.89,12.16],
[3.58,2.36,6.81,5.04,10.86,9.92,5.25,2.46,3.03],
[8.03,0.42,3.31,5.08,1.7,8.94,3.89,5.33,6.79],
[8.71,2.58,2,4.83,3.32,8.9,6.04,7.31,8.12],
[8.19,1.77,5.37,3.81,8.2,9.11,4.08,4.13,5.61],
[6.55,2.04,3,3.81,2.54,6.71,4.84,5.49,8.94],
[7.42,2.37,4.42,3.05,6.86,7.41,4.41,4.7,8.19],
[0,0,0,0,0,0,0,0,0],
[0,0,0,0,0,0,0,0,0],
[0,0,0,0,0,0,0,0,0],
[0,0,0,0,0,0,0,0,0],
[0,0,0,0,0,0,0,0,0],
[0,0,0,0,0,0,0,0,0],
[0.01,0.02,2.93,0.34,12.05,2.78,4.93,8.49,5.45],
[19.91,0.01,2.02,3.28,0,12.1,1.36,5.81,11.57],
[36.55,4.06,2.06,7.84,32.24,0.03,0.08,2.21,10.31],
[1.82,0.09,0.77,0.45,12.15,29.8,1.22,1.64,7.53],
[23.94,11.71,23.53,0.42,0.72,2.95,0.68,19.03,16.47],
[12.94,0.02,4.92,3.11,7.94,6.05,2.47,4.85,16.63],
[19.66,2.61,4.08,4.03,21.66,8.52,0.74,2.96,7.3],
[20.14,3.18,1.05,6.78,16.4,19.22,1.08,1.3,6.02],
[21.58,7.18,19.03,0.29,10.55,15.58,1.88,10.06,8.58],
[13.46,1.86,7.64,3.05,15.64,5.93,1.68,3.59,11.1],
[13.82,3.05,2.87,4.56,14.49,14.4,0.9,2.57,6.38],
[20.56,5.36,12.98,4.79,11.75,14.54,2.1,8.88,9.46],
[10.48,2.61,6.45,3.48,11.73,10.84,1.93,2.86,11.07],
[16.76,4.24,10.02,3.68,11.02,11.6,1.59,6.95,7.82],
[14.01,3.46,9.92,2.96,9.66,9.41,2.69,7.22,10.14],
[0,0,0,0,0,0,0,0,0],
[0,0,0,0,0,0,0,0,0],
[0,0,0,0,0,0,0,0,0],
[0,0,0,0,0,0,0,0,0],
[0,0,0,0,0,0,0,0,0],
[0,0,0,0,0,0,0,0,0],
[0.04,6.48,0.76,21.32,6.48,1.6,0.52,23.53,1.16],
[1.11,2.31,10.72,3.81,5.06,10.17,9.12,0.02,9.86],
[2.53,7.37,3.23,1.6,0.41,3.84,2.44,0.4,0.68],
[20.22,0.36,6.96,15.24,0.77,0.14,8.57,0.3,30.03],
[0.05,1.25,31.84,36.04,0.01,4.53,0.02,13.57,0.01],
[0.62,3.28,5.75,10.75,3.87,10.54,4.97,15.26,9.59],
[1.31,3.7,5.38,5.25,2.68,5.17,4.56,0.33,8.76],
[10.4,4.07,3.63,7.93,0.41,2.16,10.39,0.24,17.45],
[12.84,1.52,15.94,18.56,0.58,3.65,6.02,7.9,19.59],
[0.87,5.44,3.84,7.69,2.58,7.2,3.34,10.58,11.77],
[8.05,2.72,6.79,6.4,2.51,3.46,7.43,0.23,13.37],
[9.45,2.9,12.47,12.6,0.38,2.93,10.36,6.37,16.94],
[6.36,4.77,5.82,9.69,2.25,5.67,5.57,8.53,12.48],
[8.77,2.18,10.7,11.85,2.28,4.58,7.82,5.41,13.15],
[7.7,3.82,8.68,11.83,2.01,7.11,6.32,9.26,11.74],
[4.9,17.35,0.23,3.15,16.47,13.89,0.43,4.47,0.23],
[0.54,1.08,2.86,4.74,0.86,11.14,0.13,35.45,0.22],
[14.47,9.77,5.54,0.46,26.5,0.08,31.92,39.52,6.48],
[3.73,2.42,7.92,12.85,15.74,37.07,5.41,5.06,14.15],
[2.81,3.59,0.05,0.02,22.24,4.15,12.9,11.09,13.73],
[6.2,0.22,3.43,0.01,1.36,11.96,9.16,1.23,0.24],
[6.84,6.74,1.88,10.39,6,8.36,3.73,13.31,8.89],
[5.01,5.3,4.05,3.39,9.7,6.97,11.09,24.99,6.5],
[7.41,4.1,5.28,4.79,14.54,19.07,14.38,16.61,7.21],
[2.89,2.01,8.61,7.15,13.28,13.85,11.32,11.56,9.38],
[4.16,2.15,8.17,2.01,12.78,5.77,7.38,5.89,5.37],
[8.11,6.66,4.23,6.34,9.12,7.84,10.61,15.89,6.91],
[4.77,4.22,4.11,5.83,9.87,13.87,8.66,17.35,6.9],
[5.06,3.19,9.84,4.43,13.33,14.39,13.23,14.84,7.07],
[4.77,1.92,7.48,8.38,10.9,10.88,9.38,7.19,6.07],
[6.42,5.5,4.17,6.54,9.45,12.04,8.43,13.13,6.98],
[3.81,3.75,7.49,4.65,10.23,11.87,9.61,15.67,7.12],
[5.51,2.78,7.86,6.7,12.09,12.11,11.27,10.79,5.54],
[5.47,4.89,6.12,5.99,9.82,10.78,10.18,12.68,6.96],
[4.35,3.07,6.43,5.89,10.59,10.67,9.03,12.33,5.65],
[6.1,4.11,5.6,7.64,10.37,9.99,10.12,10.49,5.96],
[5.09,1.1,2.06,17.23,0.12,2.55,13.57,0.17,0.46],
[2.67,13.01,1.58,0.74,1.39,1.82,1.77,0.07,13.31],
[3.73,12.5,8.32,2.18,26.14,5.35,0.02,8.16,0.04],
[6.13,8.99,19.1,0.1,8.65,1.16,0.87,28.73,6.52],
[2.35,2.06,9.95,0.9,9.86,0.88,3.41,5.54,10.17],
[0.97,2.88,0.12,8.49,1.2,10.58,20.22,1.33,9.29],
[4.51,8.13,1.46,7.63,4.12,2.27,5.75,11.31,6.43],
[2.15,8.67,3.34,3.64,9.19,9.44,6.45,16.16,4.78],
[3.3,7.49,9.51,4.3,11.67,14.96,0.46,14.11,2.95],
[3.63,7.64,9.86,0.52,7.19,0.93,1.83,14.03,5.73],
[1.27,11.79,3.78,3.15,7.44,7.57,9.99,5.35,7.14],
[3.69,7.59,2.69,5.8,8.27,6.32,6.72,11.58,5.12],
[2.55,7.11,6.22,3.11,7.28,9.94,4.56,15.63,4.45],
[3.19,7.23,7.71,4.27,9.58,10.48,1.51,13.75,3.81],
[2.95,8.99,6.09,2.01,6.19,6.5,7.64,9.39,5.59],
[3.55,7.24,5.18,5.12,7.59,7.53,5.49,12.38,4.59],
[2.84,7.33,5.86,3.19,7.09,7.87,3.75,13.03,4.63],
[3.11,8.27,5.73,4.64,8.2,9.75,6.56,10.05,4.49],
[3.29,6.77,5.16,5.04,7.08,6.58,4.65,11.66,4.78],
[3.04,7.9,4.82,3.69,6.53,8.05,6.4,10.61,4.97],
[3.21,7.88,4.57,5.29,7.11,6.87,6.53,9.75,4.87],
[12.95,0.11,16.88,2.18,0,0.02,1.01,0,0.25],
[6.7,8.2,12.9,4.41,6.06,27.68,2.23,2,0.82],
[1.41,10.04,3.28,9.5,0.04,0.22,13.99,0,1.23],
[6.44,28.88,1.11,0.16,2.6,1.58,3.81,0.16,17.11],
[6.88,1.69,0.79,4.21,6.3,0.42,4.35,1.45,0.15],
[0.02,13.36,2.18,1.98,0.02,2.44,1.51,8.41,3.2],
[8.94,6.17,10.06,4.15,12.49,9.24,1.08,8.8,0.36],
[3.76,6.15,6.85,9.41,2.35,9.3,9.82,3.88,8.57],
[3.88,13.03,1.55,5.54,0.88,2.82,5.95,6.35,9.72],
[4.62,11.34,4.08,1.55,9.79,1,2.92,1.99,5.92],
[4,10.97,1.21,2.16,3.48,0.96,1.96,3.6,1.14],
[5.7,6.06,7.53,6.16,11.33,5.59,6.92,5.39,6.73],
[3.84,9.58,4.99,5.83,1.98,7.76,7.36,4.44,8.76],
[3.72,9.31,3.42,4.32,7.31,3.16,4.56,4.1,7.33],
[4.62,12.37,4.45,1.5,5.9,1.12,2.09,3.97,4.19],
[5.57,8.48,6.17,4.6,9.77,5.67,6.53,7.17,7.25],
[3.73,8.22,4.68,4.76,6.16,7.23,6.62,3.39,6.63],
[3.61,10.29,4.41,3.37,5.45,3.01,3.51,4.31,6.07],
[5.14,7.24,5.55,4.05,9.57,6,6.62,5.86,5.75],
[3.83,8.99,4.95,3.98,5.03,6.54,5.64,3.81,5.6],
[4.74,8.45,5.58,3.52,7.83,5.86,6.1,5.58,5.02],
[29.18,1.88,23.74,0.2,0.05,1.17,20.22,2.33,10.49],
[0.08,0.06,17.23,19.34,0.71,19.91,17.88,5.35,14.74],
[12.5,0.13,0.16,0.39,1.14,3.23,6.48,5.22,9.86],
[1.28,26.43,4.09,13.06,0.09,3.78,1.08,11.05,19.47],
[16.19,4.38,0.2,0.65,13.78,0.19,0.06,0.29,0.41],
[0.1,0.01,11.96,4.09,0.02,2.53,4.77,21.65,8.49],
[9.77,5.58,13.85,8.06,14.6,7.03,12.82,3.08,8.41],
[4.95,0.1,5.8,6.65,0.82,7.73,8.37,4.92,8.81],
[4.76,11.08,1.42,6.18,1.64,7.68,3.24,10.37,10.69],
[6,10.43,1.43,4.6,13.06,1.36,1.23,3.85,7.5],
[5.87,1.7,4.09,1.95,4.91,0.91,2.86,9.72,2.97],
[8.88,4.06,8.36,5.55,10.65,4.88,9.07,3.43,7.55],
[3.23,7.35,4.3,7.69,1.13,9.41,5.52,7.3,9.44],
[6.41,7.61,0.9,4.38,8.16,6.12,2.15,7.79,8.1],
[4.24,6.33,3.29,3.79,8.48,1.33,3.68,8.26,6.31],
[6.54,7.17,6.57,6.15,10.38,7.14,6.89,5.84,8.28],
[4.72,6.14,3.1,6.17,6.22,8.6,4.13,6.42,7.91],
[5.35,5.77,2.39,3.71,6.48,5.25,3.57,8.92,7.46],
[6.94,6.09,5.15,5.12,10.58,7.41,5.47,5.8,7.32],
[4.19,5.28,3.78,5.26,5.59,7.82,4.96,7.56,7.51],
[6.08,5.2,5.35,4.56,8.78,7.27,5.9,6.77,7.13],
[3.41,1.66,2.1,6.3,3.98,2.69,24.29,3.3,2.23],
[0.97,11.05,5.09,5.68,1.86,7.49,4.62,4.53,1.48],
[38.02,9.77,2.25,5.12,3.95,16.36,9.5,1.33,4.35],
[2.51,4.12,4.23,18.06,32.89,0.22,0,0.19,2.18],
[11.09,0.49,5.51,13.89,0.16,29.41,0.41,6.55,0.3],
[8.53,5.88,1.57,8.65,2.88,7.18,4.59,33.21,20.48],
[2.59,4.76,3.54,4.17,11.5,3.57,10.1,3.2,1.87],
[13.52,6.96,4.6,3.77,2.02,7.95,5.04,4.42,7.81],
[16.65,6.06,3.05,7.87,14.48,9.51,4.24,2.78,7.81],
[7.83,1.62,3.94,11.23,11.46,15.82,1.52,2.28,7.68],
[8.62,6.49,8.57,7.56,1.04,12.28,3.33,13.28,8.47],
[10.42,4.85,5.78,3.56,8.96,5.48,8,3.31,8.36],
[10.2,6.01,5.86,5.9,9.91,8.12,4.42,3.11,6.2],
[12.9,3.81,3.04,7.76,8.72,13.24,2.97,3.67,6.39],
[10.83,6.15,9.45,8.49,7.47,11.63,4.65,8.06,8.71],
[8.36,5.21,8.08,5.16,11.36,7.01,6.63,2.72,6.44],
[9.37,4.5,5.03,6.47,7.21,10.75,3.27,3.43,6.66],
[13.17,5.85,7.19,6.8,6.67,10.78,4.7,7.76,7.54],
[8.4,4.38,7.3,5.74,8.87,9.06,5.24,3.12,7.74],
[10.58,5.78,6.85,6.04,6.05,9.31,4.27,6.59,7.47],
[10.12,5.17,7.58,5.51,7.52,8.13,5.75,5.81,8.34],
[13.47,0.68,2.62,13.89,5.02,12.45,10.81,1.3,27.75],
[15.96,3.41,0.61,2.16,14.26,0.35,0.12,0.64,3.46],
[2.31,0.16,15.35,1.77,2.21,0.78,20.54,9.46,21.91],
[37.41,1.22,12.65,7.49,12.6,9.16,7.18,0.92,5.28],
[0.07,0.04,28.28,0.24,0.88,7.88,1.82,7.8,0.19],
[19.34,6.27,26.79,23.6,0.04,10.35,5.41,27.6,19.16],
[9.81,2.34,2.19,8.07,6.57,4.29,4.02,10.69,10.67],
[8.03,1.62,5.89,3.67,6.3,7.79,7.46,4.45,8.47],
[16.55,4.19,11.07,3.48,11.6,3.84,9.51,3.58,11.78],
[14.14,0.43,15.7,6.07,7.67,9.99,3.56,3,13.1],
[10.84,5.54,18.46,15.33,0.46,8.54,2.49,11.88,9.36],
[7.94,1.46,4.42,5.6,5.33,8.31,7.42,8.55,10.89],
[13.31,3.27,6.77,3.71,9.93,6.83,5.93,2.88,8.17],
[13.79,3.09,12.78,5.94,7.33,8.63,6.88,3.72,12.24],
[14.03,4.44,14.9,10.9,5.91,8.29,3.22,7.33,11.69],
[11.51,3.36,5.84,5.08,7.82,7.93,6.35,6.56,9.8],
[12.17,2.92,9.3,4.71,7.3,7.76,4.95,3.28,9.25],
[12.87,4.17,12.98,8.64,5.57,7.65,5.79,6.63,11.48],
[10.98,3.44,7.85,6.08,6.26,7.95,5.34,6,10.47],
[11.79,3.66,10.25,7.31,5.91,7.24,4.52,5.62,9.32],
[10.87,3.72,8.87,7.7,5.35,7.57,4.88,7.52,10.32],
[9.99,15.2,1.99,8.67,10.14,6.99,10.95,3.67,0.24],
[2.94,6.89,4.38,2.41,2.23,11.65,1.58,22.64,10.16],
[7.24,7.48,13.77,2.43,17.55,4.04,21.83,19.81,4.02],
[9.75,4.5,9.81,9.4,8.48,21.12,2.74,14.49,7.38],
[1.73,5.58,7.16,0.53,11.53,4.63,15.29,5.86,8.06],
[6.41,2.61,1.94,5.84,2.56,7.53,10.52,0.85,7.34],
[8.33,9.39,3.13,7.47,5.12,7.78,6.31,11.68,7.83],
[4.29,6.64,7.57,4.6,8.83,9.71,9.67,17.5,6.13],
[6.84,5.61,9.75,4.94,10.47,15.49,10.2,13.73,4.75],
[4.66,5.54,7.28,5.63,8.63,10.4,8.87,9.32,6.81],
[3.65,7.29,5.94,2.67,7.79,5.38,10.32,4.23,6.25],
[7.16,8.01,6.13,5.76,8.71,7.92,9.4,12.28,5.96],
[5.28,5.43,7.25,5.33,8.06,12.99,7.39,14.72,5.69],
[4.82,5.4,8.69,5.13,9.8,12.66,11,10.95,5.26],
[4.72,5.72,6.17,5.8,6.99,8.64,8.53,6.45,6.1],
[6.98,6.83,6.25,5.9,8.57,10.73,7.58,11.6,5.95],
[4.37,5.56,7.12,4.72,8.03,11.35,8.48,12.2,5.96],
[4.77,5.91,7.18,6.05,8.3,10.62,10.21,8.32,5.17],
[5.76,6.56,6.18,5.6,8.38,10.02,8.54,10.44,5.88],
[4.37,5.71,6.28,5.28,7.54,10.02,8.33,9.95,5.77],
[5.6,6.59,5.8,6.19,8.22,9.18,8.5,8.82,5.71],
[6.62,0.57,8.69,8.85,0.09,1.56,12.19,0.12,0.7],
[3.43,7.25,6.64,4.64,6.9,14.93,3.98,1.63,11.62],
[4.95,7.56,4.25,4.76,18.1,4.43,8.99,5.54,0.7],
[4.19,14.5,10.4,0.26,10.66,2.73,4.33,20.67,8.71],
[3.47,1.26,5.29,2.11,5.52,0.46,2.61,2.77,7.71],
[0.76,6.69,1.88,4.25,0.93,12.07,10.8,4.26,4.69],
[6.25,7.47,6.27,8.33,9.25,6.62,6.81,8.79,5.57],
[3.41,6.02,4.6,6.31,10.03,8.58,8.82,10.13,7.22],
[3.67,9.5,5.9,3.76,11.63,9.16,5.33,13.34,7.13],
[3.07,6.85,6.28,0.97,10.46,1.28,2.85,9.93,6.95],
[2.74,7.78,3.61,2.61,6.18,5.95,6.03,3.95,4.99],
[5.36,7.01,5.06,6.85,11.29,6.08,8.67,8.23,6.7],
[3.18,8.18,5.48,4.24,8.99,9.56,7.26,11.59,7.66],
[3.16,7.34,5.03,3.1,11.42,7.04,4.06,11.13,6.46],
[3.01,8.58,5.07,1.69,7.45,4.64,5.24,7.67,5.53],
[4.8,7.81,5.57,5.5,10.93,7.24,7.8,10.22,6.67],
[2.94,7.48,4.95,3.49,9.82,8.21,5.82,9.58,6.98],
[3.14,7.86,4.65,3.28,8.79,7.33,5.63,8.87,5.65],
[4.32,6.87,5.14,4.76,10.19,6.76,6.63,9.51,6.36],
[3.06,7.54,4.61,3.45,8.01,8.17,6.31,8.2,6.19],
[3.95,7.35,4.86,4.62,8.94,6.99,6.82,8.33,5.79],
[15.13,1.62,13.73,2.03,0.04,0.69,11.14,1.51,6.08],
[4.02,5.04,10.15,9.68,3.13,16.07,9.2,7.08,8.06],
[6.47,6.03,2.77,7.87,0.65,1.74,7.3,3.4,5.07],
[3.23,18.45,4.89,7.84,2.12,1.95,4.61,6.59,12.22],
[8.34,5.86,0.93,4.34,7.18,0.22,2.59,0.73,0.54],
[0.05,9.19,6.02,2.15,0.04,1.66,2.4,11.04,4.32],
[7.74,5.42,9.77,5.27,10.91,7.1,8.17,5.8,5.66],
[4.2,4.48,5.21,7.44,1.55,7.77,8.21,6.46,6.51],
[3.96,9.8,3.06,6.29,1.37,6.12,5.41,8.65,7.2],
[5.78,10.62,3.09,4.88,8.26,0.92,3.43,3.03,6.55],
[3.58,7.24,2.78,2.62,3.06,0.85,2.34,6.61,1.97],
[6.48,5.19,6.8,5.32,9.51,5.07,8.1,4.93,5.94],
[3.5,7.42,4.48,6.7,1.8,7.91,6.31,7.33,7.13],
[5.29,8.27,2.81,5.02,5.58,5.31,4.12,6.06,6.43],
[4.47,9.27,3.57,3.6,5.52,1.02,3.51,6.63,5.68],
[5.41,7.28,5.83,5.32,9.2,6.33,6.73,6.67,6.58],
[4.59,7.1,3.89,5.67,4.65,7.13,5.33,5.72,6.23],
[4.68,7.86,3.36,4.05,4.54,4.37,3.89,6.94,6.37],
[5.78,6.76,5.19,4.8,8.69,6.47,5.96,5.84,5.84],
[4.34,6.97,4.12,4.79,4.1,6.14,5.17,6.55,6.16],
[5.36,6.84,5.23,4.22,7.21,5.98,5.87,6.31,5.8],
[15.08,1.18,12.52,3.59,3,1.39,14.9,1.91,11.7],
[0.89,7.95,8.64,9.69,0.95,10.12,8.94,3.3,7.7],
[19.15,7.33,2,2.73,1.98,8.21,5.42,2.61,13.84],
[3.72,13.41,8.32,10.51,20.82,2.06,0.7,6.53,10.09],
[9.25,2.27,3.11,7.69,8.31,18.17,0.21,5.48,0.71],
[5.13,4.11,11.9,4.53,1.77,9.32,3.12,18.7,10.52],
[6.39,5.53,8.98,5.72,12.41,4.82,9.66,3.55,8.08],
[8.38,6.13,4.35,5.06,1.26,7.99,5.75,4.24,8.76],
[10.84,8.48,4.29,5.31,9.71,6.39,2.66,6.86,9.62],
[5.57,6.38,4.61,7.28,12.53,9.73,1.11,4.83,6.01],
[8.59,3.97,7.26,4.93,4.36,11.19,2.18,9.69,5.72],
[9.11,5.54,6.5,4.26,9.77,5.34,7.42,3.36,8.88],
[7,7.39,5.07,5.84,6.69,8.56,3.94,5.3,8],
[9.09,5.88,3.46,5.24,9.59,8.77,2.05,6.1,7.37],
[8.07,5.89,7.09,5.74,8.28,8.45,3,7.7,6.56],
[7.83,6.47,6.74,5.01,10.91,6.71,5.6,4.75,8.32],
[6.78,5.78,4.27,5.65,8,9.53,3.12,5.08,7.06],
[9.43,5.86,5.53,4.67,7.36,8.08,3.29,8.11,7.34],
[7.48,5.46,5.86,5.04,10.15,7.88,4.65,4.87,7.87],
[7.6,5.93,5.61,5.1,6.74,8.93,3.93,6.85,7.06],
[8.09,5.43,6.51,4.7,8.58,7.73,5.18,6.51,7.72],
[15.76,2.27,4.71,7.22,8.98,6.24,12.6,4.44,14.75],
[8.67,5.55,4.97,7.56,7.31,6.31,2.66,4.58,4.8],
[20.64,5.78,7.81,2.59,2.14,9.04,10.72,9.56,11],
[20.15,2.06,6.38,9.28,16.75,7.21,4.85,1.02,2.71],
[6.85,0.26,14.2,10.65,0.45,14.71,2.06,4.8,0.49],
[10.02,4.05,14.59,11.97,2.16,5.94,9.99,20.36,13.22],
[10.3,4.37,4.68,6.77,8.2,5.37,6.16,6.63,7.87],
[11.76,4.76,5.12,4.12,3.94,6.9,5.53,6.71,6.84],
[16.82,5.27,6.8,5.06,8.78,7.07,7.35,4.85,8.42],
[10.8,1.05,9.69,10.19,7.3,10.86,2.76,2.39,10.71],
[7.69,4.32,11.53,11.88,1.05,8.79,5.43,10.78,6.15],
[11.85,4.18,5.12,4.92,6.57,6.75,6.77,6.55,8.25],
[12.7,4.73,5.81,5.28,7.33,7.29,5.27,4.51,6.48],
[12.34,3.48,8.18,7.04,5.6,9.05,5.35,4.59,9.47],
[10.03,4.31,10.14,10.1,5.15,8.27,4.72,7.02,10.43],
[12.36,4.97,6.25,5.38,7.94,7.83,6.14,5.27,7.41],
[10.61,3.64,6.96,6.51,5.42,8.27,4.44,4.29,8.01],
[11.15,4.51,8.83,7.83,4.47,7.66,5.83,7.15,9.59],
[10.73,4.3,6.95,6.55,6.37,8.3,5.29,5.16,8.66],
[10.01,4.34,7.68,7.29,4.56,7.38,4.98,6.43,8.56],
[10.3,4.49,7.47,7.07,5.52,7.65,5.59,6.67,9.13],
[7.58,11.68,5.8,6.03,7.36,4.71,14.07,2.97,0.48],
[2.75,4.92,5.32,3.5,7.81,13.04,4.18,15.17,12.87],
[5.55,6.7,9.59,3.37,13.47,4.9,16.1,13.22,4.36],
[6.53,10.58,6.97,7.9,8.19,14.08,3.44,14.84,11.72],
[3.48,3.76,5.6,1.42,9.66,3.3,10.25,4.18,6.19],
[5.6,4.54,1.89,4.05,2.52,8.34,7.3,3.7,4.98],
[7.5,8.58,5.12,7.83,8.13,7.62,8.61,9.51,7.57],
[3.76,5.5,6.39,5.53,9.5,8.32,9.15,12.81,7.5],
[5.18,7.45,7.4,5.02,9.37,11.69,8.73,12.33,7.27],
[4.33,6.41,5.46,4.4,10.12,7.62,6.59,8.5,7.78],
[3.91,6,5.29,2.61,7.68,5.1,7.53,4.15,4.99],
[6.44,7.3,5.93,6.25,10.19,6.81,9.92,9.68,6.89],
[4.22,6.65,6.24,5.79,8.59,11.02,7.5,12.22,8.13],
[4.27,6.09,6.49,4.2,10.32,9.92,8.61,9.62,6.65],
[4.28,6.76,5.44,4.49,7.65,7.14,6.29,6.71,6.38],
[6.08,7.52,5.84,6.17,10.01,9.02,8.35,10.21,7.4],
[3.79,6.19,6,4.64,9.19,10.13,7.59,10.13,7.47],
[4.26,6.3,5.95,4.71,8.34,9.17,7.84,7.86,5.87],
[5.44,6.84,5.68,5.33,9.74,8.81,8.26,9.23,6.86],
[3.88,6.07,5.57,4.68,7.93,9.62,7.15,8.66,6.68],
[5.25,6.74,5.44,5.47,8.87,8.68,7.79,8.12,6.35],
[11.46,1.15,9.21,5.9,0.13,2.19,11.5,1.01,4.05],
[2.68,4.94,6.8,6.77,5.31,10.94,6.55,6.67,9.79],
[5.51,5.21,3.04,5.56,12.36,3.21,6,4.53,3.5],
[2.83,12.94,7.74,5.42,9.89,2.1,6.41,14.59,8.95],
[6.2,3.92,3.52,3.13,8.44,0.36,1.87,1.98,7.06],
[0.51,6.43,4.03,4.94,0.81,8.19,11.3,7.66,6.87],
[6.4,6.17,7.05,6.8,9.27,5.78,8.02,6.85,6.36],
[3.62,4.43,4.22,5.68,7.64,7.74,7.2,9.84,6.09],
[3.63,7.96,4.71,4.78,9.95,9.71,5.65,10.93,6.06],
[4.24,7.76,4.86,3.68,11.14,1.07,3.57,7.86,6.92],
[3.12,6,3.39,3.5,5.3,4.48,5.67,6.47,6.08],
[5.91,5.72,5.38,5.84,10.22,5.58,7.74,7.03,5.78],
[3.08,6.62,4.89,5.1,7.78,9.16,6.34,10.48,6.56],
[4.46,6.89,3.96,3.95,10.52,7.55,4.13,9.93,6.16],
[3.38,7.35,4.27,3.75,7.36,3.72,5.36,8.11,6.45],
[4.92,6.78,5.66,5.41,10.74,7.29,6.97,8.51,6.06],
[3.81,6.5,4.29,4.37,8.91,7.88,5.05,9.12,6.47],
[4.05,6.61,3.82,3.99,7.89,7.18,5.33,8.93,6.31],
[5,6.28,5.04,4.81,10.19,6.9,5.83,8.28,5.99],
[3.67,6.25,4.14,4.28,7.16,7.52,5.77,8.63,6.55],
[4.59,6.26,4.85,4.73,8.66,6.78,6.29,7.91,6.06],
[10.24,1.12,9.25,2.83,2.36,0.93,10,1.34,10.12],
[2.73,6.57,7,6.46,3.4,11.86,6.15,4.73,5.91],
[13.16,6.67,4.64,5.59,1.33,5.67,8.33,2.33,10.63],
[3.27,12.38,10.32,7.18,13.89,1.38,3.93,5.76,8.15],
[6.72,4.55,2.16,6.03,5.56,14.47,2.4,3.65,0.97],
[3.84,13.05,8.71,3.56,1.23,6.29,2.2,13.94,7.93],
[5.61,4.71,7.4,4.19,11.05,5.5,7.01,5.41,7.02],
[7.47,5.71,5.01,5.83,2.05,7.52,6.71,5.45,7.12],
[8.84,8.36,6.5,5.75,7.01,5.62,5.54,6.92,8.1],
[5.36,7.66,5.57,5.7,9.14,7.54,3.28,4.26,5.87],
[6.14,7.57,5.53,4.17,3.13,8.91,2.32,7.57,4.22],
[7.57,4.96,6.15,4.49,9.55,5.07,7.35,4.52,7.36],
[6.38,7.11,6.11,5.68,5.43,7.46,5.37,6.03,6.84],
[7.57,6.7,5.05,5.5,7.31,7.53,4.38,5.57,6.83],
[7.18,8.45,6.33,4.62,6.15,6.61,3.47,6.67,5.9],
[6.74,6.47,6.82,4.74,9.87,6.03,6.18,5.8,7.06],
[6.15,6.24,5.26,5.43,6.32,8.4,4.7,5.19,6.2],
[7.93,7.54,5.64,4.75,5.7,6.78,4.23,6.89,6.63],
[6.47,5.83,6.23,4.75,8.91,7.15,5.62,5.34,6.63],
[6.94,7,5.63,4.85,5.35,7.67,4.72,6.3,6.19],
[7.11,6.52,6.3,4.39,7.52,6.82,5.67,6.26,6.58],
[14.86,1.54,8.81,4.81,8.65,4.83,11.06,2.97,12.9],
[5.85,5.4,6.16,7.73,5.58,7.18,6.01,3.25,6.1],
[13.76,6.51,5.21,1.82,1.45,6.21,9.15,6.49,11.74],
[13.45,10.01,6.69,7.62,13.9,5,3.24,4.36,10.6],
[6.36,1.61,9.68,8.8,7.37,12.34,1.56,4.06,0.99],
[6.69,3.1,13.02,9.4,2,6.62,6.66,16.85,9.73],
[8.88,5.18,6.9,7.17,9.82,5.16,7.33,5.91,8.19],
[8.46,5.25,5.02,4.44,3.06,7.17,6.83,5.23,7.75],
[12.09,7.12,5.5,4.14,7.04,5.35,5.71,6.07,9.68],
[8.65,5,7.42,7.65,9.39,8.18,2.07,3.61,8.92],
[7.22,3.19,9.79,8.75,4.21,8.64,3.94,9.31,5.29],
[9.47,5.18,5.81,5.07,7.81,6.09,7.51,5.55,8.45],
[9.29,6.07,5.19,5.22,6.02,7.43,5.33,4.91,8.01],
[9.87,5.01,6.23,5.37,7.12,6.98,4.11,5.26,9.26],
[8.31,4.9,8.28,7.72,6.54,7.08,3.53,7.2,8.35],
[9.79,5.94,5.86,5.29,8.51,7.04,6.18,5.8,8.46],
[8.48,4.79,5.82,5.69,6.46,7.92,4.24,4.55,8.03],
[9.02,4.9,7.17,6.04,5.63,6.55,4.51,7.26,8.84],
[9.06,5.07,6.17,5.77,8,7.54,5.13,5.61,8.43],
[8.05,4.83,6.65,6.25,5.45,7.62,4.57,6.29,7.97],
[8.59,4.85,6.8,6.12,6.87,7.53,5.28,6.83,8.35],
[13.37,8.76,7.11,4.52,5.65,3.82,11.76,2.46,3.15],
[2.23,3.74,6.5,6.08,7.19,11.42,5.35,13,10.25],
[6.93,5.46,7.22,4.17,10.15,3.69,12.68,12.2,4.52],
[5.26,9.91,5.93,7.96,7.73,12.14,4.86,11.46,9.87],
[4.92,4.23,4.31,2.52,9.22,2.82,7.79,3.14,5.66],
[4.53,4.83,4.2,5.44,2.37,6.3,8.51,5.86,7.87],
[7.89,7.1,6.42,6.84,8.33,6.87,8.22,7.66,7.23],
[4.07,4.46,6.19,5.27,7.86,7.98,8.26,11.92,6.57],
[5.49,6.83,5.94,5.44,8.24,11.83,7.8,11.09,6.4],
[4.62,6.6,4.7,5.12,9.83,6.71,5.79,7.01,7.55],
[4.22,4.99,4.69,3.71,6.26,4.23,7.41,5.65,6.06],
[7.3,6.12,6.49,5.6,9.48,6.27,8.92,8.55,6.12],
[4.17,5.79,5.69,6.01,7.72,10.87,6.78,11.03,7.07],
[5.1,5.88,5.3,4.5,9.26,9.97,7.37,9.07,6.35],
[4.27,6.04,4.72,5.35,7.07,6.19,6.19,6.91,7.13],
[6.49,6.6,6.04,5.86,9.89,8.87,7.6,8.88,6.62],
[4.27,5.59,5.28,5,8.38,9.88,6.67,9.43,6.97],
[4.74,5.6,5.04,4.92,7.36,8.84,7.23,8.13,6.43],
[5.99,6.12,5.56,5.19,9.52,8.69,7.38,8.27,6.43],
[4.17,5.32,5.08,5.1,7.08,9.08,6.73,8.64,6.97],
[5.59,5.87,5.43,5.37,8.42,8.32,7.29,7.74,6.46],
[8.97,0.91,7.01,6.88,2.16,1.74,12.18,1.01,7.94],
[2.05,7.25,5.25,5.13,6.03,9.34,4.91,5.06,7.38],
[12.56,6.8,3.85,4.32,11.89,7.33,8.12,3.41,8.82],
[3.39,9.71,9.42,5.39,13.71,1.58,6.33,11.05,6.77],
[5.26,3.48,4.86,4.52,7.8,11.04,1.83,4.97,6.93],
[3.99,10.95,6.67,4.49,1.22,8.22,8.48,10.46,7.6],
[5.12,5.79,5.81,6.03,10.37,4.93,7.6,6.39,6.84],
[6.65,6.3,4.11,4.79,8.01,7.66,6.59,8.3,7.2],
[7.59,7.34,6.11,4.71,11.49,8.7,6.59,8.76,6.97],
[4.31,6.14,6.42,4.44,10.39,6.46,3.7,7.36,6.45],
[5.36,6.64,5.29,4.01,5.08,8.77,4.58,7.17,6.58],
[6.91,5.88,5.09,5.22,11.08,5.45,7.82,6.26,6.92],
[5.47,6.84,5.62,4.67,9.24,8.56,6.04,8.68,6.6],
[6.48,5.97,5.32,4.55,10.62,8.77,4.76,8.4,6.87],
[5.74,7.12,6.29,4.16,7.32,7.22,4.82,7.81,6.32],
[6.06,6.44,6.22,5.09,11.15,6.82,7.11,7.33,6.54],
[5.22,6.06,5.18,4.49,9.48,8.72,4.9,7.89,6.7],
[6.88,6.71,5.46,4.41,8.15,8.28,5.3,8.45,6.67],
[5.71,5.74,5.81,4.93,10.36,7.37,6.02,7.3,6.63],
[5.94,6.62,5.27,4.37,7.72,8.3,5.32,7.99,6.6],
[6.15,6.28,5.74,4.81,8.89,7.24,6.2,7.53,6.56],
[11.91,1.26,7.61,4.5,7.74,3.84,8.51,2.23,10.41],
[7.7,4.93,5.92,5.85,5.17,10.1,4.7,3.86,4.9],
[10.93,5.71,5.32,4.39,1.09,5,8.87,4.91,9.31],
[12.44,9.55,7.96,6.01,10.43,4,4.1,4.35,8.34],
[5.35,3.85,8.02,6.78,5.57,11.44,3.78,3.07,1.37],
[5.05,9.82,9.84,7.05,1.66,4.97,5.62,13.02,7.54],
[8.74,4.49,6.44,5.69,9.47,6.29,5.89,6.89,6.82],
[8.52,4.87,5.15,5.43,2.97,6.99,7.05,5.45,6.69],
[11.06,7.34,6.15,4.68,5.54,4.96,6.19,6,7.93],
[7.93,6.3,7.1,6.24,7.45,7.25,3.53,3.38,8],
[5.7,6.07,7.95,7.32,3.36,7.44,4.37,7.63,4.23],
[8.89,4.59,5.66,5.06,8.08,5.87,7.3,5.87,7.3],
[9.32,6.13,5.66,5.26,5.05,6.96,5.72,5.23,6.99],
[8.7,5.86,6.29,5.58,5.85,6.47,5.08,4.86,8.18],
[7.6,6.95,7.39,6.46,5.27,6.09,4.1,6.5,7.46],
[9.38,6.02,6,5,8.21,6.63,6.25,6.3,7.44],
[8.03,5.36,5.89,5.55,5.43,7.57,5.01,4.53,7.08],
[8,6.41,6.76,5.78,4.7,5.88,5,6.46,7.93],
[8.36,5.41,6.15,5.39,7.51,7.28,5.6,5.73,7.34],
[7.64,5.9,6.34,5.81,4.62,7,5.05,5.93,7.09],
[7.97,5.84,6.51,5.57,6.45,7,5.6,6.56,7.31],
[11.62,7.53,5.83,5.82,5.3,3.37,13.58,2.45,6.86],
[1.85,6.07,5.22,4.86,8.42,9.55,4.3,10.49,8.22],
[11.04,6.12,6.32,3.47,9.83,7.94,11.62,9.95,7.69],
[6.03,7.95,8,8.36,11.9,10.12,5.06,9.2,7.91],
[4.6,3.6,6,3.63,8.01,9.57,6.25,4.67,5.64],
[8.06,9.03,7.13,4.67,2.12,6.97,6.81,8.87,7.57],
[6.8,7.2,5.53,6.14,9.35,5.87,8.27,7.07,7.27],
[6.12,5.81,5.42,4.64,8.39,8.2,7.31,10.28,7.49],
[8.04,6.45,6.51,5.41,9.94,11.56,7.59,9.36,7.19],
[5.01,5.43,6.54,5.87,9.73,9.17,5.18,6.5,7.16],
[6.01,5.89,6,3.85,5.55,7.54,6.12,6.43,6.46],
[7.66,6.46,5.95,5.1,10.17,6.33,8.77,7.68,6.99],
[5.8,6.09,5.87,5.53,8.94,10.44,6.26,9.44,7.18],
[6.58,5.31,6.16,5.03,9.57,10.47,6.77,8.05,6.92],
[6.05,6.19,6.33,5.47,7.19,8.1,5.45,6.89,6.88],
[7.12,6.54,6.27,5.59,10.32,8.53,7.6,7.86,6.92],
[5.33,5.43,5.73,5.02,8.91,10.05,5.99,8.3,7.19],
[6.88,5.91,6.12,5.14,7.61,9.28,6.56,7.88,6.77],
[6.44,5.85,6.01,5.28,9.67,8.69,7.11,7.45,6.9],
[5.9,5.86,5.78,5.01,7.49,9.23,6.01,8.11,7.01],
[6.66,6.15,6.01,5.33,8.53,8.28,6.93,7.45,6.8],
[9.97,1.14,6.1,6.52,7.22,4.65,10.01,1.86,8.38],
[6.31,5.9,4.75,5.12,6.11,8.73,3.96,4.13,6.78],
[11.59,6.46,4.89,3.69,9.62,7.1,8,6.18,7.84],
[10.05,8.11,7.98,4.86,11.01,4.18,5.48,8.94,7.71],
[4.39,3.21,7.82,5.48,8.28,9.44,3.03,4.04,6.95],
[4.52,8.89,7.88,8.25,1.44,7.22,8.58,10.46,8],
[7.53,5.53,5.29,6.87,9.41,6.12,6.38,7.49,6.96],
[8.18,5.76,4.42,4.77,7.16,7.19,6.66,7.84,6.79],
[9.99,6.72,6.21,4.02,9.51,7.55,6.41,8.27,7.07],
[6.56,5.41,7.48,5.11,9.18,6.7,3.89,6.13,8.03],
[4.95,5.56,7.26,6.7,5.17,7.59,5.28,7.42,6.88],
[8.28,5.61,4.87,5.58,9.81,6.05,7.39,7.07,7.04],
[8.32,6.12,5.42,4.52,7.96,7.94,5.92,7.78,6.67],
[7.78,5.4,6.37,4.8,9.17,7.66,5.18,7.52,7.86],
[6.36,6.11,7.16,5.84,6.63,6.65,5.05,7.43,7.62],
[8.41,6.13,5.66,5.21,9.72,7.24,6.67,7.55,6.94],
[7.13,5.36,5.74,4.78,8.2,7.99,5.05,6.95,7.28],
[7.23,5.93,6.45,5.35,7.17,7.24,5.75,7.86,7.72],
[7.47,5.42,5.84,5.46,9.23,7.52,5.81,7.32,7.25],
[6.83,5.79,5.93,5.25,6.78,7.6,5.49,7.42,7.31],
[7.12,5.78,6.01,5.7,8.01,7.3,6.04,7.56,7.27],
[11.17,7.27,5.19,5.57,7.94,4.92,11.35,3.36,7.18],
[5.27,5.19,4.63,4.69,7.59,8.62,3.59,9.17,8.06],
[10.2,5.75,7.59,3.08,8.23,8.18,11.89,10,7.3],
[9.98,6.85,6.92,7.11,9.92,9.69,4.58,7.81,7.93],
[4.07,3.21,7.59,4.58,7.93,8.32,5.89,4.02,5.8],
[7.24,7.69,7.55,8.55,1.99,6.23,7.15,8.9,8.47],
[8.05,7.02,5.02,6.84,8.7,6.28,7.05,7.85,7.47],
[7.24,5.41,5.64,4.56,7.56,7.76,7.44,9.59,7.1],
[9.39,6.05,6.72,4.7,8.46,10.08,7.61,8.61,7.16],
[6.5,4.82,7.11,6.31,8.61,8.44,5.06,5.65,8.37],
[5.42,5.08,7.56,6.22,5.28,6.73,6.14,6.66,6.93],
[8.29,6.29,5.65,5.43,9.21,6.54,8.26,8.12,7.09],
[7.72,5.6,5.76,5.3,7.89,9.44,6.24,8.61,7.07],
[7.38,4.93,6.93,5.23,8.36,9.14,6.95,7.28,7.74],
[6.53,5.44,7.05,6.67,6.44,7.36,5.44,6.67,8],
[8.42,6.33,5.82,5.62,9.19,8.32,7.14,7.95,7.2],
[6.64,4.93,6.17,5.24,7.89,9.03,6.02,7.5,7.61],
[7.13,5.36,6.91,5.82,6.72,8.23,6.74,7.45,7.66],
[7.47,5.6,6.04,5.7,8.73,8.34,6.8,7.44,7.41],
[6.61,5.27,6.31,5.67,6.7,8.43,6.05,7.63,7.61],
[7.27,5.78,6.23,6.01,7.74,8.04,6.69,7.49,7.42]]
[[0,0,0,0,0,0,0,0,0],
[0,0,0,0,0,0,0,0,0],
[0,0,0,0,0,0,0,0,0],
[0,0,0,0,0,0,0,0,0],
[0,0,0,0,0,0,0,0,0],
[0,0,0,0,0,0,0,0,0],
[0,0.04,0,0,0,0.01,0.02,0.02,0],
[0,0,0,0,0,0.01,0.04,0.04,0],
[0,0.02,0.02,0.02,0,0.02,0,0,0],
[0.02,0.02,0.04,0.02,0,0,0,0.01,0],
[0.02,0.02,0,0.04,0,0.02,0,0.02,0],
[0,0.02,0,0.01,0,0,0.02,0.02,0],
[0,0.02,0.01,0.01,0,0.01,0.02,0.03,0],
[0.01,0.01,0.02,0.04,0,0.01,0,0,0],
[0.01,0.04,0.04,0.02,0,0.01,0,0.01,0],
[0,0.02,0.01,0.01,0.01,0.01,0.02,0.02,0],
[0.01,0.02,0.02,0.03,0,0.01,0.02,0.02,0],
[0.01,0.03,0.03,0.03,0,0.01,0,0.01,0],
[0.01,0.02,0.01,0.02,0,0.01,0.02,0.02,0],
[0.01,0.02,0.03,0.02,0,0.01,0.02,0.02,0],
[0.01,0.03,0.02,0.02,0,0.01,0.01,0.02,0],
[0,0,0,0,0,0,0,0,0],
[0,0,0,0,0,0,0,0,0],
[0,0,0,0,0,0,0,0,0],
[0,0,0,0,0,0,0,0,0],
[0,0,0,0,0,0,0,0,0],
[0,0,0,0,0,0,0,0,0],
[0,0.02,0,0.01,0.04,0.01,0.02,0,0.04],
[0,0.01,0.08,0.02,0,0.02,0.02,0,0],
[0.04,0.01,0.08,0,0,0,0,0.02,0.08],
[0,0.01,0,0,0.08,0,0.02,0,0],
[0,0,0,0,0.02,0.02,0,0.02,0],
[0,0.01,0.04,0.01,0.02,0.01,0.01,0,0.03],
[0.02,0,0.05,0.01,0,0.01,0.01,0.01,0.05],
[0.03,0,0.04,0,0.04,0,0.01,0.01,0.04],
[0,0,0,0,0.04,0.01,0.01,0.02,0.01],
[0.02,0.01,0.04,0.01,0.02,0.01,0.01,0.01,0.04],
[0.02,0,0.04,0.01,0.04,0.01,0.03,0.01,0.04],
[0.02,0,0.03,0,0.03,0.01,0.01,0.02,0.03],
[0.02,0.01,0.03,0.01,0.03,0.01,0.02,0.01,0.03],
[0.02,0,0.03,0.01,0.03,0.01,0.03,0.01,0.03],
[0.02,0.01,0.02,0.01,0.03,0.01,0.02,0.01,0.03],
[0,0,0,0,0,0,0,0,0],
[0,0,0,0,0,0,0,0,0],
[0,0,0,0,0,0,0,0,0],
[0,0,0,0,0,0,0,0,0],
[0,0,0,0,0,0,0,0,0],
[0,0,0,0,0,0,0,0,0],
[0.02,0,0.02,0.04,0,0.01,0.02,0,0],
[0.01,0.04,0.02,0,0,0,0,0.04,0],
[0.02,0,0.02,0,0,0.04,0.04,0.04,0],
[0,0,0.01,0,0.01,0,0.02,0,0.02],
[0,0.01,0.02,0.02,0.01,0,0.01,0,0.02],
[0.01,0.04,0.01,0.02,0,0,0.01,0.04,0],
[0.01,0.02,0.01,0,0,0.03,0.02,0.03,0],
[0.01,0,0.01,0,0,0.02,0.02,0.02,0.01],
[0,0,0.01,0.02,0,0,0.01,0,0.04],
[0.02,0.03,0.01,0.02,0,0.02,0.03,0.03,0.01],
[0.01,0.02,0.01,0,0.01,0.02,0.02,0.02,0.01],
[0.01,0.01,0.02,0.02,0,0.02,0.02,0.02,0.03],
[0.01,0.03,0.01,0.02,0.01,0.02,0.02,0.02,0.01],
[0.01,0.01,0.01,0.02,0.01,0.02,0.01,0.02,0.02],
[0.01,0.02,0.01,0.02,0,0.01,0.02,0.02,0.02],
[0,0,0,0,0,0,0,0,0],
[0,0,0,0,0,0,0,0,0],
[0,0,0,0,0,0,0,0,0],
[0,0,0,0,0,0,0,0,0],
[0,0,0,0,0,0,0,0,0],
[0,0,0,0,0,0,0,0,0],
[0,0.01,0,0,0.01,0,0,0,0.08],
[0.04,0,0,0.04,0.01,0,0.02,0,0],
[0.02,0,0,0.02,0.01,0.01,0.01,0,0],
[0,0,0.01,0,0,0.01,0.02,0.04,0],
[0,0,0.04,0.02,0.04,0.02,0,0,0],
[0.03,0,0,0.02,0,0,0.01,0,0.05],
[0.02,0,0,0.02,0,0,0.02,0,0],
[0.01,0,0.01,0.02,0,0,0.01,0.03,0],
[0,0,0.02,0.01,0.03,0.01,0.01,0.02,0],
[0.02,0,0,0.02,0,0.01,0.02,0,0.04],
[0.02,0,0.01,0.02,0,0,0.02,0.02,0],
[0.01,0,0.02,0.02,0.02,0.01,0.01,0.02,0],
[0.02,0,0.01,0.02,0,0.01,0.02,0.02,0.03],
[0.01,0,0.01,0.02,0.02,0.01,0.01,0.02,0],
[0.01,0,0.01,0.01,0.01,0.01,0.01,0.02,0.02],
[0,0,0,0,0,0,0,0,0],
[0,0,0,0,0,0,0,0,0],
[0,0,0,0,0,0,0,0,0],
[0,0,0,0,0,0,0,0,0],
[0,0,0,0,0,0,0,0,0],
[0,0,0,0,0,0,0,0,0],
[0,0,0.04,0.01,0.02,0.02,0,0,0],
[0,0.04,0,0.02,0,0,0.01,0,0.01],
[0.02,0,0.02,0,0.02,0,0,0,0.01],
[0.02,0,0.02,0,0.01,0,0.04,0,0.02],
[0,0,0,0.04,0.01,0.02,0,0.02,0.02],
[0,0.02,0.03,0.02,0.02,0.01,0.01,0,0.01],
[0.01,0.03,0.01,0.01,0.01,0,0.01,0.01,0],
[0.01,0,0.01,0,0.02,0,0.02,0,0.02],
[0.01,0,0.02,0.03,0,0.01,0.02,0.02,0.01],
[0.01,0.02,0.02,0.02,0.02,0.01,0.02,0.01,0.01],
[0.01,0.02,0.01,0.01,0.02,0,0.02,0.01,0.02],
[0.01,0,0.02,0.02,0.02,0.01,0.02,0.02,0.02],
[0.01,0.02,0.02,0.02,0.02,0.01,0.02,0.01,0.01],
[0.01,0.02,0.01,0.02,0.01,0.01,0.01,0.01,0.01],
[0.01,0.02,0.02,0.02,0.01,0.01,0.01,0.01,0.01],
[0,0,0,0,0,0,0,0,0],
[0,0,0,0,0,0,0,0,0],
[0,0,0,0,0,0,0,0,0],
[0,0,0,0,0,0,0,0,0],
[0,0,0,0,0,0,0,0,0],
[0,0,0,0,0,0,0,0,0],
[0.02,0,0.02,0,0.02,0.01,0.01,0.02,0],
[0.04,0,0.02,0.04,0.04,0.02,0.04,0,0.01],
[0,0.04,0.02,0,0,0.08,0.02,0,0],
[0.04,0,0,0.04,0.04,0.08,0.01,0.04,0.04],
[0.02,0.04,0,0,0.01,0,0.02,0.08,0.08],
[0.02,0,0.01,0.03,0.02,0.02,0.02,0.01,0.01],
[0.04,0.04,0.04,0.03,0.03,0.04,0.02,0,0.01],
[0.02,0.02,0.01,0.03,0.03,0.05,0.02,0.03,0.02],
[0.02,0.04,0,0.03,0.02,0.04,0.01,0.04,0.04],
[0.03,0.03,0.03,0.03,0.02,0.03,0.02,0.01,0.02],
[0.03,0.03,0.04,0.03,0.03,0.04,0.02,0.02,0.02],
[0.02,0.03,0.01,0.03,0.02,0.04,0.02,0.03,0.03],
[0.03,0.03,0.03,0.03,0.02,0.03,0.02,0.02,0.02],
[0.03,0.03,0.03,0.03,0.02,0.03,0.02,0.02,0.03],
[0.02,0.03,0.02,0.02,0.02,0.03,0.01,0.02,0.03],
[0,0,0,0,0,0,0,0,0],
[0,0,0,0,0,0,0,0,0],
[0,0,0,0,0,0,0,0,0],
[0,0,0,0,0,0,0,0,0],
[0,0,0,0,0,0,0,0,0],
[0,0,0,0,0,0,0,0,0],
[0.02,0,0,0,0,0,0.01,0.02,0.04],
[0.01,0.04,0.04,0.01,0.08,0.02,0.01,0.01,0],
[0.02,0.02,0,0.01,0,0,0.04,0,0],
[0.02,0.01,0,0.01,0,0,0,0.02,0.02],
[0.01,0.02,0,0,0,0,0,0,0],
[0.01,0.03,0.02,0,0.05,0.01,0,0.02,0.03],
[0.01,0.02,0.03,0,0.04,0.02,0.02,0,0],
[0.01,0.01,0,0,0,0,0.02,0.01,0.02],
[0.01,0.02,0,0.01,0,0,0,0.01,0.01],
[0.02,0.02,0.02,0,0.04,0.02,0.02,0.02,0.02],
[0.01,0.02,0.03,0,0.03,0.02,0.02,0.01,0.02],
[0.01,0.02,0,0.01,0,0,0.02,0.01,0.02],
[0.01,0.02,0.03,0,0.03,0.02,0.02,0.02,0.02],
[0.01,0.03,0.03,0.01,0.02,0.02,0.01,0.01,0.02],
[0.01,0.03,0.03,0.01,0.03,0.02,0.01,0.01,0.02],
[0,0.04,0.01,0,0,0.01,0,0,0],
[0,0.02,0.04,0.02,0.04,0.01,0,0.02,0.04],
[0.02,0,0.02,0,0.02,0.02,0,0.01,0.04],
[0.01,0,0.08,0,0.02,0,0,0,0.02],
[0,0,0,0.04,0,0,0,0.01,0],
[0.01,0.02,0,0,0,0.04,0.02,0.04,0],
[0,0.02,0.02,0.01,0.03,0,0.01,0.01,0.02],
[0.01,0.01,0.03,0.02,0.02,0.01,0.02,0.02,0.03],
[0.02,0.01,0.04,0.01,0.02,0.01,0,0.01,0.03],
[0.01,0.01,0.03,0.02,0.03,0,0.01,0.01,0.01],
[0.01,0.01,0,0.02,0.01,0.02,0.01,0.02,0],
[0.01,0.01,0.02,0.01,0.02,0.01,0.02,0.01,0.02],
[0.01,0.01,0.03,0.01,0.02,0.01,0.02,0.02,0.03],
[0.02,0.01,0.03,0.02,0.02,0.01,0.01,0.01,0.02],
[0.01,0.02,0.02,0.01,0.02,0.01,0.01,0.01,0.01],
[0.01,0.01,0.03,0.01,0.02,0.01,0.01,0.01,0.02],
[0.02,0.01,0.03,0.02,0.02,0.01,0.02,0.01,0.02],
[0.01,0.01,0.03,0.01,0.02,0.01,0.01,0.01,0.01],
[0.01,0.01,0.02,0.01,0.02,0.01,0.02,0.01,0.02],
[0.01,0.01,0.02,0.01,0.02,0.01,0.02,0.02,0.02],
[0.01,0.01,0.02,0.01,0.02,0.01,0.02,0.01,0.02],
[0,0,0,0.01,0.02,0,0.02,0.02,0],
[0.02,0.02,0.02,0.04,0,0,0.02,0,0.04],
[0.02,0.02,0.08,0,0,0.02,0,0.02,0.04],
[0,0,0.02,0,0,0.02,0.02,0.04,0],
[0,0.01,0,0,0.02,0,0.02,0.01,0],
[0,0,0.02,0.02,0.01,0,0.04,0,0.02],
[0.01,0.02,0.01,0.02,0.02,0,0.03,0.01,0.02],
[0.02,0.02,0.04,0.02,0,0.01,0.02,0.02,0.03],
[0.03,0.01,0.04,0,0,0.02,0.02,0.02,0.04],
[0,0,0.01,0,0.03,0.01,0.03,0.02,0.01],
[0,0,0.01,0.01,0.02,0.01,0.02,0.01,0.02],
[0.01,0.02,0.03,0.01,0.01,0.01,0.02,0.02,0.02],
[0.02,0.01,0.03,0.01,0,0.02,0.02,0.02,0.03],
[0.02,0.01,0.02,0,0.02,0.01,0.02,0.01,0.02],
[0,0,0.01,0.01,0.02,0.01,0.03,0.02,0.02],
[0.02,0.02,0.02,0.01,0.01,0.01,0.02,0.02,0.03],
[0.02,0.01,0.02,0.01,0.02,0.01,0.02,0.01,0.03],
[0.01,0.01,0.02,0.01,0.01,0.01,0.02,0.02,0.02],
[0.02,0.02,0.02,0.01,0.02,0.01,0.02,0.02,0.02],
[0.01,0.01,0.02,0.01,0.02,0.01,0.02,0.01,0.03],
[0.01,0.01,0.02,0.01,0.02,0.01,0.02,0.02,0.02],
[0.02,0.04,0.04,0,0.01,0.02,0,0.04,0.02],
[0,0,0,0.08,0,0,0.02,0.04,0],
[0.02,0.02,0.04,0,0.01,0,0,0,0],
[0.02,0.01,0,0.04,0,0.02,0,0.04,0],
[0.01,0.01,0,0.04,0.01,0.02,0,0,0],
[0.01,0,0,0.01,0.04,0,0.02,0,0.04],
[0.01,0.02,0.02,0.03,0.01,0.01,0.01,0.03,0.03],
[0.02,0.02,0.02,0.03,0.01,0,0.01,0.02,0],
[0.03,0.01,0.02,0.02,0,0.02,0.02,0.02,0],
[0.01,0,0,0.03,0,0.02,0.02,0.02,0.01],
[0,0,0.02,0.02,0.02,0.01,0.01,0,0.02],
[0.02,0.02,0.02,0.02,0.01,0,0.01,0.03,0.02],
[0.02,0.01,0.01,0.03,0,0.01,0.02,0.02,0],
[0.02,0.01,0.01,0.02,0,0.02,0.01,0.02,0.01],
[0.01,0,0.01,0.02,0.01,0.01,0.01,0.01,0.02],
[0.02,0.02,0.02,0.02,0,0.01,0.02,0.03,0.02],
[0.01,0.01,0.01,0.03,0,0.01,0.02,0.02,0],
[0.01,0.01,0.02,0.02,0.01,0.01,0.01,0.02,0.02],
[0.01,0.01,0.01,0.02,0,0.01,0.02,0.02,0.02],
[0.01,0.01,0.01,0.02,0.01,0.01,0.01,0.02,0.01],
[0.01,0.01,0.02,0.02,0.01,0.01,0.02,0.02,0.02],
[0,0,0,0,0.01,0,0.08,0.01,0.04],
[0,0.02,0.02,0.02,0.02,0.02,0.04,0.02,0.02],
[0.04,0,0.02,0,0.02,0.01,0,0.04,0.04],
[0,0,0,0.04,0.01,0,0.02,0.08,0],
[0.01,0,0,0.08,0,0.01,0.04,0,0],
[0.01,0.02,0.08,0.01,0.02,0.04,0.02,0.01,0],
[0,0.01,0.02,0.01,0.01,0.02,0.04,0.01,0.03],
[0.02,0.02,0.01,0.03,0.02,0.01,0.02,0.02,0.02],
[0.02,0,0.01,0.02,0.02,0,0.01,0.04,0.02],
[0.01,0,0.01,0.04,0,0,0.02,0.03,0.01],
[0,0.01,0.03,0.03,0.02,0.02,0.02,0.01,0.01],
[0.02,0.01,0.02,0.02,0.01,0.01,0.03,0.01,0.03],
[0.02,0.01,0.01,0.03,0.01,0.01,0.01,0.03,0.01],
[0.01,0,0.01,0.03,0.01,0,0.01,0.03,0.01],
[0.01,0.01,0.02,0.03,0.01,0.01,0.02,0.02,0.01],
[0.01,0.01,0.01,0.02,0.01,0.01,0.02,0.02,0.02],
[0.01,0.01,0.01,0.03,0.01,0.01,0.02,0.03,0.01],
[0.01,0.01,0.02,0.03,0.02,0.01,0.01,0.02,0.01],
[0.01,0.01,0.01,0.03,0.01,0.01,0.02,0.02,0.02],
[0.01,0.01,0.02,0.03,0.01,0.01,0.02,0.02,0.01],
[0.01,0.01,0.02,0.02,0.01,0.01,0.02,0.02,0.02],
[0.01,0,0.02,0.04,0.02,0,0.02,0.01,0.04],
[0,0,0,0.02,0.02,0,0,0,0.01],
[0.02,0.02,0.01,0.04,0,0.02,0.02,0,0.01],
[0,0,0,0.04,0.02,0.02,0,0,0],
[0,0,0.04,0,0,0.02,0,0.04,0.08],
[0.02,0.08,0.04,0.04,0,0.04,0.02,0.04,0.02],
[0.01,0,0.03,0.02,0.01,0.01,0.01,0.01,0.02],
[0.02,0.02,0.01,0.02,0.02,0.01,0.02,0,0],
[0.02,0.02,0.02,0.03,0.01,0.03,0.01,0,0.01],
[0.02,0,0.02,0.02,0.02,0.03,0.02,0.03,0.03],
[0.01,0.03,0.03,0.02,0,0.03,0.02,0.03,0.04],
[0.01,0.01,0.02,0.02,0.02,0.01,0.02,0.01,0.01],
[0.02,0.03,0.02,0.02,0.02,0.02,0.01,0,0.01],
[0.02,0.01,0.02,0.02,0.02,0.02,0.02,0.02,0.02],
[0.02,0.02,0.03,0.02,0.01,0.03,0.01,0.03,0.02],
[0.02,0.02,0.02,0.02,0.02,0.02,0.02,0.01,0.01],
[0.02,0.02,0.02,0.02,0.02,0.02,0.02,0.01,0.02],
[0.02,0.02,0.02,0.02,0.02,0.02,0.02,0.02,0.02],
[0.02,0.02,0.02,0.02,0.02,0.02,0.02,0.01,0.02],
[0.02,0.03,0.02,0.02,0.02,0.02,0.02,0.02,0.02],
[0.01,0.02,0.02,0.02,0.02,0.02,0.02,0.02,0.02],
[0,0,0.01,0.02,0,0,0.01,0.04,0.04],
[0,0,0,0.02,0.04,0.02,0.01,0,0],
[0,0.02,0,0,0.08,0.02,0.04,0.02,0.02],
[0.08,0.04,0,0.01,0.04,0.04,0.02,0.02,0.02],
[0.01,0,0,0.04,0,0,0.02,0.04,0.04],
[0.02,0.08,0,0.08,0.01,0,0,0,0.02],
[0.02,0,0.01,0.01,0.02,0.01,0,0.02,0.02],
[0.02,0.02,0.02,0.02,0.04,0.03,0.02,0.01,0.01],
[0.03,0.02,0.01,0,0.04,0.03,0.02,0.01,0.02],
[0.03,0.02,0,0.02,0.02,0.03,0.02,0.02,0.02],
[0.01,0.03,0,0.04,0,0,0.01,0.03,0.03],
[0.01,0.01,0.01,0.02,0.03,0.02,0.01,0.01,0.02],
[0.03,0.03,0.03,0.01,0.03,0.03,0.02,0.01,0.01],
[0.02,0.01,0.01,0.01,0.03,0.02,0.02,0.02,0.02],
[0.02,0.03,0,0.03,0.01,0.02,0.01,0.02,0.02],
[0.02,0.02,0.02,0.02,0.03,0.02,0.02,0.01,0.02],
[0.02,0.02,0.03,0.02,0.03,0.02,0.02,0.01,0.02],
[0.02,0.02,0.01,0.02,0.02,0.02,0.01,0.02,0.02],
[0.02,0.02,0.02,0.02,0.03,0.03,0.01,0.02,0.02],
[0.02,0.03,0.02,0.02,0.02,0.02,0.01,0.02,0.02],
[0.02,0.02,0.02,0.02,0.02,0.02,0.01,0.02,0.02],
[0,0.04,0.01,0,0.02,0,0.01,0.01,0],
[0.01,0.01,0.02,0.02,0.03,0,0.01,0.01,0.03],
[0.01,0.01,0.04,0,0.01,0.01,0,0.01,0.03],
[0.01,0,0.04,0.01,0.01,0.01,0.01,0.02,0.01],
[0,0,0,0.03,0.01,0,0.01,0,0],
[0,0.01,0.02,0.01,0.01,0.02,0.02,0.03,0.02],
[0.01,0.02,0.01,0.01,0.03,0,0.02,0.01,0.01],
[0.01,0.01,0.03,0.01,0.02,0.01,0.02,0.02,0.02],
[0.02,0.01,0.03,0.01,0.01,0.01,0.01,0.01,0.02],
[0.01,0.01,0.02,0.02,0.02,0.01,0.02,0.01,0.01],
[0,0.01,0.01,0.02,0.01,0.01,0.01,0.01,0.01],
[0.01,0.02,0.02,0.01,0.02,0.01,0.02,0.02,0.02],
[0.01,0.01,0.03,0.01,0.01,0.01,0.02,0.02,0.02],
[0.02,0.01,0.02,0.01,0.02,0.01,0.01,0.01,0.02],
[0.01,0.01,0.02,0.02,0.02,0.01,0.02,0.02,0.02],
[0.01,0.02,0.02,0.01,0.02,0.01,0.02,0.02,0.02],
[0.01,0.01,0.02,0.01,0.02,0.01,0.02,0.01,0.02],
[0.01,0.01,0.02,0.01,0.01,0.01,0.01,0.01,0.02],
[0.01,0.02,0.02,0.01,0.02,0.01,0.02,0.01,0.01],
[0.01,0.01,0.02,0.01,0.02,0.01,0.02,0.02,0.02],
[0.01,0.02,0.02,0.01,0.02,0.01,0.02,0.02,0.02],
[0.01,0.02,0.02,0,0.01,0.01,0.01,0.02,0.02],
[0.01,0.01,0.02,0.04,0,0,0.04,0.02,0.04],
[0.01,0.01,0.04,0,0,0.01,0,0.01,0.04],
[0.01,0,0.01,0.02,0,0.01,0.01,0.03,0],
[0,0,0,0.03,0.02,0.01,0.01,0.01,0],
[0,0,0.02,0.01,0.02,0,0.02,0,0.02],
[0.01,0.01,0.02,0.02,0.01,0.01,0.03,0.02,0.03],
[0.02,0.01,0.03,0.02,0.01,0.01,0.02,0.02,0.03],
[0.03,0.01,0.03,0.01,0,0.01,0.01,0.02,0.02],
[0.01,0,0.01,0.02,0.02,0.01,0.02,0.02,0.01],
[0,0,0.02,0.02,0.02,0.01,0.01,0.01,0.01],
[0.02,0.02,0.02,0.02,0.01,0.01,0.02,0.02,0.03],
[0.02,0.01,0.02,0.02,0,0.01,0.02,0.02,0.03],
[0.02,0.01,0.02,0.02,0.01,0.01,0.01,0.02,0.02],
[0,0,0.02,0.02,0.02,0.01,0.02,0.02,0.02],
[0.02,0.01,0.02,0.02,0.01,0.01,0.02,0.02,0.03],
[0.02,0.01,0.02,0.02,0.01,0.01,0.02,0.02,0.02],
[0.01,0,0.02,0.01,0.02,0.01,0.01,0.02,0.02],
[0.01,0.01,0.02,0.02,0.01,0.01,0.02,0.02,0.02],
[0.01,0.01,0.02,0.02,0.02,0.01,0.02,0.02,0.02],
[0.01,0.01,0.02,0.02,0.01,0.01,0.02,0.02,0.02],
[0.01,0.03,0.04,0,0,0.01,0.05,0.02,0.02],
[0,0.02,0.01,0.04,0.02,0.01,0.02,0.02,0.01],
[0.02,0.02,0.02,0,0.02,0,0,0.03,0.02],
[0.02,0.01,0,0.03,0,0.01,0.02,0.04,0.01],
[0,0.01,0,0.04,0,0.01,0.02,0,0.01],
[0,0.01,0.04,0,0.02,0.03,0.01,0.01,0.02],
[0.01,0.02,0.02,0.02,0.01,0.01,0.03,0.02,0.02],
[0.01,0.02,0.01,0.02,0.02,0.01,0.01,0.02,0.01],
[0.02,0.01,0.01,0.01,0.01,0.01,0.01,0.03,0.01],
[0.01,0.01,0.01,0.03,0,0.01,0.02,0.02,0.01],
[0,0.01,0.02,0.02,0.01,0.02,0.01,0.01,0.02],
[0.01,0.02,0.02,0.02,0.02,0.01,0.02,0.02,0.02],
[0.02,0.01,0.01,0.02,0.02,0.01,0.02,0.03,0.01],
[0.01,0.01,0.01,0.02,0.01,0.01,0.01,0.03,0.01],
[0.01,0.01,0.02,0.02,0.01,0.01,0.02,0.02,0.02],
[0.01,0.02,0.02,0.02,0.01,0.01,0.02,0.03,0.02],
[0.01,0.01,0.01,0.02,0.01,0.01,0.02,0.02,0.01],
[0.01,0.01,0.02,0.02,0.01,0.01,0.01,0.02,0.02],
[0.01,0.01,0.01,0.02,0.01,0.01,0.02,0.02,0.01],
[0.01,0.01,0.01,0.02,0.01,0.01,0.01,0.02,0.01],
[0.01,0.01,0.02,0.02,0.01,0.01,0.02,0.02,0.02],
[0,0,0.01,0.03,0.01,0,0.04,0,0.03],
[0,0.01,0.02,0.04,0.01,0.01,0.03,0.02,0.02],
[0.02,0.01,0.01,0.02,0.01,0.02,0.01,0.03,0.02],
[0.01,0.01,0.01,0.03,0.02,0.01,0.01,0.04,0],
[0,0,0.03,0.05,0,0.02,0.02,0.03,0.04],
[0.01,0.04,0.04,0.02,0.01,0.03,0.01,0.02,0.01],
[0,0.01,0.02,0.03,0.01,0.01,0.03,0.01,0.03],
[0.02,0.01,0.01,0.03,0.02,0.01,0.02,0.02,0.02],
[0.01,0.01,0.01,0.02,0.02,0.02,0.01,0.03,0.01],
[0.01,0.01,0.02,0.03,0.01,0.02,0.01,0.03,0.02],
[0.01,0.02,0.03,0.03,0.01,0.02,0.02,0.02,0.02],
[0.02,0.01,0.02,0.02,0.02,0.02,0.02,0.02,0.02],
[0.02,0.02,0.02,0.02,0.02,0.01,0.01,0.03,0.01],
[0.02,0.01,0.02,0.03,0.02,0.02,0.02,0.03,0.02],
[0.01,0.02,0.02,0.03,0.02,0.02,0.01,0.02,0.02],
[0.02,0.02,0.02,0.02,0.02,0.01,0.02,0.02,0.02],
[0.02,0.02,0.02,0.03,0.02,0.01,0.02,0.02,0.02],
[0.01,0.01,0.02,0.02,0.02,0.02,0.01,0.02,0.02],
[0.01,0.01,0.02,0.03,0.01,0.01,0.02,0.02,0.02],
[0.01,0.02,0.02,0.03,0.02,0.02,0.01,0.02,0.02],
[0.01,0.02,0.02,0.02,0.01,0.02,0.02,0.02,0.02],
[0.01,0,0.02,0.02,0.02,0,0.01,0.02,0.03],
[0,0,0,0.01,0.02,0.02,0,0,0.01],
[0.01,0.01,0.01,0.03,0.05,0.01,0.02,0.01,0.01],
[0.04,0.02,0,0.02,0.02,0.02,0.01,0.02,0.01],
[0,0,0.03,0.03,0,0.01,0.02,0.03,0.04],
[0.01,0.05,0.04,0.04,0,0.03,0.01,0.02,0.01],
[0.01,0,0.02,0.01,0.02,0.01,0.01,0.01,0.02],
[0.01,0.02,0.01,0.02,0.03,0.02,0.01,0.01,0.01],
[0.02,0.02,0.01,0.02,0.03,0.02,0.01,0.02,0.01],
[0.02,0.01,0.01,0.02,0.01,0.02,0.02,0.02,0.02],
[0.01,0.02,0.03,0.03,0,0.02,0.02,0.02,0.02],
[0.01,0.02,0.02,0.02,0.03,0.02,0.01,0.01,0.02],
[0.02,0.03,0.02,0.02,0.03,0.02,0.01,0.01,0.01],
[0.02,0.01,0.01,0.02,0.03,0.02,0.02,0.02,0.02],
[0.02,0.02,0.02,0.03,0.01,0.02,0.02,0.02,0.02],
[0.02,0.02,0.02,0.02,0.02,0.02,0.02,0.01,0.01],
[0.02,0.02,0.02,0.02,0.02,0.02,0.02,0.01,0.02],
[0.01,0.02,0.02,0.03,0.02,0.02,0.02,0.02,0.02],
[0.01,0.02,0.02,0.02,0.02,0.02,0.02,0.01,0.02],
[0.01,0.02,0.02,0.02,0.02,0.02,0.01,0.01,0.02],
[0.01,0.02,0.02,0.02,0.02,0.02,0.02,0.01,0.02],
[0.01,0.03,0.02,0,0.02,0.01,0.01,0.02,0.02],
[0.01,0.01,0.02,0.03,0.02,0,0.04,0.03,0.03],
[0.01,0.01,0.03,0,0.01,0.01,0,0.01,0.03],
[0.01,0.01,0.03,0.02,0.01,0.01,0.01,0.02,0.01],
[0.01,0,0,0.03,0.02,0.01,0.01,0.01,0],
[0,0.01,0.03,0.01,0.02,0.02,0.02,0.02,0.02],
[0.01,0.02,0.02,0.02,0.02,0.01,0.03,0.02,0.02],
[0.01,0.01,0.02,0.02,0.01,0.01,0.02,0.02,0.03],
[0.02,0.01,0.02,0.01,0.01,0.01,0.01,0.01,0.02],
[0.01,0.01,0.01,0.02,0.02,0.01,0.02,0.01,0.01],
[0.01,0.01,0.02,0.02,0.01,0.01,0.01,0.01,0.01],
[0.01,0.02,0.02,0.02,0.02,0.01,0.02,0.02,0.02],
[0.01,0.01,0.02,0.02,0.01,0.01,0.02,0.02,0.02],
[0.02,0.01,0.02,0.02,0.01,0.01,0.01,0.01,0.01],
[0.01,0.01,0.02,0.02,0.02,0.01,0.01,0.02,0.01],
[0.01,0.01,0.02,0.02,0.01,0.01,0.02,0.02,0.02],
[0.01,0.01,0.02,0.02,0.01,0.01,0.02,0.02,0.02],
[0.01,0.01,0.02,0.02,0.01,0.01,0.01,0.01,0.01],
[0.01,0.01,0.02,0.02,0.02,0.01,0.02,0.02,0.02],
[0.01,0.01,0.02,0.02,0.02,0.01,0.02,0.02,0.02],
[0.01,0.01,0.02,0.02,0.02,0.01,0.02,0.02,0.02],
[0.01,0.02,0.03,0,0.01,0.01,0.04,0.02,0.02],
[0.01,0.02,0.02,0.03,0.02,0.01,0.03,0.02,0.03],
[0.02,0.02,0.03,0,0.02,0.01,0,0.02,0.03],
[0.02,0.01,0.02,0.02,0.01,0.01,0.02,0.04,0.01],
[0,0.01,0,0.03,0.02,0.01,0.03,0.01,0.01],
[0,0.01,0.03,0.01,0.02,0.03,0.02,0.01,0.02],
[0.01,0.02,0.02,0.01,0.01,0.01,0.03,0.01,0.02],
[0.02,0.01,0.02,0.02,0.02,0.01,0.01,0.02,0.03],
[0.02,0.01,0.02,0.01,0.01,0.01,0.01,0.03,0.02],
[0.01,0.01,0.01,0.02,0.01,0.01,0.02,0.02,0.01],
[0,0.01,0.02,0.02,0.02,0.02,0.02,0.01,0.01],
[0.02,0.02,0.02,0.02,0.02,0.01,0.02,0.02,0.02],
[0.02,0.01,0.02,0.02,0.02,0.01,0.01,0.02,0.02],
[0.02,0.01,0.02,0.02,0.02,0.01,0.01,0.02,0.02],
[0.01,0.01,0.02,0.02,0.01,0.01,0.02,0.02,0.01],
[0.02,0.01,0.02,0.02,0.01,0.01,0.02,0.02,0.02],
[0.01,0.01,0.01,0.02,0.02,0.01,0.02,0.02,0.02],
[0.01,0.01,0.02,0.02,0.01,0.01,0.02,0.02,0.02],
[0.01,0.01,0.02,0.02,0.01,0.01,0.02,0.02,0.02],
[0.01,0.01,0.02,0.02,0.02,0.01,0.02,0.02,0.02],
[0.01,0.01,0.02,0.02,0.01,0.01,0.02,0.02,0.02],
[0.01,0.02,0.03,0.02,0.01,0.01,0.04,0.02,0.02],
[0,0.02,0.02,0.04,0.02,0.01,0.02,0.02,0.02],
[0.02,0.02,0.02,0.02,0.02,0.02,0.01,0.03,0.02],
[0.03,0.02,0.01,0.03,0.02,0.03,0.02,0.03,0.01],
[0,0.01,0.02,0.04,0,0.02,0.02,0.02,0.03],
[0.01,0.03,0.03,0.02,0.02,0.02,0.01,0.02,0.03],
[0.01,0.02,0.02,0.03,0.01,0.01,0.02,0.02,0.02],
[0.02,0.02,0.01,0.02,0.02,0.01,0.01,0.02,0.01],
[0.02,0.02,0.02,0.02,0.02,0.02,0.02,0.03,0.01],
[0.02,0.01,0.02,0.03,0.01,0.02,0.01,0.02,0.02],
[0.01,0.02,0.02,0.03,0.01,0.02,0.01,0.02,0.02],
[0.01,0.02,0.02,0.02,0.02,0.01,0.02,0.02,0.02],
[0.02,0.02,0.02,0.02,0.02,0.02,0.02,0.02,0.01],
[0.02,0.01,0.02,0.02,0.02,0.02,0.02,0.02,0.02],
[0.01,0.01,0.02,0.02,0.01,0.02,0.01,0.02,0.02],
[0.02,0.02,0.02,0.02,0.02,0.01,0.02,0.02,0.02],
[0.02,0.02,0.02,0.02,0.02,0.02,0.02,0.02,0.01],
[0.01,0.02,0.02,0.02,0.02,0.02,0.01,0.02,0.02],
[0.01,0.02,0.02,0.02,0.01,0.02,0.02,0.02,0.02],
[0.01,0.02,0.02,0.02,0.02,0.02,0.01,0.02,0.02],
[0.01,0.02,0.02,0.02,0.01,0.02,0.02,0.02,0.02],
[0.01,0,0.02,0.02,0.02,0,0.03,0.02,0.03],
[0,0.01,0.02,0.03,0.02,0.02,0.02,0.02,0.03],
[0.02,0.01,0.01,0.02,0.04,0.02,0.02,0.02,0.03],
[0.03,0.02,0.01,0.02,0.02,0.02,0.02,0.03,0.01],
[0,0,0.03,0.04,0,0.02,0.02,0.02,0.03],
[0.01,0.04,0.04,0.03,0.02,0.02,0.01,0.02,0.01],
[0.01,0.01,0.02,0.02,0.02,0.01,0.02,0.02,0.03],
[0.02,0.02,0.02,0.02,0.03,0.02,0.02,0.02,0.02],
[0.02,0.01,0.01,0.02,0.02,0.01,0.01,0.02,0.02],
[0.02,0.01,0.02,0.03,0.01,0.02,0.02,0.02,0.02],
[0.01,0.02,0.03,0.03,0.01,0.02,0.02,0.02,0.02],
[0.01,0.01,0.02,0.02,0.02,0.02,0.02,0.02,0.02],
[0.02,0.02,0.02,0.02,0.02,0.01,0.01,0.02,0.02],
[0.02,0.01,0.01,0.02,0.02,0.01,0.02,0.02,0.02],
[0.01,0.02,0.02,0.03,0.01,0.02,0.01,0.02,0.01],
[0.02,0.02,0.02,0.02,0.02,0.01,0.02,0.02,0.02],
[0.02,0.02,0.02,0.02,0.02,0.01,0.02,0.02,0.02],
[0.01,0.01,0.02,0.02,0.02,0.01,0.01,0.02,0.02],
[0.01,0.01,0.02,0.02,0.02,0.02,0.02,0.02,0.02],
[0.01,0.02,0.02,0.02,0.02,0.02,0.01,0.02,0.02],
[0.01,0.02,0.02,0.02,0.02,0.02,0.02,0.02,0.02],
[0.01,0.03,0.03,0,0.02,0.01,0.03,0.01,0.02],
[0.01,0.02,0.02,0.03,0.02,0.01,0.03,0.02,0.02],
[0.02,0.01,0.03,0,0.02,0.01,0,0.02,0.03],
[0.01,0.01,0.02,0.02,0.01,0.01,0.01,0.03,0.01],
[0.01,0.01,0,0.03,0.02,0.01,0.02,0.01,0],
[0,0.01,0.03,0.01,0.01,0.03,0.02,0.02,0.02],
[0.01,0.02,0.02,0.01,0.02,0.01,0.03,0.02,0.02],
[0.01,0.01,0.02,0.02,0.02,0.01,0.02,0.02,0.02],
[0.02,0.01,0.02,0.01,0.01,0.01,0.01,0.02,0.02],
[0.01,0.01,0.01,0.02,0.01,0.01,0.02,0.02,0.01],
[0,0.01,0.02,0.02,0.01,0.02,0.02,0.01,0.01],
[0.01,0.02,0.02,0.02,0.02,0.01,0.02,0.02,0.02],
[0.01,0.01,0.02,0.02,0.02,0.01,0.01,0.02,0.02],
[0.01,0.01,0.02,0.02,0.01,0.01,0.01,0.02,0.01],
[0.01,0.01,0.02,0.02,0.01,0.01,0.02,0.02,0.01],
[0.01,0.01,0.02,0.02,0.02,0.01,0.02,0.02,0.02],
[0.01,0.01,0.02,0.02,0.02,0.01,0.02,0.02,0.02],
[0.01,0.01,0.02,0.02,0.01,0.01,0.01,0.02,0.01],
[0.01,0.01,0.02,0.02,0.02,0.01,0.02,0.02,0.02],
[0.01,0.01,0.02,0.02,0.02,0.01,0.02,0.02,0.02],
[0.01,0.01,0.02,0.02,0.02,0.01,0.02,0.02,0.01],
[0.01,0.02,0.03,0.02,0.01,0.01,0.03,0.02,0.02],
[0.01,0.02,0.02,0.03,0.02,0.01,0.02,0.02,0.03],
[0.02,0.01,0.03,0.01,0.02,0.02,0.01,0.02,0.03],
[0.03,0.02,0.02,0.02,0.02,0.02,0.01,0.03,0.01],
[0,0.01,0.02,0.03,0.02,0.01,0.03,0.02,0.02],
[0.01,0.02,0.03,0.02,0.01,0.02,0.02,0.01,0.02],
[0.01,0.02,0.02,0.02,0.01,0.01,0.02,0.01,0.02],
[0.02,0.01,0.02,0.02,0.02,0.01,0.02,0.02,0.02],
[0.02,0.01,0.02,0.02,0.02,0.02,0.01,0.03,0.02],
[0.01,0.01,0.02,0.02,0.02,0.02,0.02,0.02,0.02],
[0,0.01,0.02,0.02,0.01,0.02,0.02,0.02,0.02],
[0.02,0.02,0.02,0.02,0.02,0.01,0.02,0.02,0.02],
[0.02,0.02,0.02,0.02,0.02,0.01,0.01,0.02,0.02],
[0.02,0.01,0.02,0.02,0.02,0.01,0.01,0.02,0.02],
[0.01,0.01,0.02,0.02,0.02,0.02,0.02,0.02,0.02],
[0.02,0.02,0.02,0.02,0.02,0.01,0.02,0.02,0.02],
[0.02,0.01,0.02,0.02,0.02,0.01,0.02,0.02,0.02],
[0.01,0.01,0.02,0.02,0.02,0.02,0.02,0.02,0.02],
[0.01,0.01,0.02,0.02,0.02,0.01,0.02,0.02,0.02],
[0.01,0.01,0.02,0.02,0.02,0.01,0.02,0.02,0.02],
[0.01,0.01,0.02,0.02,0.02,0.01,0.02,0.02,0.02],
[0.01,0.02,0.03,0.02,0.02,0.01,0.03,0.02,0.02],
[0,0.02,0.02,0.03,0.03,0.01,0.02,0.02,0.03],
[0.01,0.02,0.02,0.02,0.03,0.02,0.01,0.02,0.03],
[0.03,0.02,0.01,0.02,0.02,0.02,0.03,0.03,0.01],
[0,0.01,0.03,0.03,0,0.01,0.02,0.02,0.02],
[0.01,0.03,0.03,0.02,0.02,0.02,0.01,0.01,0.02],
[0.01,0.02,0.02,0.02,0.02,0.01,0.02,0.02,0.02],
[0.01,0.02,0.02,0.02,0.03,0.01,0.01,0.02,0.02],
[0.02,0.02,0.01,0.02,0.02,0.02,0.02,0.02,0.02],
[0.02,0.01,0.02,0.02,0.01,0.02,0.02,0.02,0.02],
[0.01,0.02,0.03,0.03,0.01,0.01,0.01,0.01,0.02],
[0.01,0.02,0.02,0.02,0.02,0.01,0.02,0.02,0.02],
[0.02,0.02,0.02,0.02,0.02,0.02,0.02,0.02,0.02],
[0.02,0.01,0.02,0.02,0.02,0.01,0.02,0.02,0.02],
[0.01,0.01,0.02,0.02,0.01,0.02,0.02,0.02,0.02],
[0.02,0.02,0.02,0.02,0.02,0.02,0.02,0.02,0.02],
[0.01,0.02,0.02,0.02,0.02,0.02,0.02,0.02,0.02],
[0.01,0.02,0.02,0.02,0.02,0.01,0.01,0.02,0.02],
[0.01,0.02,0.02,0.02,0.02,0.02,0.02,0.02,0.02],
[0.01,0.02,0.02,0.02,0.02,0.02,0.01,0.02,0.02],
[0.01,0.02,0.02,0.02,0.02,0.02,0.02,0.02,0.02],
[0.01,0.02,0.02,0.01,0.01,0.01,0.02,0.01,0.02],
[0.01,0.02,0.02,0.03,0.02,0.01,0.02,0.02,0.02],
[0.01,0.01,0.02,0.01,0.02,0.02,0.01,0.02,0.02],
[0.02,0.02,0.02,0.02,0.02,0.02,0.01,0.03,0.01],
[0,0.01,0.02,0.03,0.02,0.01,0.02,0.01,0.02],
[0.01,0.02,0.03,0.01,0.01,0.02,0.01,0.02,0.02],
[0.01,0.02,0.02,0.02,0.02,0.01,0.02,0.01,0.02],
[0.02,0.01,0.02,0.02,0.02,0.01,0.02,0.02,0.02],
[0.02,0.01,0.02,0.01,0.02,0.02,0.01,0.02,0.02],
[0.01,0.01,0.02,0.02,0.02,0.01,0.02,0.02,0.01],
[0.01,0.01,0.02,0.02,0.01,0.02,0.02,0.02,0.02],
[0.01,0.02,0.02,0.02,0.02,0.01,0.02,0.02,0.02],
[0.02,0.02,0.02,0.02,0.02,0.01,0.02,0.02,0.02],
[0.02,0.01,0.02,0.02,0.02,0.01,0.01,0.02,0.02],
[0.01,0.02,0.02,0.02,0.01,0.02,0.01,0.02,0.01],
[0.01,0.02,0.02,0.02,0.02,0.01,0.02,0.02,0.02],
[0.02,0.01,0.02,0.02,0.02,0.01,0.02,0.02,0.02],
[0.01,0.01,0.02,0.02,0.02,0.02,0.01,0.02,0.02],
[0.01,0.01,0.02,0.02,0.02,0.01,0.02,0.02,0.02],
[0.01,0.01,0.02,0.02,0.02,0.01,0.02,0.02,0.02],
[0.01,0.02,0.02,0.02,0.02,0.01,0.02,0.02,0.02],
[0.01,0.02,0.02,0.01,0.01,0.01,0.03,0.02,0.02],
[0.01,0.02,0.02,0.03,0.03,0.01,0.02,0.01,0.03],
[0.01,0.01,0.02,0.02,0.03,0.01,0.01,0.02,0.03],
[0.03,0.02,0.02,0.02,0.02,0.02,0.02,0.03,0.01],
[0,0.01,0.02,0.03,0.01,0.01,0.02,0.02,0.02],
[0.01,0.02,0.03,0.02,0.01,0.02,0.02,0.01,0.02],
[0.01,0.02,0.02,0.02,0.02,0.01,0.02,0.01,0.02],
[0.02,0.02,0.02,0.02,0.03,0.01,0.01,0.01,0.02],
[0.02,0.01,0.02,0.02,0.02,0.01,0.01,0.02,0.02],
[0.01,0.01,0.02,0.02,0.02,0.01,0.02,0.02,0.02],
[0,0.01,0.02,0.02,0.01,0.01,0.02,0.01,0.02],
[0.01,0.02,0.02,0.02,0.02,0.01,0.02,0.02,0.02],
[0.02,0.02,0.02,0.02,0.02,0.01,0.02,0.02,0.02],
[0.02,0.01,0.02,0.02,0.02,0.01,0.02,0.02,0.02],
[0.01,0.01,0.02,0.02,0.01,0.01,0.02,0.02,0.02],
[0.02,0.02,0.02,0.02,0.02,0.01,0.02,0.02,0.02],
[0.02,0.01,0.02,0.02,0.02,0.01,0.02,0.02,0.02],
[0.01,0.01,0.02,0.02,0.02,0.01,0.02,0.02,0.02],
[0.01,0.01,0.02,0.02,0.02,0.01,0.02,0.02,0.02],
[0.01,0.01,0.02,0.02,0.02,0.01,0.02,0.02,0.02],
[0.01,0.02,0.02,0.02,0.02,0.02,0.02,0.02,0.02],
[0.01,0.02,0.02,0.01,0.02,0.01,0.02,0.02,0.02],
[0.01,0.02,0.02,0.02,0.03,0.01,0.02,0.02,0.02],
[0.01,0.01,0.02,0.02,0.02,0.01,0.01,0.02,0.02],
[0.02,0.02,0.02,0.02,0.02,0.02,0.02,0.03,0.01],
[0,0,0.02,0.03,0.01,0.01,0.02,0.01,0.02],
[0.01,0.02,0.03,0.02,0.01,0.02,0.01,0.02,0.02],
[0.01,0.02,0.02,0.02,0.02,0.01,0.02,0.01,0.02],
[0.01,0.01,0.02,0.02,0.02,0.01,0.02,0.02,0.02],
[0.02,0.01,0.02,0.01,0.02,0.01,0.01,0.02,0.02],
[0.01,0.01,0.02,0.02,0.01,0.01,0.02,0.02,0.01],
[0.01,0.01,0.02,0.02,0.01,0.01,0.01,0.02,0.01],
[0.01,0.02,0.02,0.02,0.02,0.01,0.02,0.02,0.02],
[0.02,0.02,0.02,0.02,0.02,0.01,0.02,0.02,0.02],
[0.02,0.01,0.02,0.02,0.02,0.01,0.01,0.02,0.02],
[0.01,0.02,0.02,0.02,0.01,0.01,0.01,0.02,0.01],
[0.01,0.02,0.02,0.02,0.02,0.01,0.02,0.02,0.02],
[0.01,0.01,0.02,0.02,0.02,0.01,0.02,0.02,0.02],
[0.01,0.01,0.02,0.02,0.02,0.01,0.01,0.02,0.02],
[0.01,0.01,0.02,0.02,0.02,0.01,0.02,0.02,0.02],
[0.01,0.02,0.02,0.02,0.02,0.01,0.02,0.02,0.02],
[0.01,0.02,0.02,0.02,0.02,0.01,0.02,0.02,0.02]]
[[0.14,0.17,0.17,0.14,0.14,0.14,0.14,0.17,0.14],
[0.14,0.17,0.17,0.14,0.14,0.14,0.14,0.17,0.14],
[0.14,0.17,0.17,0.14,0.14,0.14,0.14,0.17,0.14],
[0.14,0.17,0.17,0.14,0.14,0.14,0.14,0.17,0.14],
[0.14,0.17,0.17,0.14,0.14,0.14,0.14,0.17,0.14],
[0.14,0.17,0.17,0.14,0.14,0.14,0.14,0.17,0.14],
[0.29,0.33,0.33,0.29,0.29,0.29,0.29,0.33,0.29],
[0.29,0.33,0.33,0.29,0.29,0.29,0.29,0.33,0.29],
[0.29,0.33,0.33,0.29,0.29,0.29,0.29,0.33,0.29],
[0.29,0.33,0.33,0.29,0.29,0.29,0.29,0.33,0.29],
[0.29,0.33,0.33,0.29,0.29,0.29,0.29,0.33,0.29],
[0.43,0.5,0.5,0.43,0.43,0.43,0.43,0.5,0.43],
[0.43,0.5,0.5,0.43,0.43,0.43,0.43,0.5,0.43],
[0.43,0.5,0.5,0.43,0.43,0.43,0.43,0.5,0.43],
[0.43,0.5,0.5,0.43,0.43,0.43,0.43,0.5,0.43],
[0.57,0.67,0.67,0.57,0.57,0.57,0.57,0.67,0.57],
[0.57,0.67,0.67,0.57,0.57,0.57,0.57,0.67,0.57],
[0.57,0.67,0.67,0.57,0.57,0.57,0.57,0.67,0.57],
[0.71,0.83,0.83,0.71,0.71,0.71,0.71,0.83,0.71],
[0.71,0.83,0.83,0.71,0.71,0.71,0.71,0.83,0.71],
[0.86,1,1,0.86,0.86,0.86,0.86,1,0.86],
[0.14,0.17,0.17,0.14,0.14,0.14,0.14,0.17,0.14],
[0.14,0.17,0.17,0.14,0.14,0.14,0.14,0.17,0.14],
[0.14,0.17,0.17,0.14,0.14,0.14,0.14,0.17,0.14],
[0.14,0.17,0.17,0.14,0.14,0.14,0.14,0.17,0.14],
[0.14,0.17,0.17,0.14,0.14,0.14,0.14,0.17,0.14],
[0.14,0.17,0.17,0.14,0.14,0.14,0.14,0.17,0.14],
[0.29,0.33,0.33,0.29,0.29,0.29,0.29,0.33,0.29],
[0.29,0.33,0.33,0.29,0.29,0.29,0.29,0.33,0.29],
[0.29,0.33,0.33,0.29,0.29,0.29,0.29,0.33,0.29],
[0.29,0.33,0.33,0.29,0.29,0.29,0.29,0.33,0.29],
[0.29,0.33,0.33,0.29,0.29,0.29,0.29,0.33,0.29],
[0.43,0.5,0.5,0.43,0.43,0.43,0.43,0.5,0.43],
[0.43,0.5,0.5,0.43,0.43,0.43,0.43,0.5,0.43],
[0.43,0.5,0.5,0.43,0.43,0.43,0.43,0.5,0.43],
[0.43,0.5,0.5,0.43,0.43,0.43,0.43,0.5,0.43],
[0.57,0.67,0.67,0.57,0.57,0.57,0.57,0.67,0.57],
[0.57,0.67,0.67,0.57,0.57,0.57,0.57,0.67,0.57],
[0.57,0.67,0.67,0.57,0.57,0.57,0.57,0.67,0.57],
[0.71,0.83,0.83,0.71,0.71,0.71,0.71,0.83,0.71],
[0.71,0.83,0.83,0.71,0.71,0.71,0.71,0.83,0.71],
[0.86,1,1,0.86,0.86,0.86,0.86,1,0.86],
[0.14,0.17,0.17,0.14,0.14,0.14,0.14,0.17,0.14],
[0.14,0.17,0.17,0.14,0.14,0.14,0.14,0.17,0.14],
[0.14,0.17,0.17,0.14,0.14,0.14,0.14,0.17,0.14],
[0.14,0.17,0.17,0.14,0.14,0.14,0.14,0.17,0.14],
[0.14,0.17,0.17,0.14,0.14,0.14,0.14,0.17,0.14],
[0.14,0.17,0.17,0.14,0.14,0.14,0.14,0.17,0.14],
[0.29,0.33,0.33,0.29,0.29,0.29,0.29,0.33,0.29],
[0.29,0.33,0.33,0.29,0.29,0.29,0.29,0.33,0.29],
[0.29,0.33,0.33,0.29,0.29,0.29,0.29,0.33,0.29],
[0.29,0.33,0.33,0.29,0.29,0.29,0.29,0.33,0.29],
[0.29,0.33,0.33,0.29,0.29,0.29,0.29,0.33,0.29],
[0.43,0.5,0.5,0.43,0.43,0.43,0.43,0.5,0.43],
[0.43,0.5,0.5,0.43,0.43,0.43,0.43,0.5,0.43],
[0.43,0.5,0.5,0.43,0.43,0.43,0.43,0.5,0.43],
[0.43,0.5,0.5,0.43,0.43,0.43,0.43,0.5,0.43],
[0.57,0.67,0.67,0.57,0.57,0.57,0.57,0.67,0.57],
[0.57,0.67,0.67,0.57,0.57,0.57,0.57,0.67,0.57],
[0.57,0.67,0.67,0.57,0.57,0.57,0.57,0.67,0.57],
[0.71,0.83,0.83,0.71,0.71,0.71,0.71,0.83,0.71],
[0.71,0.83,0.83,0.71,0.71,0.71,0.71,0.83,0.71],
[0.86,1,1,0.86,0.86,0.86,0.86,1,0.86],
[0.14,0.17,0.17,0.14,0.14,0.14,0.14,0.17,0.14],
[0.14,0.17,0.17,0.14,0.14,0.14,0.14,0.17,0.14],
[0.14,0.17,0.17,0.14,0.14,0.14,0.14,0.17,0.14],
[0.14,0.17,0.17,0.14,0.14,0.14,0.14,0.17,0.14],
[0.14,0.17,0.17,0.14,0.14,0.14,0.14,0.17,0.14],
[0.14,0.17,0.17,0.14,0.14,0.14,0.14,0.17,0.14],
[0.29,0.33,0.33,0.29,0.29,0.29,0.29,0.33,0.29],
[0.29,0.33,0.33,0.29,0.29,0.29,0.29,0.33,0.29],
[0.29,0.33,0.33,0.29,0.29,0.29,0.29,0.33,0.29],
[0.29,0.33,0.33,0.29,0.29,0.29,0.29,0.33,0.29],
[0.29,0.33,0.33,0.29,0.29,0.29,0.29,0.33,0.29],
[0.43,0.5,0.5,0.43,0.43,0.43,0.43,0.5,0.43],
[0.43,0.5,0.5,0.43,0.43,0.43,0.43,0.5,0.43],
[0.43,0.5,0.5,0.43,0.43,0.43,0.43,0.5,0.43],
[0.43,0.5,0.5,0.43,0.43,0.43,0.43,0.5,0.43],
[0.57,0.67,0.67,0.57,0.57,0.57,0.57,0.67,0.57],
[0.57,0.67,0.67,0.57,0.57,0.57,0.57,0.67,0.57],
[0.57,0.67,0.67,0.57,0.57,0.57,0.57,0.67,0.57],
[0.71,0.83,0.83,0.71,0.71,0.71,0.71,0.83,0.71],
[0.71,0.83,0.83,0.71,0.71,0.71,0.71,0.83,0.71],
[0.86,1,1,0.86,0.86,0.86,0.86,1,0.86],
[0.14,0.17,0.17,0.14,0.14,0.14,0.14,0.17,0.14],
[0.14,0.17,0.17,0.14,0.14,0.14,0.14,0.17,0.14],
[0.14,0.17,0.17,0.14,0.14,0.14,0.14,0.17,0.14],
[0.14,0.17,0.17,0.14,0.14,0.14,0.14,0.17,0.14],
[0.14,0.17,0.17,0.14,0.14,0.14,0.14,0.17,0.14],
[0.14,0.17,0.17,0.14,0.14,0.14,0.14,0.17,0.14],
[0.29,0.33,0.33,0.29,0.29,0.29,0.29,0.33,0.29],
[0.29,0.33,0.33,0.29,0.29,0.29,0.29,0.33,0.29],
[0.29,0.33,0.33,0.29,0.29,0.29,0.29,0.33,0.29],
[0.29,0.33,0.33,0.29,0.29,0.29,0.29,0.33,0.29],
[0.29,0.33,0.33,0.29,0.29,0.29,0.29,0.33,0.29],
[0.43,0.5,0.5,0.43,0.43,0.43,0.43,0.5,0.43],
[0.43,0.5,0.5,0.43,0.43,0.43,0.43,0.5,0.43],
[0.43,0.5,0.5,0.43,0.43,0.43,0.43,0.5,0.43],
[0.43,0.5,0.5,0.43,0.43,0.43,0.43,0.5,0.43],
[0.57,0.67,0.67,0.57,0.57,0.57,0.57,0.67,0.57],
[0.57,0.67,0.67,0.57,0.57,0.57,0.57,0.67,0.57],
[0.57,0.67,0.67,0.57,0.57,0.57,0.57,0.67,0.57],
[0.71,0.83,0.83,0.71,0.71,0.71,0.71,0.83,0.71],
[0.71,0.83,0.83,0.71,0.71,0.71,0.71,0.83,0.71],
[0.86,1,1,0.86,0.86,0.86,0.86,1,0.86],
[0.14,0.17,0.17,0.14,0.14,0.14,0.14,0.17,0.14],
[0.14,0.17,0.17,0.14,0.14,0.14,0.14,0.17,0.14],
[0.14,0.17,0.17,0.14,0.14,0.14,0.14,0.17,0.14],
[0.14,0.17,0.17,0.14,0.14,0.14,0.14,0.17,0.14],
[0.14,0.17,0.17,0.14,0.14,0.14,0.14,0.17,0.14],
[0.14,0.17,0.17,0.14,0.14,0.14,0.14,0.17,0.14],
[0.29,0.33,0.33,0.29,0.29,0.29,0.29,0.33,0.29],
[0.29,0.33,0.33,0.29,0.29,0.29,0.29,0.33,0.29],
[0.29,0.33,0.33,0.29,0.29,0.29,0.29,0.33,0.29],
[0.29,0.33,0.33,0.29,0.29,0.29,0.29,0.33,0.29],
[0.29,0.33,0.33,0.29,0.29,0.29,0.29,0.33,0.29],
[0.43,0.5,0.5,0.43,0.43,0.43,0.43,0.5,0.43],
[0.43,0.5,0.5,0.43,0.43,0.43,0.43,0.5,0.43],
[0.43,0.5,0.5,0.43,0.43,0.43,0.43,0.5,0.43],
[0.43,0.5,0.5,0.43,0.43,0.43,0.43,0.5,0.43],
[0.57,0.67,0.67,0.57,0.57,0.57,0.57,0.67,0.57],
[0.57,0.67,0.67,0.57,0.57,0.57,0.57,0.67,0.57],
[0.57,0.67,0.67,0.57,0.57,0.57,0.57,0.67,0.57],
[0.71,0.83,0.83,0.71,0.71,0.71,0.71,0.83,0.71],
[0.71,0.83,0.83,0.71,0.71,0.71,0.71,0.83,0.71],
[0.86,1,1,0.86,0.86,0.86,0.86,1,0.86],
[0.14,0.17,0.17,0.14,0.14,0.14,0.14,0.17,0.14],
[0.14,0.17,0.17,0.14,0.14,0.14,0.14,0.17,0.14],
[0.14,0.17,0.17,0.14,0.14,0.14,0.14,0.17,0.14],
[0.14,0.17,0.17,0.14,0.14,0.14,0.14,0.17,0.14],
[0.14,0.17,0.17,0.14,0.14,0.14,0.14,0.17,0.14],
[0.14,0.17,0.17,0.14,0.14,0.14,0.14,0.17,0.14],
[0.29,0.33,0.33,0.29,0.29,0.29,0.29,0.33,0.29],
[0.29,0.33,0.33,0.29,0.29,0.29,0.29,0.33,0.29],
[0.29,0.33,0.33,0.29,0.29,0.29,0.29,0.33,0.29],
[0.29,0.33,0.33,0.29,0.29,0.29,0.29,0.33,0.29],
[0.29,0.33,0.33,0.29,0.29,0.29,0.29,0.33,0.29],
[0.43,0.5,0.5,0.43,0.43,0.43,0.43,0.5,0.43],
[0.43,0.5,0.5,0.43,0.43,0.43,0.43,0.5,0.43],
[0.43,0.5,0.5,0.43,0.43,0.43,0.43,0.5,0.43],
[0.43,0.5,0.5,0.43,0.43,0.43,0.43,0.5,0.43],
[0.57,0.67,0.67,0.57,0.57,0.57,0.57,0.67,0.57],
[0.57,0.67,0.67,0.57,0.57,0.57,0.57,0.67,0.57],
[0.57,0.67,0.67,0.57,0.57,0.57,0.57,0.67,0.57],
[0.71,0.83,0.83,0.71,0.71,0.71,0.71,0.83,0.71],
[0.71,0.83,0.83,0.71,0.71,0.71,0.71,0.83,0.71],
[0.86,1,1,0.86,0.86,0.86,0.86,1,0.86],
[0.29,0.33,0.33,0.29,0.29,0.29,0.29,0.33,0.29],
[0.29,0.33,0.33,0.29,0.29,0.29,0.29,0.33,0.29],
[0.29,0.33,0.33,0.29,0.29,0.29,0.29,0.33,0.29],
[0.29,0.33,0.33,0.29,0.29,0.29,0.29,0.33,0.29],
[0.29,0.33,0.33,0.29,0.29,0.29,0.29,0.33,0.29],
[0.29,0.33,0.33,0.29,0.29,0.29,0.29,0.33,0.29],
[0.57,0.67,0.67,0.57,0.57,0.57,0.57,0.67,0.57],
[0.57,0.67,0.67,0.57,0.57,0.57,0.57,0.67,0.57],
[0.57,0.67,0.67,0.57,0.57,0.57,0.57,0.67,0.57],
[0.57,0.67,0.67,0.57,0.57,0.57,0.57,0.67,0.57],
[0.57,0.67,0.67,0.57,0.57,0.57,0.57,0.67,0.57],
[0.86,1,1,0.86,0.86,0.86,0.86,1,0.86],
[0.86,1,1,0.86,0.86,0.86,0.86,1,0.86],
[0.86,1,1,0.86,0.86,0.86,0.86,1,0.86],
[0.86,1,1,0.86,0.86,0.86,0.86,1,0.86],
[1.14,1.33,1.33,1.14,1.14,1.14,1.14,1.33,1.14],
[1.14,1.33,1.33,1.14,1.14,1.14,1.14,1.33,1.14],
[1.14,1.33,1.33,1.14,1.14,1.14,1.14,1.33,1.14],
[1.43,1.67,1.67,1.43,1.43,1.43,1.43,1.67,1.43],
[1.43,1.67,1.67,1.43,1.43,1.43,1.43,1.67,1.43],
[1.71,2,2,1.71,1.71,1.71,1.71,2,1.71],
[0.29,0.33,0.33,0.29,0.29,0.29,0.29,0.33,0.29],
[0.29,0.33,0.33,0.29,0.29,0.29,0.29,0.33,0.29],
[0.29,0.33,0.33,0.29,0.29,0.29,0.29,0.33,0.29],
[0.29,0.33,0.33,0.29,0.29,0.29,0.29,0.33,0.29],
[0.29,0.33,0.33,0.29,0.29,0.29,0.29,0.33,0.29],
[0.29,0.33,0.33,0.29,0.29,0.29,0.29,0.33,0.29],
[0.57,0.67,0.67,0.57,0.57,0.57,0.57,0.67,0.57],
[0.57,0.67,0.67,0.57,0.57,0.57,0.57,0.67,0.57],
[0.57,0.67,0.67,0.57,0.57,0.57,0.57,0.67,0.57],
[0.57,0.67,0.67,0.57,0.57,0.57,0.57,0.67,0.57],
[0.57,0.67,0.67,0.57,0.57,0.57,0.57,0.67,0.57],
[0.86,1,1,0.86,0.86,0.86,0.86,1,0.86],
[0.86,1,1,0.86,0.86,0.86,0.86,1,0.86],
[0.86,1,1,0.86,0.86,0.86,0.86,1,0.86],
[0.86,1,1,0.86,0.86,0.86,0.86,1,0.86],
[1.14,1.33,1.33,1.14,1.14,1.14,1.14,1.33,1.14],
[1.14,1.33,1.33,1.14,1.14,1.14,1.14,1.33,1.14],
[1.14,1.33,1.33,1.14,1.14,1.14,1.14,1.33,1.14],
[1.43,1.67,1.67,1.43,1.43,1.43,1.43,1.67,1.43],
[1.43,1.67,1.67,1.43,1.43,1.43,1.43,1.67,1.43],
[1.71,2,2,1.71,1.71,1.71,1.71,2,1.71],
[0.29,0.33,0.33,0.29,0.29,0.29,0.29,0.33,0.29],
[0.29,0.33,0.33,0.29,0.29,0.29,0.29,0.33,0.29],
[0.29,0.33,0.33,0.29,0.29,0.29,0.29,0.33,0.29],
[0.29,0.33,0.33,0.29,0.29,0.29,0.29,0.33,0.29],
[0.29,0.33,0.33,0.29,0.29,0.29,0.29,0.33,0.29],
[0.29,0.33,0.33,0.29,0.29,0.29,0.29,0.33,0.29],
[0.57,0.67,0.67,0.57,0.57,0.57,0.57,0.67,0.57],
[0.57,0.67,0.67,0.57,0.57,0.57,0.57,0.67,0.57],
[0.57,0.67,0.67,0.57,0.57,0.57,0.57,0.67,0.57],
[0.57,0.67,0.67,0.57,0.57,0.57,0.57,0.67,0.57],
[0.57,0.67,0.67,0.57,0.57,0.57,0.57,0.67,0.57],
[0.86,1,1,0.86,0.86,0.86,0.86,1,0.86],
[0.86,1,1,0.86,0.86,0.86,0.86,1,0.86],
[0.86,1,1,0.86,0.86,0.86,0.86,1,0.86],
[0.86,1,1,0.86,0.86,0.86,0.86,1,0.86],
[1.14,1.33,1.33,1.14,1.14,1.14,1.14,1.33,1.14],
[1.14,1.33,1.33,1.14,1.14,1.14,1.14,1.33,1.14],
[1.14,1.33,1.33,1.14,1.14,1.14,1.14,1.33,1.14],
[1.43,1.67,1.67,1.43,1.43,1.43,1.43,1.67,1.43],
[1.43,1.67,1.67,1.43,1.43,1.43,1.43,1.67,1.43],
[1.71,2,2,1.71,1.71,1.71,1.71,2,1.71],
[0.29,0.33,0.33,0.29,0.29,0.29,0.29,0.33,0.29],
[0.29,0.33,0.33,0.29,0.29,0.29,0.29,0.33,0.29],
[0.29,0.33,0.33,0.29,0.29,0.29,0.29,0.33,0.29],
[0.29,0.33,0.33,0.29,0.29,0.29,0.29,0.33,0.29],
[0.29,0.33,0.33,0.29,0.29,0.29,0.29,0.33,0.29],
[0.29,0.33,0.33,0.29,0.29,0.29,0.29,0.33,0.29],
[0.57,0.67,0.67,0.57,0.57,0.57,0.57,0.67,0.57],
[0.57,0.67,0.67,0.57,0.57,0.57,0.57,0.67,0.57],
[0.57,0.67,0.67,0.57,0.57,0.57,0.57,0.67,0.57],
[0.57,0.67,0.67,0.57,0.57,0.57,0.57,0.67,0.57],
[0.57,0.67,0.67,0.57,0.57,0.57,0.57,0.67,0.57],
[0.86,1,1,0.86,0.86,0.86,0.86,1,0.86],
[0.86,1,1,0.86,0.86,0.86,0.86,1,0.86],
[0.86,1,1,0.86,0.86,0.86,0.86,1,0.86],
[0.86,1,1,0.86,0.86,0.86,0.86,1,0.86],
[1.14,1.33,1.33,1.14,1.14,1.14,1.14,1.33,1.14],
[1.14,1.33,1.33,1.14,1.14,1.14,1.14,1.33,1.14],
[1.14,1.33,1.33,1.14,1.14,1.14,1.14,1.33,1.14],
[1.43,1.67,1.67,1.43,1.43,1.43,1.43,1.67,1.43],
[1.43,1.67,1.67,1.43,1.43,1.43,1.43,1.67,1.43],
[1.71,2,2,1.71,1.71,1.71,1.71,2,1.71],
[0.29,0.33,0.33,0.29,0.29,0.29,0.29,0.33,0.29],
[0.29,0.33,0.33,0.29,0.29,0.29,0.29,0.33,0.29],
[0.29,0.33,0.33,0.29,0.29,0.29,0.29,0.33,0.29],
[0.29,0.33,0.33,0.29,0.29,0.29,0.29,0.33,0.29],
[0.29,0.33,0.33,0.29,0.29,0.29,0.29,0.33,0.29],
[0.29,0.33,0.33,0.29,0.29,0.29,0.29,0.33,0.29],
[0.57,0.67,0.67,0.57,0.57,0.57,0.57,0.67,0.57],
[0.57,0.67,0.67,0.57,0.57,0.57,0.57,0.67,0.57],
[0.57,0.67,0.67,0.57,0.57,0.57,0.57,0.67,0.57],
[0.57,0.67,0.67,0.57,0.57,0.57,0.57,0.67,0.57],
[0.57,0.67,0.67,0.57,0.57,0.57,0.57,0.67,0.57],
[0.86,1,1,0.86,0.86,0.86,0.86,1,0.86],
[0.86,1,1,0.86,0.86,0.86,0.86,1,0.86],
[0.86,1,1,0.86,0.86,0.86,0.86,1,0.86],
[0.86,1,1,0.86,0.86,0.86,0.86,1,0.86],
[1.14,1.33,1.33,1.14,1.14,1.14,1.14,1.33,1.14],
[1.14,1.33,1.33,1.14,1.14,1.14,1.14,1.33,1.14],
[1.14,1.33,1.33,1.14,1.14,1.14,1.14,1.33,1.14],
[1.43,1.67,1.67,1.43,1.43,1.43,1.43,1.67,1.43],
[1.43,1.67,1.67,1.43,1.43,1.43,1.43,1.67,1.43],
[1.71,2,2,1.71,1.71,1.71,1.71,2,1.71],
[0.29,0.33,0.33,0.29,0.29,0.29,0.29,0.33,0.29],
[0.29,0.33,0.33,0.29,0.29,0.29,0.29,0.33,0.29],
[0.29,0.33,0.33,0.29,0.29,0.29,0.29,0.33,0.29],
[0.29,0.33,0.33,0.29,0.29,0.29,0.29,0.33,0.29],
[0.29,0.33,0.33,0.29,0.29,0.29,0.29,0.33,0.29],
[0.29,0.33,0.33,0.29,0.29,0.29,0.29,0.33,0.29],
[0.57,0.67,0.67,0.57,0.57,0.57,0.57,0.67,0.57],
[0.57,0.67,0.67,0.57,0.57,0.57,0.57,0.67,0.57],
[0.57,0.67,0.67,0.57,0.57,0.57,0.57,0.67,0.57],
[0.57,0.67,0.67,0.57,0.57,0.57,0.57,0.67,0.57],
[0.57,0.67,0.67,0.57,0.57,0.57,0.57,0.67,0.57],
[0.86,1,1,0.86,0.86,0.86,0.86,1,0.86],
[0.86,1,1,0.86,0.86,0.86,0.86,1,0.86],
[0.86,1,1,0.86,0.86,0.86,0.86,1,0.86],
[0.86,1,1,0.86,0.86,0.86,0.86,1,0.86],
[1.14,1.33,1.33,1.14,1.14,1.14,1.14,1.33,1.14],
[1.14,1.33,1.33,1.14,1.14,1.14,1.14,1.33,1.14],
[1.14,1.33,1.33,1.14,1.14,1.14,1.14,1.33,1.14],
[1.43,1.67,1.67,1.43,1.43,1.43,1.43,1.67,1.43],
[1.43,1.67,1.67,1.43,1.43,1.43,1.43,1.67,1.43],
[1.71,2,2,1.71,1.71,1.71,1.71,2,1.71],
[0.43,0.5,0.5,0.43,0.43,0.43,0.43,0.5,0.43],
[0.43,0.5,0.5,0.43,0.43,0.43,0.43,0.5,0.43],
[0.43,0.5,0.5,0.43,0.43,0.43,0.43,0.5,0.43],
[0.43,0.5,0.5,0.43,0.43,0.43,0.43,0.5,0.43],
[0.43,0.5,0.5,0.43,0.43,0.43,0.43,0.5,0.43],
[0.43,0.5,0.5,0.43,0.43,0.43,0.43,0.5,0.43],
[0.86,1,1,0.86,0.86,0.86,0.86,1,0.86],
[0.86,1,1,0.86,0.86,0.86,0.86,1,0.86],
[0.86,1,1,0.86,0.86,0.86,0.86,1,0.86],
[0.86,1,1,0.86,0.86,0.86,0.86,1,0.86],
[0.86,1,1,0.86,0.86,0.86,0.86,1,0.86],
[1.29,1.5,1.5,1.29,1.29,1.29,1.29,1.5,1.29],
[1.29,1.5,1.5,1.29,1.29,1.29,1.29,1.5,1.29],
[1.29,1.5,1.5,1.29,1.29,1.29,1.29,1.5,1.29],
[1.29,1.5,1.5,1.29,1.29,1.29,1.29,1.5,1.29],
[1.71,2,2,1.71,1.71,1.71,1.71,2,1.71],
[1.71,2,2,1.71,1.71,1.71,1.71,2,1.71],
[1.71,2,2,1.71,1.71,1.71,1.71,2,1.71],
[2.14,2.5,2.5,2.14,2.14,2.14,2.14,2.5,2.14],
[2.14,2.5,2.5,2.14,2.14,2.14,2.14,2.5,2.14],
[2.57,3,3,2.57,2.57,2.57,2.57,3,2.57],
[0.43,0.5,0.5,0.43,0.43,0.43,0.43,0.5,0.43],
[0.43,0.5,0.5,0.43,0.43,0.43,0.43,0.5,0.43],
[0.43,0.5,0.5,0.43,0.43,0.43,0.43,0.5,0.43],
[0.43,0.5,0.5,0.43,0.43,0.43,0.43,0.5,0.43],
[0.43,0.5,0.5,0.43,0.43,0.43,0.43,0.5,0.43],
[0.43,0.5,0.5,0.43,0.43,0.43,0.43,0.5,0.43],
[0.86,1,1,0.86,0.86,0.86,0.86,1,0.86],
[0.86,1,1,0.86,0.86,0.86,0.86,1,0.86],
[0.86,1,1,0.86,0.86,0.86,0.86,1,0.86],
[0.86,1,1,0.86,0.86,0.86,0.86,1,0.86],
[0.86,1,1,0.86,0.86,0.86,0.86,1,0.86],
[1.29,1.5,1.5,1.29,1.29,1.29,1.29,1.5,1.29],
[1.29,1.5,1.5,1.29,1.29,1.29,1.29,1.5,1.29],
[1.29,1.5,1.5,1.29,1.29,1.29,1.29,1.5,1.29],
[1.29,1.5,1.5,1.29,1.29,1.29,1.29,1.5,1.29],
[1.71,2,2,1.71,1.71,1.71,1.71,2,1.71],
[1.71,2,2,1.71,1.71,1.71,1.71,2,1.71],
[1.71,2,2,1.71,1.71,1.71,1.71,2,1.71],
[2.14,2.5,2.5,2.14,2.14,2.14,2.14,2.5,2.14],
[2.14,2.5,2.5,2.14,2.14,2.14,2.14,2.5,2.14],
[2.57,3,3,2.57,2.57,2.57,2.57,3,2.57],
[0.43,0.5,0.5,0.43,0.43,0.43,0.43,0.5,0.43],
[0.43,0.5,0.5,0.43,0.43,0.43,0.43,0.5,0.43],
[0.43,0.5,0.5,0.43,0.43,0.43,0.43,0.5,0.43],
[0.43,0.5,0.5,0.43,0.43,0.43,0.43,0.5,0.43],
[0.43,0.5,0.5,0.43,0.43,0.43,0.43,0.5,0.43],
[0.43,0.5,0.5,0.43,0.43,0.43,0.43,0.5,0.43],
[0.86,1,1,0.86,0.86,0.86,0.86,1,0.86],
[0.86,1,1,0.86,0.86,0.86,0.86,1,0.86],
[0.86,1,1,0.86,0.86,0.86,0.86,1,0.86],
[0.86,1,1,0.86,0.86,0.86,0.86,1,0.86],
[0.86,1,1,0.86,0.86,0.86,0.86,1,0.86],
[1.29,1.5,1.5,1.29,1.29,1.29,1.29,1.5,1.29],
[1.29,1.5,1.5,1.29,1.29,1.29,1.29,1.5,1.29],
[1.29,1.5,1.5,1.29,1.29,1.29,1.29,1.5,1.29],
[1.29,1.5,1.5,1.29,1.29,1.29,1.29,1.5,1.29],
[1.71,2,2,1.71,1.71,1.71,1.71,2,1.71],
[1.71,2,2,1.71,1.71,1.71,1.71,2,1.71],
[1.71,2,2,1.71,1.71,1.71,1.71,2,1.71],
[2.14,2.5,2.5,2.14,2.14,2.14,2.14,2.5,2.14],
[2.14,2.5,2.5,2.14,2.14,2.14,2.14,2.5,2.14],
[2.57,3,3,2.57,2.57,2.57,2.57,3,2.57],
[0.43,0.5,0.5,0.43,0.43,0.43,0.43,0.5,0.43],
[0.43,0.5,0.5,0.43,0.43,0.43,0.43,0.5,0.43],
[0.43,0.5,0.5,0.43,0.43,0.43,0.43,0.5,0.43],
[0.43,0.5,0.5,0.43,0.43,0.43,0.43,0.5,0.43],
[0.43,0.5,0.5,0.43,0.43,0.43,0.43,0.5,0.43],
[0.43,0.5,0.5,0.43,0.43,0.43,0.43,0.5,0.43],
[0.86,1,1,0.86,0.86,0.86,0.86,1,0.86],
[0.86,1,1,0.86,0.86,0.86,0.86,1,0.86],
[0.86,1,1,0.86,0.86,0.86,0.86,1,0.86],
[0.86,1,1,0.86,0.86,0.86,0.86,1,0.86],
[0.86,1,1,0.86,0.86,0.86,0.86,1,0.86],
[1.29,1.5,1.5,1.29,1.29,1.29,1.29,1.5,1.29],
[1.29,1.5,1.5,1.29,1.29,1.29,1.29,1.5,1.29],
[1.29,1.5,1.5,1.29,1.29,1.29,1.29,1.5,1.29],
[1.29,1.5,1.5,1.29,1.29,1.29,1.29,1.5,1.29],
[1.71,2,2,1.71,1.71,1.71,1.71,2,1.71],
[1.71,2,2,1.71,1.71,1.71,1.71,2,1.71],
[1.71,2,2,1.71,1.71,1.71,1.71,2,1.71],
[2.14,2.5,2.5,2.14,2.14,2.14,2.14,2.5,2.14],
[2.14,2.5,2.5,2.14,2.14,2.14,2.14,2.5,2.14],
[2.57,3,3,2.57,2.57,2.57,2.57,3,2.57],
[0.43,0.5,0.5,0.43,0.43,0.43,0.43,0.5,0.43],
[0.43,0.5,0.5,0.43,0.43,0.43,0.43,0.5,0.43],
[0.43,0.5,0.5,0.43,0.43,0.43,0.43,0.5,0.43],
[0.43,0.5,0.5,0.43,0.43,0.43,0.43,0.5,0.43],
[0.43,0.5,0.5,0.43,0.43,0.43,0.43,0.5,0.43],
[0.43,0.5,0.5,0.43,0.43,0.43,0.43,0.5,0.43],
[0.86,1,1,0.86,0.86,0.86,0.86,1,0.86],
[0.86,1,1,0.86,0.86,0.86,0.86,1,0.86],
[0.86,1,1,0.86,0.86,0.86,0.86,1,0.86],
[0.86,1,1,0.86,0.86,0.86,0.86,1,0.86],
[0.86,1,1,0.86,0.86,0.86,0.86,1,0.86],
[1.29,1.5,1.5,1.29,1.29,1.29,1.29,1.5,1.29],
[1.29,1.5,1.5,1.29,1.29,1.29,1.29,1.5,1.29],
[1.29,1.5,1.5,1.29,1.29,1.29,1.29,1.5,1.29],
[1.29,1.5,1.5,1.29,1.29,1.29,1.29,1.5,1.29],
[1.71,2,2,1.71,1.71,1.71,1.71,2,1.71],
[1.71,2,2,1.71,1.71,1.71,1.71,2,1.71],
[1.71,2,2,1.71,1.71,1.71,1.71,2,1.71],
[2.14,2.5,2.5,2.14,2.14,2.14,2.14,2.5,2.14],
[2.14,2.5,2.5,2.14,2.14,2.14,2.14,2.5,2.14],
[2.57,3,3,2.57,2.57,2.57,2.57,3,2.57],
[0.57,0.67,0.67,0.57,0.57,0.57,0.57,0.67,0.57],
[0.57,0.67,0.67,0.57,0.57,0.57,0.57,0.67,0.57],
[0.57,0.67,0.67,0.57,0.57,0.57,0.57,0.67,0.57],
[0.57,0.67,0.67,0.57,0.57,0.57,0.57,0.67,0.57],
[0.57,0.67,0.67,0.57,0.57,0.57,0.57,0.67,0.57],
[0.57,0.67,0.67,0.57,0.57,0.57,0.57,0.67,0.57],
[1.14,1.33,1.33,1.14,1.14,1.14,1.14,1.33,1.14],
[1.14,1.33,1.33,1.14,1.14,1.14,1.14,1.33,1.14],
[1.14,1.33,1.33,1.14,1.14,1.14,1.14,1.33,1.14],
[1.14,1.33,1.33,1.14,1.14,1.14,1.14,1.33,1.14],
[1.14,1.33,1.33,1.14,1.14,1.14,1.14,1.33,1.14],
[1.71,2,2,1.71,1.71,1.71,1.71,2,1.71],
[1.71,2,2,1.71,1.71,1.71,1.71,2,1.71],
[1.71,2,2,1.71,1.71,1.71,1.71,2,1.71],
[1.71,2,2,1.71,1.71,1.71,1.71,2,1.71],
[2.29,2.67,2.67,2.29,2.29,2.29,2.29,2.67,2.29],
[2.29,2.67,2.67,2.29,2.29,2.29,2.29,2.67,2.29],
[2.29,2.67,2.67,2.29,2.29,2.29,2.29,2.67,2.29],
[2.86,3.33,3.33,2.86,2.86,2.86,2.86,3.33,2.86],
[2.86,3.33,3.33,2.86,2.86,2.86,2.86,3.33,2.86],
[3.43,4,4,3.43,3.43,3.43,3.43,4,3.43],
[0.57,0.67,0.67,0.57,0.57,0.57,0.57,0.67,0.57],
[0.57,0.67,0.67,0.57,0.57,0.57,0.57,0.67,0.57],
[0.57,0.67,0.67,0.57,0.57,0.57,0.57,0.67,0.57],
[0.57,0.67,0.67,0.57,0.57,0.57,0.57,0.67,0.57],
[0.57,0.67,0.67,0.57,0.57,0.57,0.57,0.67,0.57],
[0.57,0.67,0.67,0.57,0.57,0.57,0.57,0.67,0.57],
[1.14,1.33,1.33,1.14,1.14,1.14,1.14,1.33,1.14],
[1.14,1.33,1.33,1.14,1.14,1.14,1.14,1.33,1.14],
[1.14,1.33,1.33,1.14,1.14,1.14,1.14,1.33,1.14],
[1.14,1.33,1.33,1.14,1.14,1.14,1.14,1.33,1.14],
[1.14,1.33,1.33,1.14,1.14,1.14,1.14,1.33,1.14],
[1.71,2,2,1.71,1.71,1.71,1.71,2,1.71],
[1.71,2,2,1.71,1.71,1.71,1.71,2,1.71],
[1.71,2,2,1.71,1.71,1.71,1.71,2,1.71],
[1.71,2,2,1.71,1.71,1.71,1.71,2,1.71],
[2.29,2.67,2.67,2.29,2.29,2.29,2.29,2.67,2.29],
[2.29,2.67,2.67,2.29,2.29,2.29,2.29,2.67,2.29],
[2.29,2.67,2.67,2.29,2.29,2.29,2.29,2.67,2.29],
[2.86,3.33,3.33,2.86,2.86,2.86,2.86,3.33,2.86],
[2.86,3.33,3.33,2.86,2.86,2.86,2.86,3.33,2.86],
[3.43,4,4,3.43,3.43,3.43,3.43,4,3.43],
[0.57,0.67,0.67,0.57,0.57,0.57,0.57,0.67,0.57],
[0.57,0.67,0.67,0.57,0.57,0.57,0.57,0.67,0.57],
[0.57,0.67,0.67,0.57,0.57,0.57,0.57,0.67,0.57],
[0.57,0.67,0.67,0.57,0.57,0.57,0.57,0.67,0.57],
[0.57,0.67,0.67,0.57,0.57,0.57,0.57,0.67,0.57],
[0.57,0.67,0.67,0.57,0.57,0.57,0.57,0.67,0.57],
[1.14,1.33,1.33,1.14,1.14,1.14,1.14,1.33,1.14],
[1.14,1.33,1.33,1.14,1.14,1.14,1.14,1.33,1.14],
[1.14,1.33,1.33,1.14,1.14,1.14,1.14,1.33,1.14],
[1.14,1.33,1.33,1.14,1.14,1.14,1.14,1.33,1.14],
[1.14,1.33,1.33,1.14,1.14,1.14,1.14,1.33,1.14],
[1.71,2,2,1.71,1.71,1.71,1.71,2,1.71],
[1.71,2,2,1.71,1.71,1.71,1.71,2,1.71],
[1.71,2,2,1.71,1.71,1.71,1.71,2,1.71],
[1.71,2,2,1.71,1.71,1.71,1.71,2,1.71],
[2.29,2.67,2.67,2.29,2.29,2.29,2.29,2.67,2.29],
[2.29,2.67,2.67,2.29,2.29,2.29,2.29,2.67,2.29],
[2.29,2.67,2.67,2.29,2.29,2.29,2.29,2.67,2.29],
[2.86,3.33,3.33,2.86,2.86,2.86,2.86,3.33,2.86],
[2.86,3.33,3.33,2.86,2.86,2.86,2.86,3.33,2.86],
[3.43,4,4,3.43,3.43,3.43,3.43,4,3.43],
[0.57,0.67,0.67,0.57,0.57,0.57,0.57,0.67,0.57],
[0.57,0.67,0.67,0.57,0.57,0.57,0.57,0.67,0.57],
[0.57,0.67,0.67,0.57,0.57,0.57,0.57,0.67,0.57],
[0.57,0.67,0.67,0.57,0.57,0.57,0.57,0.67,0.57],
[0.57,0.67,0.67,0.57,0.57,0.57,0.57,0.67,0.57],
[0.57,0.67,0.67,0.57,0.57,0.57,0.57,0.67,0.57],
[1.14,1.33,1.33,1.14,1.14,1.14,1.14,1.33,1.14],
[1.14,1.33,1.33,1.14,1.14,1.14,1.14,1.33,1.14],
[1.14,1.33,1.33,1.14,1.14,1.14,1.14,1.33,1.14],
[1.14,1.33,1.33,1.14,1.14,1.14,1.14,1.33,1.14],
[1.14,1.33,1.33,1.14,1.14,1.14,1.14,1.33,1.14],
[1.71,2,2,1.71,1.71,1.71,1.71,2,1.71],
[1.71,2,2,1.71,1.71,1.71,1.71,2,1.71],
[1.71,2,2,1.71,1.71,1.71,1.71,2,1.71],
[1.71,2,2,1.71,1.71,1.71,1.71,2,1.71],
[2.29,2.67,2.67,2.29,2.29,2.29,2.29,2.67,2.29],
[2.29,2.67,2.67,2.29,2.29,2.29,2.29,2.67,2.29],
[2.29,2.67,2.67,2.29,2.29,2.29,2.29,2.67,2.29],
[2.86,3.33,3.33,2.86,2.86,2.86,2.86,3.33,2.86],
[2.86,3.33,3.33,2.86,2.86,2.86,2.86,3.33,2.86],
[3.43,4,4,3.43,3.43,3.43,3.43,4,3.43],
[0.71,0.83,0.83,0.71,0.71,0.71,0.71,0.83,0.71],
[0.71,0.83,0.83,0.71,0.71,0.71,0.71,0.83,0.71],
[0.71,0.83,0.83,0.71,0.71,0.71,0.71,0.83,0.71],
[0.71,0.83,0.83,0.71,0.71,0.71,0.71,0.83,0.71],
[0.71,0.83,0.83,0.71,0.71,0.71,0.71,0.83,0.71],
[0.71,0.83,0.83,0.71,0.71,0.71,0.71,0.83,0.71],
[1.43,1.67,1.67,1.43,1.43,1.43,1.43,1.67,1.43],
[1.43,1.67,1.67,1.43,1.43,1.43,1.43,1.67,1.43],
[1.43,1.67,1.67,1.43,1.43,1.43,1.43,1.67,1.43],
[1.43,1.67,1.67,1.43,1.43,1.43,1.43,1.67,1.43],
[1.43,1.67,1.67,1.43,1.43,1.43,1.43,1.67,1.43],
[2.14,2.5,2.5,2.14,2.14,2.14,2.14,2.5,2.14],
[2.14,2.5,2.5,2.14,2.14,2.14,2.14,2.5,2.14],
[2.14,2.5,2.5,2.14,2.14,2.14,2.14,2.5,2.14],
[2.14,2.5,2.5,2.14,2.14,2.14,2.14,2.5,2.14],
[2.86,3.33,3.33,2.86,2.86,2.86,2.86,3.33,2.86],
[2.86,3.33,3.33,2.86,2.86,2.86,2.86,3.33,2.86],
[2.86,3.33,3.33,2.86,2.86,2.86,2.86,3.33,2.86],
[3.57,4.17,4.17,3.57,3.57,3.57,3.57,4.17,3.57],
[3.57,4.17,4.17,3.57,3.57,3.57,3.57,4.17,3.57],
[4.29,5,5,4.29,4.29,4.29,4.29,5,4.29],
[0.71,0.83,0.83,0.71,0.71,0.71,0.71,0.83,0.71],
[0.71,0.83,0.83,0.71,0.71,0.71,0.71,0.83,0.71],
[0.71,0.83,0.83,0.71,0.71,0.71,0.71,0.83,0.71],
[0.71,0.83,0.83,0.71,0.71,0.71,0.71,0.83,0.71],
[0.71,0.83,0.83,0.71,0.71,0.71,0.71,0.83,0.71],
[0.71,0.83,0.83,0.71,0.71,0.71,0.71,0.83,0.71],
[1.43,1.67,1.67,1.43,1.43,1.43,1.43,1.67,1.43],
[1.43,1.67,1.67,1.43,1.43,1.43,1.43,1.67,1.43],
[1.43,1.67,1.67,1.43,1.43,1.43,1.43,1.67,1.43],
[1.43,1.67,1.67,1.43,1.43,1.43,1.43,1.67,1.43],
[1.43,1.67,1.67,1.43,1.43,1.43,1.43,1.67,1.43],
[2.14,2.5,2.5,2.14,2.14,2.14,2.14,2.5,2.14],
[2.14,2.5,2.5,2.14,2.14,2.14,2.14,2.5,2.14],
[2.14,2.5,2.5,2.14,2.14,2.14,2.14,2.5,2.14],
[2.14,2.5,2.5,2.14,2.14,2.14,2.14,2.5,2.14],
[2.86,3.33,3.33,2.86,2.86,2.86,2.86,3.33,2.86],
[2.86,3.33,3.33,2.86,2.86,2.86,2.86,3.33,2.86],
[2.86,3.33,3.33,2.86,2.86,2.86,2.86,3.33,2.86],
[3.57,4.17,4.17,3.57,3.57,3.57,3.57,4.17,3.57],
[3.57,4.17,4.17,3.57,3.57,3.57,3.57,4.17,3.57],
[4.29,5,5,4.29,4.29,4.29,4.29,5,4.29],
[0.71,0.83,0.83,0.71,0.71,0.71,0.71,0.83,0.71],
[0.71,0.83,0.83,0.71,0.71,0.71,0.71,0.83,0.71],
[0.71,0.83,0.83,0.71,0.71,0.71,0.71,0.83,0.71],
[0.71,0.83,0.83,0.71,0.71,0.71,0.71,0.83,0.71],
[0.71,0.83,0.83,0.71,0.71,0.71,0.71,0.83,0.71],
[0.71,0.83,0.83,0.71,0.71,0.71,0.71,0.83,0.71],
[1.43,1.67,1.67,1.43,1.43,1.43,1.43,1.67,1.43],
[1.43,1.67,1.67,1.43,1.43,1.43,1.43,1.67,1.43],
[1.43,1.67,1.67,1.43,1.43,1.43,1.43,1.67,1.43],
[1.43,1.67,1.67,1.43,1.43,1.43,1.43,1.67,1.43],
[1.43,1.67,1.67,1.43,1.43,1.43,1.43,1.67,1.43],
[2.14,2.5,2.5,2.14,2.14,2.14,2.14,2.5,2.14],
[2.14,2.5,2.5,2.14,2.14,2.14,2.14,2.5,2.14],
[2.14,2.5,2.5,2.14,2.14,2.14,2.14,2.5,2.14],
[2.14,2.5,2.5,2.14,2.14,2.14,2.14,2.5,2.14],
[2.86,3.33,3.33,2.86,2.86,2.86,2.86,3.33,2.86],
[2.86,3.33,3.33,2.86,2.86,2.86,2.86,3.33,2.86],
[2.86,3.33,3.33,2.86,2.86,2.86,2.86,3.33,2.86],
[3.57,4.17,4.17,3.57,3.57,3.57,3.57,4.17,3.57],
[3.57,4.17,4.17,3.57,3.57,3.57,3.57,4.17,3.57],
[4.29,5,5,4.29,4.29,4.29,4.29,5,4.29],
[0.86,1,1,0.86,0.86,0.86,0.86,1,0.86],
[0.86,1,1,0.86,0.86,0.86,0.86,1,0.86],
[0.86,1,1,0.86,0.86,0.86,0.86,1,0.86],
[0.86,1,1,0.86,0.86,0.86,0.86,1,0.86],
[0.86,1,1,0.86,0.86,0.86,0.86,1,0.86],
[0.86,1,1,0.86,0.86,0.86,0.86,1,0.86],
[1.71,2,2,1.71,1.71,1.71,1.71,2,1.71],
[1.71,2,2,1.71,1.71,1.71,1.71,2,1.71],
[1.71,2,2,1.71,1.71,1.71,1.71,2,1.71],
[1.71,2,2,1.71,1.71,1.71,1.71,2,1.71],
[1.71,2,2,1.71,1.71,1.71,1.71,2,1.71],
[2.57,3,3,2.57,2.57,2.57,2.57,3,2.57],
[2.57,3,3,2.57,2.57,2.57,2.57,3,2.57],
[2.57,3,3,2.57,2.57,2.57,2.57,3,2.57],
[2.57,3,3,2.57,2.57,2.57,2.57,3,2.57],
[3.43,4,4,3.43,3.43,3.43,3.43,4,3.43],
[3.43,4,4,3.43,3.43,3.43,3.43,4,3.43],
[3.43,4,4,3.43,3.43,3.43,3.43,4,3.43],
[4.29,5,5,4.29,4.29,4.29,4.29,5,4.29],
[4.29,5,5,4.29,4.29,4.29,4.29,5,4.29],
[5.14,6,6,5.14,5.14,5.14,5.14,6,5.14],
[0.86,1,1,0.86,0.86,0.86,0.86,1,0.86],
[0.86,1,1,0.86,0.86,0.86,0.86,1,0.86],
[0.86,1,1,0.86,0.86,0.86,0.86,1,0.86],
[0.86,1,1,0.86,0.86,0.86,0.86,1,0.86],
[0.86,1,1,0.86,0.86,0.86,0.86,1,0.86],
[0.86,1,1,0.86,0.86,0.86,0.86,1,0.86],
[1.71,2,2,1.71,1.71,1.71,1.71,2,1.71],
[1.71,2,2,1.71,1.71,1.71,1.71,2,1.71],
[1.71,2,2,1.71,1.71,1.71,1.71,2,1.71],
[1.71,2,2,1.71,1.71,1.71,1.71,2,1.71],
[1.71,2,2,1.71,1.71,1.71,1.71,2,1.71],
[2.57,3,3,2.57,2.57,2.57,2.57,3,2.57],
[2.57,3,3,2.57,2.57,2.57,2.57,3,2.57],
[2.57,3,3,2.57,2.57,2.57,2.57,3,2.57],
[2.57,3,3,2.57,2.57,2.57,2.57,3,2.57],
[3.43,4,4,3.43,3.43,3.43,3.43,4,3.43],
[3.43,4,4,3.43,3.43,3.43,3.43,4,3.43],
[3.43,4,4,3.43,3.43,3.43,3.43,4,3.43],
[4.29,5,5,4.29,4.29,4.29,4.29,5,4.29],
[4.29,5,5,4.29,4.29,4.29,4.29,5,4.29],
[5.14,6,6,5.14,5.14,5.14,5.14,6,5.14],
[1,1.17,1.17,1,1,1,1,1.17,1],
[1,1.17,1.17,1,1,1,1,1.17,1],
[1,1.17,1.17,1,1,1,1,1.17,1],
[1,1.17,1.17,1,1,1,1,1.17,1],
[1,1.17,1.17,1,1,1,1,1.17,1],
[1,1.17,1.17,1,1,1,1,1.17,1],
[2,2.33,2.33,2,2,2,2,2.33,2],
[2,2.33,2.33,2,2,2,2,2.33,2],
[2,2.33,2.33,2,2,2,2,2.33,2],
[2,2.33,2.33,2,2,2,2,2.33,2],
[2,2.33,2.33,2,2,2,2,2.33,2],
[3,3.5,3.5,3,3,3,3,3.5,3],
[3,3.5,3.5,3,3,3,3,3.5,3],
[3,3.5,3.5,3,3,3,3,3.5,3],
[3,3.5,3.5,3,3,3,3,3.5,3],
[4,4.67,4.67,4,4,4,4,4.67,4],
[4,4.67,4.67,4,4,4,4,4.67,4],
[4,4.67,4.67,4,4,4,4,4.67,4],
[5,5.83,5.83,5,5,5,5,5.83,5],
[5,5.83,5.83,5,5,5,5,5.83,5],
[6,7,7,6,6,6,6,7,6]]
[1,1,1,1,1,1,2,2,2,2,2,3,3,3,3,4,4,4,5,5,6,1,1,1,1,1,1,2,2,2,2,2,3,3,3,3,4,4,4,5,5,6,1,1,1,1,1,1,2,2,2,2,2,3,3,3,3,4,4,4,5,5,6,1,1,1,1,1,1,2,2,2,2,2,3,3,3,3,4,4,4,5,5,6,1,1,1,1,1,1,2,2,2,2,2,3,3,3,3,4,4,4,5,5,6,1,1,1,1,1,1,2,2,2,2,2,3,3,3,3,4,4,4,5,5,6,1,1,1,1,1,1,2,2,2,2,2,3,3,3,3,4,4,4,5,5,6,2,2,2,2,2,2,4,4,4,4,4,6,6,6,6,8,8,8,10,10,12,2,2,2,2,2,2,4,4,4,4,4,6,6,6,6,8,8,8,10,10,12,2,2,2,2,2,2,4,4,4,4,4,6,6,6,6,8,8,8,10,10,12,2,2,2,2,2,2,4,4,4,4,4,6,6,6,6,8,8,8,10,10,12,2,2,2,2,2,2,4,4,4,4,4,6,6,6,6,8,8,8,10,10,12,2,2,2,2,2,2,4,4,4,4,4,6,6,6,6,8,8,8,10,10,12,3,3,3,3,3,3,6,6,6,6,6,9,9,9,9,12,12,12,15,15,18,3,3,3,3,3,3,6,6,6,6,6,9,9,9,9,12,12,12,15,15,18,3,3,3,3,3,3,6,6,6,6,6,9,9,9,9,12,12,12,15,15,18,3,3,3,3,3,3,6,6,6,6,6,9,9,9,9,12,12,12,15,15,18,3,3,3,3,3,3,6,6,6,6,6,9,9,9,9,12,12,12,15,15,18,4,4,4,4,4,4,8,8,8,8,8,12,12,12,12,16,16,16,20,20,24,4,4,4,4,4,4,8,8,8,8,8,12,12,12,12,16,16,16,20,20,24,4,4,4,4,4,4,8,8,8,8,8,12,12,12,12,16,16,16,20,20,24,4,4,4,4,4,4,8,8,8,8,8,12,12,12,12,16,16,16,20,20,24,5,5,5,5,5,5,10,10,10,10,10,15,15,15,15,20,20,20,25,25,30,5,5,5,5,5,5,10,10,10,10,10,15,15,15,15,20,20,20,25,25,30,5,5,5,5,5,5,10,10,10,10,10,15,15,15,15,20,20,20,25,25,30,6,6,6,6,6,6,12,12,12,12,12,18,18,18,18,24,24,24,30,30,36,6,6,6,6,6,6,12,12,12,12,12,18,18,18,18,24,24,24,30,30,36,7,7,7,7,7,7,14,14,14,14,14,21,21,21,21,28,28,28,35,35,42] 
[7.27,5.78,6.23,6.01,7.74,8.04,6.69,7.49,7.42] 
[0.01,0.02,0.02,0.02,0.02,0.01,0.02,0.02,0.02] 
[6,7,7,6,6,6,6,7,6] 
[2.16,2.16,2.19,1.95,1.91,2.1,2.14,1.88,1.99]