Instance: 71
width: 7
long: 6
Parcels: 9
Crops: 19
Water: 324000

Chemical Properties by Parcel
12.52   11.07   15.51   10.38   12.02   15.96   11.16   12.99   10.54   12.73   9.73   16.51   13.61   10.39   16.61   16.78   16.1   13.53   14.06   15.22   14.31   13.33   15.43   11.01   11.23   17.31   12.41   13.78   14.98   17.61   15.51   13   12.23   16.13   15.01   13.39   16.66   15.62   16.9   18.02   10.54   12.96    
15.95   12.98   16.39   12.97   13.62   17.2   14.29   17.17   18.7   14.89   12.05   17.28   13.19   12.79   12.78   15.88   17.25   12.47   16.86   14.73   17.02   17.35   10.07   13.8   13.19   14.61   17.82   12.52   17.1   13.99   15.95   13.38   12.8   16.12   16.82   18.6   12.38   10.36   11.93   10.98   13.4   11.38    
13.33   16.02   10.35   10.47   17.01   17.12   18.43   18.08   10.1   10.49   13.49   9.61   16.67   13.22   13.05   17.26   13.44   11.54   18.06   13.71   10.14   10.98   17.03   18.05   13.78   16.05   10.67   12.85   13.5   12.18   11.39   18.29   13.06   13.65   17.91   13.76   11.13   13.64   10.26   16.53   11.09   18.56    
14.87   11.73   10.84   16.58   10.09   10.45   18.35   12.64   13.92   16.05   16.19   13.86   10.16   11.79   14.21   11.69   15.85   17.58   12.42   18.14   13.8   10.51   11.86   14.66   14.7   11.42   9.69   12.62   12.31   10.01   14.68   15.9   13.77   10.44   10.34   13.05   17.56   15.56   11.42   17.29   11.94   13.43    
12.03   11.53   17.16   14.62   17.34   9.66   10.18   11.87   16.99   11.43   14.09   11.18   15.48   10.74   15.88   18.02   15.18   16.97   10.74   13.29   10.23   9.61   10.69   18.33   9.98   13.5   10.08   16.57   10.15   12.48   16.98   13.92   11.72   10.99   14.09   10.53   14.82   16.01   12.91   11.14   14.93   12.15    
10.34   11.88   9.78   17.08   12.04   16.97   11.75   16.33   10.24   18.65   11.05   16.78   16.08   18.21   18.02   17.58   14.53   13.5   16.92   14.19   10.64   15.02   17.82   15.64   14.29   9.6   10.68   18.51   18.15   17.5   12.69   10.43   14.36   15.12   17.83   12.37   13.39   14.85   12.3   13.92   10.65   10.52    
9.96   16.31   11.64   18.33   12.85   16.78   12.39   11.96   10.23   10.24   13.84   9.77   12.6   18.03   11.71   18.33   9.88   14.12   16.46   18.27   15.31   11.67   11.87   15.55   11.56   15.44   16.08   13.18   17.45   12.83   17.46   12.52   11.26   12.65   12.83   16.84   11.09   13.48   11.62   9.8   11.89   10.59    
15.73   14.28   15.17   13.18   9.73   15.93   16   13.77   10.05   10.88   18.35   10.96   17.08   14.48   17.7   12.11   18.4   16.74   12.7   14.93   12.29   12.06   16.19   11.11   15.21   13.01   13.77   10.26   17.06   11.8   15.72   11.68   11.44   16.83   11.09   14.7   10.02   18.69   15.01   13.14   13.67   13.06    
13.16   16.8   11.75   17.82   10.38   13.45   13.64   11.65   14.48   10.27   16.32   17.35   12.99   15.64   17.98   15.91   18.06   9.61   10.79   15.49   14.83   16.87   16.82   16.35   12.19   18.11   17.18   14.39   13.93   18.49   10.64   16.07   10.33   18.14   11.03   10.12   17.56   12.34   10.31   14.33   10.15   12.11    

Physical Properties by Parcel
5.5   5.5   5.2   5.3   5.4   5.3   5.5   5.6   5.3   5.6   5.4   5.4   5.4   5.3   5.6   5.2   5.5   5.5   5.5   5.6   5.3   5.3   5.2   5.4   5.2   5.4   5.6   5.4   5.3   5.5   5.2   5.4   5.3   5.3   5.4   5.4   5.3   5.5   5.4   5.4   5.5   5.2    
5.4   5.2   5.6   5.3   5.2   5.5   5.6   5.4   5.2   5.3   5.4   5.3   5.4   5.2   5.3   5.2   5.2   5.6   5.4   5.3   5.4   5.2   5.5   5.4   5.2   5.6   5.5   5.5   5.2   5.3   5.5   5.4   5.3   5.4   5.3   5.3   5.5   5.5   5.5   5.6   5.6   5.3    
5.5   5.5   5.4   5.2   5.4   5.4   5.5   5.5   5.3   5.3   5.6   5.4   5.3   5.4   5.4   5.5   5.3   5.4   5.6   5.6   5.5   5.3   5.4   5.5   5.3   5.3   5.4   5.5   5.4   5.5   5.2   5.4   5.5   5.6   5.3   5.2   5.5   5.4   5.5   5.5   5.2   5.6    
5.2   5.5   5.5   5.3   5.5   5.3   5.3   5.3   5.2   5.5   5.3   5.2   5.2   5.5   5.5   5.5   5.2   5.5   5.4   5.5   5.2   5.4   5.3   5.4   5.5   5.5   5.4   5.2   5.5   5.4   5.6   5.5   5.4   5.6   5.2   5.3   5.2   5.3   5.3   5.3   5.5   5.4    
5.4   5.5   5.3   5.5   5.6   5.6   5.5   5.4   5.3   5.4   5.5   5.5   5.5   5.3   5.4   5.3   5.4   5.5   5.4   5.3   5.5   5.5   5.6   5.5   5.2   5.2   5.3   5.5   5.5   5.4   5.6   5.4   5.5   5.2   5.6   5.5   5.4   5.2   5.5   5.5   5.3   5.6    
5.4   5.5   5.4   5.5   5.3   5.4   5.5   5.4   5.3   5.5   5.4   5.4   5.5   5.4   5.5   5.4   5.2   5.2   5.4   5.6   5.2   5.3   5.6   5.5   5.4   5.5   5.4   5.4   5.3   5.2   5.2   5.5   5.3   5.3   5.5   5.2   5.5   5.6   5.6   5.2   5.2   5.5    
5.2   5.3   5.3   5.2   5.6   5.3   5.2   5.5   5.5   5.3   5.2   5.5   5.6   5.4   5.2   5.4   5.4   5.4   5.4   5.4   5.5   5.6   5.4   5.4   5.3   5.5   5.4   5.2   5.3   5.2   5.4   5.3   5.3   5.2   5.3   5.5   5.5   5.6   5.6   5.3   5.4   5.2    
5.3   5.6   5.4   5.3   5.6   5.4   5.5   5.3   5.3   5.2   5.5   5.2   5.5   5.4   5.2   5.2   5.6   5.3   5.3   5.4   5.6   5.3   5.2   5.4   5.3   5.3   5.5   5.5   5.3   5.3   5.3   5.4   5.4   5.5   5.5   5.5   5.6   5.4   5.2   5.3   5.3   5.2    
5.4   5.2   5.3   5.2   5.2   5.2   5.3   5.3   5.4   5.6   5.4   5.5   5.3   5.4   5.3   5.5   5.2   5.2   5.6   5.2   5.2   5.6   5.3   5.3   5.4   5.5   5.4   5.5   5.3   5.4   5.2   5.2   5.5   5.5   5.6   5.3   5.2   5.2   5.4   5.5   5.6   5.3    

Ha by Parcels
6   7   7   5   6   5   5   6   7   

Cost of m3 in each parcel
1.83   1.98   1.81   2.13   2.16   1.84   1.86   2.18   1.83   