588
42
9
300000
[[0,0,0,0,0,0,0,0,0],
[0,0,0,0,0,0,0,0,0],
[0,0,0,0,0,0,0,0,0],
[0,0,0,0,0,0,0,0,0],
[0,0,0,0,0,0,0,0,0],
[0,0,0,0,0,0,0,0,0],
[2.74,0.72,0.01,5.71,0.64,10.08,5.81,2.18,9.68],
[6.99,0.24,8.32,0.33,27.9,26.06,7.68,1.98,0.08],
[0.34,4.62,0.72,0.64,23.05,5.81,0.01,4.03,4.47],
[4.96,10.86,5.54,23.39,0.43,3.54,14.47,0.34,1.23],
[8.49,16.19,36.72,1.19,32.89,0.12,0.76,3.78,9.68],
[3.57,0.36,5.72,3.11,16.21,13.29,13.45,1.39,7.08],
[3.86,2.54,7.66,0.34,17.06,13.05,4.93,2.12,3.42],
[4.39,5.6,5.51,13.44,17.76,3.21,9.92,2.13,2.24],
[4.64,9.19,18.67,19.9,19.7,2.86,7.95,1.99,9.58],
[2.58,2.46,7.73,2.81,12,8.86,12.21,2.15,10.28],
[4.08,3.74,12.64,10.33,13.57,10.65,7.64,1.46,2.36],
[3.69,6.97,12.52,17.15,18.67,2.45,8.06,3.89,6.44],
[3.16,3.02,13.74,8.28,10.32,7.99,10.59,1.75,8.48],
[4.1,5.32,13.45,15.7,17.11,9.31,6.45,2.95,4.94],
[3.29,4.76,13.07,12.58,14.37,7.48,8.61,3.34,8.12],
[0,0,0,0,0,0,0,0,0],
[0,0,0,0,0,0,0,0,0],
[0,0,0,0,0,0,0,0,0],
[0,0,0,0,0,0,0,0,0],
[0,0,0,0,0,0,0,0,0],
[0,0,0,0,0,0,0,0,0],
[22.45,13.26,1.14,4.87,3.38,0.01,7.37,8.04,7.88],
[0.01,20.42,1.23,0.07,8.49,13.62,0,4.18,21],
[0.9,12.75,0.02,3.05,30.26,23.32,2.29,3.81,25.35],
[0.24,4.26,5.45,4.09,23.12,17.7,3.56,3.23,14.91],
[0.19,0.71,0.18,5.85,0.9,0.44,0.17,32.24,9.95],
[15.24,11.48,0.79,2.9,11.48,8.86,4.93,12.01,10.68],
[0.55,11.36,0.93,2.39,15.15,12.75,1.52,2.66,15.52],
[0.45,6.43,3.44,2.41,17.95,13.8,5.81,2.35,13.88],
[0.14,4.47,3.09,3.36,19.05,10.23,3.02,16.85,8.45],
[10.39,9.23,0.66,2.64,12,8.79,3.47,8.07,11.37],
[0.37,8.28,2.38,1.89,12.33,10.96,5.2,2.47,12.41],
[0.39,4.81,2.89,2.97,14.66,9.34,6.25,14.73,11.8],
[8.2,7.14,2.01,2.49,11.7,8.91,4.79,7.75,9.65],
[0.39,7.41,2.17,2.78,11.81,8.62,6.58,11.05,10.37],
[6.61,6.39,2.04,2.76,12.41,7.66,5.58,11.61,8.81],
[0,0,0,0,0,0,0,0,0],
[0,0,0,0,0,0,0,0,0],
[0,0,0,0,0,0,0,0,0],
[0,0,0,0,0,0,0,0,0],
[0,0,0,0,0,0,0,0,0],
[0,0,0,0,0,0,0,0,0],
[0.01,12.45,0.36,8.99,5.09,0.98,0.16,0.15,0.95],
[17.41,2.27,2.06,0,14.36,6.02,3.92,4.71,0.06],
[17.88,11.71,2.49,3.46,8.04,15.62,4.77,7.14,1.66],
[0.25,3.03,5.15,0.66,11.66,0.2,0.22,3,3.25],
[0.14,6.48,2.25,1.6,25.21,4.56,1.3,4.09,0.25],
[11.28,6.27,2.19,6.06,7.27,6.29,3.24,2.68,0.52],
[11.76,5.88,1.52,2.26,7.77,7.96,2.91,4.04,1.35],
[13.5,5.86,7.48,3.75,6.68,9.36,2.64,3.68,4.82],
[0.38,3.39,7.2,2.2,13.15,2.53,1.37,2.39,2.94],
[8.63,10.64,1.55,4.39,5.41,6.16,2.43,2.7,0.97],
[9.71,3.92,5.05,3.59,9.07,6.24,1.99,2.92,4.66],
[11.23,7.1,11.24,5.45,11.26,11.21,2.03,4,5.49],
[7.52,8.35,3.83,4.12,6.8,5.05,1.82,2.23,3.53],
[8.6,5.6,9.06,5.82,10.23,8.67,1.82,3.11,6.11],
[6.93,10.33,7.31,5.25,8.29,6.98,1.85,2.49,5.11],
[0,0,0,0,0,0,0,0,0],
[0,0,0,0,0,0,0,0,0],
[0,0,0,0,0,0,0,0,0],
[0,0,0,0,0,0,0,0,0],
[0,0,0,0,0,0,0,0,0],
[0,0,0,0,0,0,0,0,0],
[6.99,3.23,9.25,19.34,14.42,0.01,0.23,2.38,7.33],
[33.05,1.69,0.01,0.11,6.77,4.41,0.11,6.52,15.79],
[2.06,2.83,32,0.01,4.38,5.58,8.65,0.04,9.59],
[0.01,8.08,31.13,18.61,0.39,0.11,11,8.28,0.02],
[0.01,5.41,5.06,0.38,13.73,12.45,0.32,8.57,0.73],
[16.56,1.72,6.31,13.92,7.54,2.8,0.33,8.55,8.24],
[17.9,1.56,21.07,0.06,11.07,3.35,6.48,4.72,8.72],
[1.45,4.09,21.04,12.69,4.05,4.32,6.6,5.16,6.1],
[0,4.59,15.76,10.89,7.87,7.59,8.8,5.62,0.59],
[12.19,2.15,14.77,10.53,8.31,2.36,5.73,8.63,6.41],
[12.32,3.36,15.72,9.16,11.54,2.96,5.1,4.93,5.99],
[1.07,3.22,14.12,11.09,6.06,6.05,6.01,4.02,4.07],
[9.59,2.88,12.89,11.81,8.82,2.24,4.57,6.92,5.1],
[9.47,2.72,12.1,9.55,9.6,4.98,4.72,4.61,4.56],
[7.96,2.58,10.41,10.63,7.99,4.16,4.16,6.98,4.09],
[0,0,0,0,0,0,0,0,0],
[0,0,0,0,0,0,0,0,0],
[0,0,0,0,0,0,0,0,0],
[0,0,0,0,0,0,0,0,0],
[0,0,0,0,0,0,0,0,0],
[0,0,0,0,0,0,0,0,0],
[0,12.7,20.54,3.56,0,3.73,0.4,1.19,1.22],
[4.44,17.05,0.82,5.22,24.57,7.22,0.4,16.59,36.72],
[0.92,0.2,2.55,20.93,17.29,22.65,5.31,6.23,0.07],
[0.05,0.01,14.26,32.4,0.65,9.72,1.92,1.33,6.96],
[7.88,0.57,1.53,4.99,10.49,19.66,5.64,0,6.34],
[2.91,10.02,16.98,8.73,16.29,3.84,0.26,14.81,20.84],
[4.93,12.75,1.28,10.47,14.17,11.39,4.77,8.44,23.44],
[0.5,0.12,15.23,18.19,9.72,11.69,2.69,6.96,5.16],
[4.85,0.43,7.41,16.45,9.17,10.37,7.24,0.87,4.44],
[4.71,8.72,11.45,8.75,11.23,9.08,3.34,10.04,19.68],
[3.9,9.77,11.16,12.77,9.49,7.94,3.25,6.69,15.95],
[4.75,0.3,11.8,12.13,9.34,15.56,5,5.89,3.66],
[4.47,7.35,13.18,12.57,8.43,6.88,2.6,7.74,14.77],
[8.23,7.4,10.25,9.62,10.73,11.74,4.21,5.48,13.43],
[9,5.93,11.27,10.31,10.52,11.12,3.38,6.29,13.81],
[0,0,0,0,0,0,0,0,0],
[0,0,0,0,0,0,0,0,0],
[0,0,0,0,0,0,0,0,0],
[0,0,0,0,0,0,0,0,0],
[0,0,0,0,0,0,0,0,0],
[0,0,0,0,0,0,0,0,0],
[0,0.45,4.5,8.2,1.16,22.58,6.52,1.75,5.06],
[7.45,0.99,0.41,8.86,4.06,6.81,0.01,14.8,0.24],
[0.08,8.16,0.18,4.84,0.13,5.06,0.08,1.23,2.76],
[0.84,5.88,1.46,7.45,8.99,0.74,0.28,0.06,0.27],
[11.09,1.75,1.92,12.8,2.27,3.35,1.13,1.08,2.46],
[4.89,0.52,2.37,17.06,4.92,11.33,4.19,7.64,2.8],
[4.5,8,0.21,4.77,3.28,4,0.08,7.84,2.54],
[0.44,4.74,1.44,12.19,5.36,2.57,0.14,1.04,2.6],
[5.92,2.95,3.37,6.99,4.49,3.79,0.56,0.93,2.37],
[4.41,5.78,1.83,11.65,5.41,9.74,2.92,5.61,2.63],
[4.33,5.35,0.96,8.31,4.36,2.69,0.1,5.27,3.3],
[4.25,3.38,3.68,8.65,3.64,3.09,0.42,1.92,4.79],
[5,4.34,2.58,10.63,4.9,7.51,2.52,4.31,2.82],
[5.02,4.57,2.92,6.78,3.27,3.63,0.35,4.22,5.88],
[4.95,4.09,4.64,9.63,3.96,6.54,2.06,3.58,4.74],
[0,0,0,0,0,0,0,0,0],
[0,0,0,0,0,0,0,0,0],
[0,0,0,0,0,0,0,0,0],
[0,0,0,0,0,0,0,0,0],
[0,0,0,0,0,0,0,0,0],
[0,0,0,0,0,0,0,0,0],
[0.13,11.76,20.29,8.32,11.09,25.21,20.87,4,5.06],
[3.46,3.54,0.32,0.01,0.01,32.56,0,15.29,28.88],
[3.75,10.17,3.62,1.25,10.9,5.58,4.53,0.34,26.43],
[6.34,0.98,1.25,0.61,0.01,14.63,1.73,1.3,0.32],
[1.66,0.4,0.14,21.78,0.25,3.89,2.25,7.92,2.06],
[2.84,14.5,12.04,5.7,7.2,19.41,13.91,7.65,14.57],
[2.41,5.14,1.91,0.78,7.48,16.44,3.02,11.93,18.45],
[3.48,5.33,1.83,0.66,7.03,19.5,6.04,1.53,15.89],
[3.17,1.34,1.2,12.5,0.21,7.32,3.97,4.01,2.13],
[2.06,9.98,12.61,3.81,7.34,12.97,9.46,8.27,12.37],
[3.31,3.56,1.27,0.52,7.23,17.08,5.75,11.95,12.87],
[2.35,3.58,1.34,10.66,4.82,13.93,8.79,2.75,10.6],
[3.28,7.55,9.99,3.05,6.5,16.12,8.35,9.87,9.82],
[2.48,2.69,1.02,8.94,5.9,12.98,9.35,9.16,9.82],
[2.67,6.34,8.09,8.06,5.39,13.4,9.51,7.95,7.94],
[0.61,18.61,0.14,0.09,16.25,0.01,11.38,0.92,4.84],
[31.52,0.03,1.84,24.01,8.95,11.19,3.08,0.16,3.59],
[9.33,23.32,6.96,16.47,27.08,29.72,20.54,14.8,8.78],
[7.22,0.79,13.06,9.68,25.99,3.2,8.49,0.01,0],
[29.18,19.97,13.21,0.09,0.9,18.48,7.72,5.15,7.8],
[4.23,1.66,4,10.31,32.89,15.79,5.41,28.65,12.05],
[12.29,7.51,0.88,8.04,9.56,5.31,4.83,3.46,8.65],
[14.86,10.49,3.46,13.51,12.95,13.97,9.15,5.05,7.21],
[5.91,8.38,6.76,9.8,17.77,11.95,10.01,4.94,11.44],
[12.64,7.17,12.42,11.1,13.94,8.13,6.02,1.97,6.72],
[12.17,11.15,12.75,3.76,15.08,11.59,4.65,13.59,6.62],
[11.67,10.1,2.66,8.13,11.3,9.14,7.92,6.08,7.19],
[10.36,6.5,5.03,10.81,13.44,10.32,8.22,3.05,7.66],
[10.22,9.52,10.1,10.06,14.33,11.03,7.74,4.2,8.69],
[8.78,7.04,10.54,9.31,15.51,8.04,4.71,8.22,7.24],
[9.56,7.34,4.32,7.81,11.99,7.57,7.93,4.74,9.32],
[11.94,7.57,9.04,10.7,11.63,10.02,6.98,3.14,6.87],
[7.97,8.4,8.82,9.27,15.14,10.14,6.33,8,8.01],
[10.73,8.01,8.48,8.35,11.16,7.97,7.04,4.88,8.12],
[9.86,7.67,7.89,10.08,12.93,9.61,6.17,6.25,6.81],
[9.43,7.97,7.44,8.33,12.24,7.98,6.46,6.79,7.74],
[0.83,28.35,14.58,1.71,5.25,0.3,4.29,8.2,0.08],
[15.57,3.41,11.23,15.18,3.25,0.29,19.28,0.13,2.42],
[0.02,17.46,34.78,13.42,0.86,0.49,5.85,0.05,7.76],
[9.86,7.92,19.78,0,3.03,0.03,9.55,0.91,12.5],
[17.05,0.98,0.02,1.6,0.12,12.8,0.53,1.04,2.18],
[16.53,0.51,1.51,5.85,31.6,25.49,0.68,6.96,26.35],
[9.02,10.59,9.07,5.73,2.86,0.33,9.47,3.77,3.22],
[8.22,8.47,15.35,9.55,8.86,6.55,9.03,3.02,7.27],
[7.76,8.47,18.67,4.48,12.88,13.03,7.41,3.89,9.09],
[8.97,2.98,6.6,1.88,12.32,7.9,3.69,2.72,10.24],
[11.3,2.41,1.13,2.7,13.34,14.07,0.49,12.55,10.68],
[11.16,11.01,12.58,6.19,7.51,6.09,8.53,6.22,4.63],
[8.14,6.91,13.49,5.73,9.23,8.28,8.31,2.84,7.1],
[8.97,5.28,11.29,4.12,9.94,10.39,5.97,2.74,7.81],
[8.77,3.57,4.74,2.3,13.71,9.87,2.35,7.72,11.42],
[9.45,9.35,11.9,4.43,7.52,6.42,7.65,4.68,5.44],
[8.7,5.24,9.74,5.17,9.19,7.82,7.12,2.54,7.82],
[9.46,5.2,8.92,3.84,11.82,11.8,4.59,8.03,9.34],
[9.28,7.64,9.3,4.21,8.28,6.58,6.52,4.44,6.13],
[9.09,5.78,8.36,4.75,10.67,9.33,5.87,6.29,9.09],
[9.22,8,8.19,4.04,9.65,7.92,5.51,6.54,7.46],
[1.62,4.87,2.69,0.78,0.81,4.53,31.36,6.92,2.25],
[16.3,0.22,0.64,0.27,0.41,1.55,22.31,0.49,4.77],
[34.61,0.46,0.32,0.65,3.35,10.95,5.85,0.1,4.12],
[0.05,1.13,21.58,6.59,9.59,9.03,2.76,6.55,0.05],
[0.13,4.68,10.26,0.87,0.09,8.32,20.29,4.21,4.71],
[0.41,5.68,6.02,0.9,2.62,2.23,15.46,8.41,12.45],
[7.04,6.42,3.32,9.47,6.51,2.23,17.89,2.69,2.84],
[17.39,1.54,0.7,0.33,8.07,4.19,9.84,3.92,5.29],
[12.85,4.87,16.02,3.05,4.41,7.08,7.25,3.23,4.59],
[0.09,5.43,12.44,6.87,5.95,5.89,10.08,3.8,2.04],
[0.22,7.41,7.77,0.66,13.59,8.86,12.4,4.34,5.74],
[11.16,3.95,3.53,8.01,6.09,3.63,12.25,5.38,3.62],
[12.15,2.98,10.33,1.94,7.56,4.59,8.92,3.66,4.03],
[8.18,4.41,11.68,6.98,4.46,5.91,8.61,3.54,5.67],
[0.2,5.28,9.25,5.68,10.09,7.68,10.86,3.98,3.75],
[8.94,5.67,8.3,6.72,5.96,3.99,10.9,4.9,3.25],
[9.55,3.27,8.96,5.78,8.86,4.47,9.36,3.37,4.74],
[6.2,5.29,10.88,7.5,7.78,7.99,9.04,3.78,6.35],
[7.61,4.99,7.61,7.18,7.02,4.03,10.79,4.29,4.15],
[8.05,4.14,9.44,7.17,8.96,6.69,9.51,3.56,5.48],
[6.77,5.94,8.06,7.36,7.58,5.9,10.63,4.3,4.98],
[9.55,0.56,6.55,25.78,13.36,1.55,4.65,25.35,0.1],
[33.29,1.04,1.14,1.46,0.01,0.63,5.31,5.78,17.05],
[4.35,3.28,0.05,14.58,6.09,15.96,1.82,17.82,34.86],
[2.6,15.57,14.63,0.73,14.31,9.77,15.18,3.73,6.44],
[1.69,1.04,30.58,0.27,12.95,0.12,0.65,4.41,0],
[17.58,6.7,4.18,1.2,11.19,1.55,14.05,0.72,11.71],
[15.42,5.32,12.12,10.13,6.9,1.28,3.53,10.41,6.15],
[14.76,6.35,0.56,5.99,11.56,5.59,2.39,8.25,18.03],
[3.27,6.53,13.67,8.44,7.51,9.53,5.74,8.4,15.1],
[1.43,6.8,15.61,17.02,9.43,5.28,5.9,3.21,3.44],
[7.66,4.16,11.75,1.85,8.08,11.12,5.44,3.12,4.37],
[10.85,4.86,10.31,9.06,9.61,3.97,2.49,10.03,11.77],
[9.42,7.22,9.37,5.37,10.19,5.9,4.5,6.2,14.11],
[2.45,4.74,14.76,13.17,7.12,6.42,3.92,5.94,9.31],
[5.31,5.81,10.2,11.07,7.9,8.66,6.44,2.63,4.42],
[8.19,5.73,11.24,8.3,9.22,4.97,4.02,8.06,11.75],
[6.98,6.81,11.84,10.18,9.84,4.68,3.59,5.08,10.08],
[5.51,4.64,11.67,10.16,6.69,9.28,4.86,5.1,8.38],
[6.58,5.49,12.28,10.84,9.26,4.07,3.35,6.77,9.19],
[8.12,6.05,10.5,8.81,9.08,7.48,4.38,4.62,9.34],
[7.71,5.12,10.73,9.55,8.81,6.95,4.06,6.13,8.98],
[33.05,8.57,0.01,34.53,3.46,22.58,2.35,11.28,5.31],
[33.95,0,5.38,1.26,8.78,3.73,0.15,12.9,1.34],
[0.98,10.04,14.91,17.11,0,11.33,0.86,18.73,19.47],
[0.1,0.58,3.38,6.96,20.61,13.26,8.69,0.52,6.16],
[0.14,9.64,9.9,0.11,0.54,0.12,4.38,0.45,0.46],
[0.02,1.05,10.86,2.78,0.99,5.12,1.81,2.86,0.07],
[22.33,5.85,9.17,12.09,4.26,10.1,2.52,9.03,4.09],
[11.71,7.73,6.77,6.21,11.03,5.02,0.42,10.55,14.08],
[0.62,5.36,6.32,8.96,9.27,9.25,4.3,6.74,8.87],
[0.3,4.46,5.53,14.17,7.85,5.31,4.97,0.46,2.95],
[6.33,3.62,8.07,6.59,4.26,8.29,2.35,1.29,2.96],
[13.65,6.72,10.21,10.86,10.05,8.62,1.79,9.44,9.51],
[7.16,9.35,4.88,6.1,10.75,6.48,3.15,6.65,12.59],
[0.44,5.24,7.1,12.38,7.9,5.7,3.51,4.48,5.68],
[4.31,2.95,5.73,9.4,6.68,7.73,4.03,0.9,3.01],
[9.84,7.91,7.94,9.82,10.28,8.3,2.95,6.84,9.98],
[5.17,8.27,6.04,9.05,8.37,4.68,2.88,5.15,9.16],
[3.9,3.9,6.65,9.34,6.22,8.16,3.08,3.6,5.13],
[7.69,7.42,7.51,10.91,8.2,6.58,2.8,5.5,7.98],
[6.95,6.78,5.91,7.41,7.39,7.21,2.58,4.33,9.21],
[8.77,6.4,7.26,9.25,7.84,8.03,2.66,4.76,8.57],
[0,18.91,33.54,5.45,3.23,0.01,19.97,0.79,0.2],
[0.19,2.53,0.7,5.54,6.81,0.04,7.03,17.76,0.2],
[0.19,1.66,0.14,0.3,20.54,8.45,6.55,12.55,19.66],
[4.35,0.91,3.84,0.29,2.53,7.8,0.02,9.07,5.61],
[0.24,0.23,4.21,16.36,1.67,3.59,0.4,15.29,5.41],
[2.42,2.18,9.37,17.64,0.51,3.08,10.22,0,6.06],
[0.08,9.95,12.36,9.17,4.19,15.93,9.68,6.26,3.51],
[3.64,1.53,0.28,3.5,9.86,14.35,4.53,10.1,12.35],
[2.34,6.95,1.69,2.03,9.93,8.96,2.76,7.68,10.44],
[3.5,2.32,3.58,6.18,3.02,5.26,0.71,8.44,3.87],
[4.44,0.88,5.04,11.53,0.9,4.63,3.57,5.62,5.33],
[3.09,7.45,7.65,10.25,6.75,12.82,7.28,6.28,7.78],
[3.05,5.28,1.24,2.59,9.39,10.2,3.15,8.27,8.57],
[2.17,4.24,2.19,6.23,6.51,9.79,2.76,8.33,7.4],
[3.7,1.97,5.16,7.81,1.95,4.49,2.72,5.22,5.21],
[2.92,7.24,6.59,7.41,7.18,10.85,5.33,6.02,6.48],
[3.51,3.82,1.67,5.24,6.94,8.94,3.3,8.78,6.95],
[2.91,3.36,3.75,8.28,4.73,7.44,3.99,5.96,6.86],
[3.82,5.67,5.62,7.77,5.77,10.8,4.83,6.94,5.65],
[3.36,3.29,3.01,7.09,5.55,7.46,4.36,6.83,7.2],
[3.48,4.85,5.83,8.35,4.86,9.12,5.39,5.68,5.96],
[0.49,15.99,10.77,1.47,8.17,0.23,15.1,4.25,3.68],
[16.62,2.07,11.75,13.4,11.73,6.45,9.77,0.1,2.04],
[6.52,13.74,17.45,10.02,15.41,17.6,10.29,9.3,5.52],
[5.76,4.14,11.18,6.34,13.43,1.94,6.02,0.69,8.43],
[15.95,11.02,9.2,0.88,0.46,10.6,6.85,2.59,9.41],
[8.27,2.06,2.04,5.59,21.5,14.15,2.78,14.33,13.72],
[7.43,7.26,9.21,6.62,7.97,3.78,9.98,2.76,5.46],
[12.43,6.75,12.37,9.37,10.99,9.69,8.06,4.28,4.4],
[7.12,7.42,11.5,6.57,12.37,10.52,7.38,4.45,7.87],
[9.02,6.65,8.54,6.81,10.82,5.53,5.53,1.89,10.2],
[9.99,8.89,8.74,2.59,15.2,10.56,3.85,8.97,9.27],
[10.18,8.44,11.05,6.74,8.98,7.29,8.82,5.32,4.86],
[9.51,5.84,10.56,7.46,10.67,8.45,7.43,2.93,5.58],
[9.9,7.61,9.71,7.31,10.66,9.24,6.35,3.58,8.09],
[7.76,6.62,8.4,6.45,13.73,7.16,4.21,5.78,10.63],
[8.45,7.59,10.23,6.17,9.25,6.5,8.2,4.01,6.26],
[10.46,6.28,9.74,8.01,10.07,8.13,6.65,2.81,6.64],
[8.78,7.6,9.44,7.39,12.83,9.82,5.12,6.2,8.8],
[9.13,7.54,9.91,6.58,9.22,6.63,7.43,3.95,6.59],
[9.42,7,9.22,8.21,11.78,9.01,5.63,4.91,7.71],
[8.49,8.24,9.19,6.94,10.69,7.53,6.46,5.24,7.3],
[2.41,14.31,7.34,2.43,5.41,2.45,16.04,5.06,1.82],
[10.63,3,9.7,11.64,3.22,1.67,13.9,0.58,7.06],
[22.53,10.06,21.17,11.35,3.94,9.17,3.9,0.15,11.69],
[7.06,4.04,13.8,4.49,12,6.4,4.78,3.35,7.85],
[10.46,5.2,6.52,0.86,0.21,7.2,11.69,4.89,2.46],
[9.55,2.99,3.01,2.97,16.75,13.46,12.93,15.34,13.79],
[8.73,7.12,8.29,7.42,4.63,1.71,12.44,3.32,3.63],
[13.41,5.42,12.36,9.22,8.64,5.43,7.3,3.35,7.55],
[12.77,5.8,17.6,6.34,8.98,8.98,6.41,2.7,7.84],
[7.01,4.12,10.25,5.55,10.1,7.1,6.83,3.32,6.15],
[8.06,5.45,4.97,1.74,10.82,10.93,9.96,9.61,7.32],
[11.34,7.32,10.9,8.05,6.76,4.51,9.24,6.38,5.2],
[11.27,4.71,14.03,6.89,8.54,6.07,7.64,2.99,6.68],
[10.78,5.09,12.85,7.1,7.48,7.59,7.04,3.05,7.01],
[6.81,4.42,7.26,4.39,11.13,8.62,7.78,7.01,7.32],
[9.78,6.54,11.82,6.84,7.19,4.97,8.57,5.34,5.22],
[10.49,4.41,11.42,7.44,9,5.91,7.86,3.06,6.62],
[9.77,5.19,10.26,6.13,9.2,9.17,7.48,6.54,7.61],
[9.28,5.88,10.31,6.74,7.98,5.16,8.5,5,5.47],
[9.96,4.86,9.88,6.75,9.61,7.44,8.02,5.48,7.18],
[8.93,6.23,9.13,6.15,8.62,6.46,8.52,6.3,6.14],
[4.82,2.52,8.96,14.71,7.26,5.82,15.96,12.68,1.88],
[17.53,1.16,0.62,0.74,0.24,0.79,11.16,3.06,8.54],
[17.79,1.67,0.34,8.1,3.28,9.13,2.94,12.84,18],
[1.53,13.92,12.3,6.34,8.12,6.27,16.28,3.56,3.96],
[1.53,5.28,15.42,1.09,7.97,4.97,11.54,2.87,3.07],
[13.8,12.36,3.45,2.09,12.82,1.28,9.85,4.44,8.06],
[9.36,6.74,8.29,8.2,5.46,2.69,10.88,6.3,4.19],
[14.15,4.34,0.77,3.78,9.99,4.58,5.99,6.39,10.97],
[7.95,7.68,10.25,6.23,6.16,8.85,8.22,6.56,9.91],
[1.25,9.03,11.1,10.78,8,5.51,11.51,2.57,2.88],
[6.5,9.17,7.97,1.44,10.32,9.3,8.58,2.98,4.76],
[10.47,4.97,7.61,7.19,8.07,4.35,7.74,7.17,7.51],
[9.36,6.27,6.79,4.1,8.31,5.73,7.97,4.89,9.4],
[5.49,6.38,11.59,9.19,6.16,6.8,8.07,4.82,7.03],
[4.46,9.37,8.22,8.07,8.73,7.45,9.67,2.76,3.97],
[7.91,6.56,8.69,6.84,7.37,5.26,8.7,5.87,7.75],
[7.22,6.15,9.14,7.47,8.8,5.09,7.97,4.08,7.68],
[6.58,7.68,10.57,8.1,7.5,9.38,7.66,4.35,6.95],
[6.48,6.1,9.59,8.24,8,4.85,8.54,5.03,6.97],
[7.69,6.9,9.37,7.41,8.83,7.68,7.67,3.88,7.82],
[7.03,6.96,9.32,7.91,8.15,7.24,8.2,4.71,7.48],
[16.56,4.62,4.22,20.31,6.68,12.14,2.46,13.15,3.12],
[22.41,0.72,6,2.72,6.08,1.88,4.24,6.7,9.07],
[4.93,5.05,10.57,10.6,4.1,9.23,2.62,12.19,18.85],
[2.14,8.76,7.32,3.62,11.83,7.77,8.26,1.9,4.2],
[0.9,5.01,15.39,0.14,7.23,0.23,4.48,2.3,0.33],
[12.17,3.4,5.53,3.88,5.9,2.57,7.21,3.34,7.24],
[16.06,4.56,10.35,11.14,5.61,6.18,3.58,7.99,4.91],
[13.64,5.06,6.64,5.4,10.18,4.72,2.76,7.91,11.61],
[3.31,5.7,10.27,6.03,6.56,6.8,4.36,5.8,10.57],
[1.29,5.51,9.69,12.32,7.79,3.64,5.23,1.94,2.15],
[7.67,3.57,8.38,4.36,5.32,7.51,4.71,2.49,3.73],
[12.68,4.76,10.61,10.37,8.27,6.19,3.01,8.24,8.06],
[9.08,6.65,8.44,4.71,9.85,4.96,3.79,5.84,10.16],
[2.3,4.89,10.27,11.28,6.24,4.66,3.93,4.28,6.69],
[5.54,4.44,7.63,8.67,6.35,6.93,5.07,2.09,3.4],
[9.63,5.75,9.56,9.23,8.81,5.92,3.77,6.71,8.26],
[6.86,6.33,9.03,8.83,8.49,3.8,3.65,4.67,7.57],
[5.65,4.22,8.48,8.98,5.62,6.85,4.17,3.77,6.65],
[7.79,5.63,9.72,10.48,8.01,4.87,3.6,5.6,6.73],
[8.08,5.49,7.9,7.61,7.59,6.06,3.9,4.26,7.72],
[8.6,5.06,8.67,9.11,7.43,6.42,3.82,5.14,7.21],
[21.92,9.83,22.72,17.51,6.68,15.3,10.31,6.06,2.98],
[21.08,1.65,5.34,2.77,5.24,2.75,4.1,10.35,0.68],
[1.07,10.51,9.08,10.1,13.63,19.7,3.36,10.63,13.04],
[3.41,1.48,7.21,3.89,10.61,7.26,5.52,4.95,11.77],
[0.13,5.58,5.1,11.85,2.11,2.04,4.08,12.25,2.86],
[1.47,3.17,6.76,8.94,1.48,8.11,5.15,1.97,4.53],
[17.21,8.51,11.53,9.11,5.12,11.32,5.89,6.57,3.56],
[9.27,5.57,5.81,5.19,10.87,11.1,3.02,9.53,14.97],
[2.47,7.61,7.15,5.7,9.71,10.79,3.57,6.27,10.86],
[2.31,3.64,5.07,10.19,5.44,6.19,4.54,6.88,6.01],
[4.31,3.5,5.35,8.41,2.64,8.58,4.22,5.89,4.99],
[11.42,7.97,9.68,8.62,8.55,12.16,4.63,7.81,10.11],
[6.86,7.51,5.83,4.37,9.96,9.24,3.3,7.28,12.57],
[1.82,6.16,6.24,9.26,6.96,9.26,3.75,6.98,8.15],
[3.55,3.25,5.14,9,4.3,7.39,5.21,4.94,6.14],
[9.01,7.76,8.5,7.4,8.69,10.24,4.46,6.78,9.74],
[5.27,6.65,5.64,7.28,7.63,7.86,3.47,7.58,9.66],
[3.25,5.06,5.81,8.93,5.62,9.02,4.72,5.6,7.23],
[7.36,6.94,7.71,8.6,7.13,9.34,4.27,7.2,8.06],
[5.56,5.75,5.41,7.54,6.83,8.34,4.35,6.27,9.38],
[7.17,6.11,7.16,8.46,6.7,9.2,4.8,6.16,8.23],
[1.64,10.67,7.71,2.7,6.03,1.67,14.86,3.37,5.37],
[16.46,2.74,13.91,10.03,11.86,4.42,9.35,0.39,4.72],
[15.73,9.28,14.73,8.47,10.53,13.65,9.54,6.53,7.88],
[4.84,2.89,11.61,5.45,12.23,4.49,4.18,2.24,7.94],
[10.81,8.24,7.92,0.6,0.33,8.94,9.35,3.67,6.3],
[6.46,2.46,4,3.81,14.36,9.58,8.73,13.68,9.95],
[8.88,5.97,10.09,7.51,8.08,3.23,10.38,2.68,4.95],
[13.84,5.2,12.66,7.93,10.17,7.78,8.14,3.99,5.41],
[9.48,5.7,12.8,5.98,9.83,8.35,7.41,3.96,7.05],
[6.88,5.98,10.65,7.73,8.61,6.1,6.96,2.53,7.67],
[7.55,7.97,8.85,1.91,12.82,9.52,7.75,7.72,6.97],
[10.41,6.52,11.41,7.54,8.18,5.81,9.24,5.47,5.37],
[10.55,4.66,11.94,6.54,9.82,6.8,7.84,3.15,5.8],
[9.55,6.35,10.99,8.11,8.68,7.79,7.44,3.56,7.04],
[6.17,5.89,9.05,6.81,11.72,7.29,7.13,5.58,7.85],
[8.68,6.07,10.88,6.87,8.44,5.44,8.9,4.68,5.88],
[10.44,5.28,10.9,8.27,9.71,6.78,7.64,3.05,6.13],
[8.31,6.41,10.11,7.98,10.7,8.51,7.31,5.67,7.39],
[8.8,6.16,10.58,7.47,8.65,5.71,8.51,4.39,5.94],
[9.31,5.75,10.18,8.48,10.71,7.78,7.44,4.71,6.64],
[8.12,6.66,9.81,7.56,9.64,6.66,8.17,5.43,6.33],
[3.48,10.1,7.73,9.83,6.24,4.71,11.08,12.34,2.21],
[16.74,3.9,6.64,7.85,2.57,1.14,9.46,2.04,7.03],
[16.62,10.49,15.03,9.69,3.07,7.32,2.75,10.28,14.36],
[4.8,9.59,11.64,6.34,8.65,4.83,11.08,2.38,11.61],
[6.99,7.36,10.29,0.84,5.52,4.88,9.7,3.34,2.05],
[11.7,9.75,2.34,2.4,14.42,10.84,8.98,12.15,13.06],
[10.53,6.98,9.21,7.97,4.41,2.54,8.95,6.46,4.13],
[14.31,6.38,9.35,7.61,9.68,5.25,5.42,5.54,10.87],
[9.45,8.65,14.3,7.55,8.89,9.67,6.6,5.56,11.16],
[5.05,7.48,9.52,8.96,9.4,6.51,8.92,2.56,6.15],
[8.14,8.83,5.72,1.96,9.28,10.87,8.05,7.46,6.51],
[11.78,7.31,11.02,7.71,8.11,4.8,6.77,7.44,7.57],
[10.6,6.67,11.22,6.95,8.84,6.5,6.78,4.18,10.28],
[8,7.62,12.11,8.47,7.76,7.68,6.93,4.47,7.84],
[6.51,8.25,6.82,6.54,9.92,8.46,8.15,5.41,7.48],
[9.6,7.31,11.04,7.4,7.81,5.71,7.3,5.95,8.09],
[9.25,6.53,10.62,8.01,8.98,5.96,6.98,3.78,8.47],
[8.22,8.22,9.9,6.94,8.64,9.86,7,6.15,8.37],
[8.68,6.98,10.41,7.9,8.36,5.45,7.32,5.35,7.26],
[9.16,7.13,9.44,7.02,9.39,7.97,7.04,5.2,8.87],
[8.76,7.54,9.27,7.08,8.85,7.22,7.29,6.15,7.87],
[11.67,6.68,8.31,13.69,4.88,9.04,12.57,8.84,2.53],
[17.22,1.16,4.23,2.04,4.14,2.18,7.5,4.51,6.06],
[11.95,3.51,9.07,7.13,2.75,7.71,2.48,9.55,12.66],
[1.89,11.74,8.55,4.96,10.07,7.46,10.87,2.41,3.01],
[1.21,4.97,10.42,0.78,6.53,3.39,8.33,1.92,2.05],
[14.21,9.36,6.09,5.08,10.12,2.72,6.58,3.79,5.72],
[12.61,6.62,9.16,9.24,4.76,5.36,8.98,5.78,3.78],
[12.67,4.25,5.81,3.97,9.33,4.25,4.48,6.75,8.31],
[6.02,6.65,10.07,5.19,6.23,7.1,5.95,5.17,7.91],
[1.42,7.32,8.15,9.02,7.24,4.98,8.35,1.86,2.18],
[7.76,6.8,7.12,3.46,7.7,7.7,6.39,2.45,3.83],
[11.31,5.47,9.75,8.66,7.35,5.69,6.41,6.74,5.98],
[8.79,6.05,7.74,3.91,8.82,5.19,5.87,4.99,7.67],
[4.33,5.63,9.61,8.91,5.75,5.48,6.07,3.83,5.77],
[5.5,7.53,6.86,7.2,7.65,7.19,7.16,2.22,3.32],
[8.79,6.36,9.22,7.72,7.59,5.82,6.98,5.48,6.25],
[6.97,5.74,8.22,7.19,8.04,4.49,5.99,4.05,6.5],
[6.44,6.31,8.56,7.9,6.69,7.73,5.78,3.58,6.09],
[7.35,5.92,9.02,8.59,7.34,5.16,6.83,4.64,5.76],
[7.96,6.07,7.84,6.91,8,6.8,5.8,3.8,7.06],
[8.1,6.22,8.39,7.96,7.4,6.81,6.5,4.34,6.56],
[14.88,6.59,15.31,13.55,6.11,12.1,10.32,8.82,2.56],
[16.11,1.23,7.74,2.54,4.23,1.99,4.15,7.9,6.61],
[4.9,7.28,9.66,7.51,9.56,13.44,2.86,10.26,18.55],
[5.45,5.85,6.7,2.85,7.9,6.17,5.64,6.31,7.85],
[0.83,4.12,11.87,8.45,4.99,1.36,5.63,8.22,1.95],
[8.12,3.11,4.88,6.29,3.97,5.77,11.11,3.3,5.95],
[13.47,6.55,10.84,9.33,5.75,8.3,6.23,7.21,4.23],
[11.42,4.38,7.49,4.35,9.25,8.75,3.01,7.87,13.04],
[5.2,6.45,9.74,4.49,7.57,8.58,3.86,7.14,11.33],
[3.15,4.29,8.57,9.95,5.63,4.7,4.83,6.57,4.3],
[5.76,3.3,7.2,6.43,3.85,8,7.35,5.72,4.16],
[11.43,6.15,9.9,8.81,7.6,9.37,4.76,7.42,9.03],
[8.76,5.91,8.67,3.63,9.29,7.33,3.61,6.73,10.77],
[3.58,5.32,9.43,9.08,6.21,7.54,4.03,6.99,7.87],
[5.15,3.8,7.02,8.59,4.67,6.78,6.25,5.38,4.8],
[9.47,6.23,9.63,7.57,8.06,8.11,4.71,6.7,8.53],
[6.86,5.57,8.78,7.28,7.98,6.35,3.83,6.8,8.3],
[5.3,4.56,7.9,8.77,5.34,7.83,5.41,6,7.23],
[7.89,5.74,9.48,8.82,7.32,7.43,4.65,6.76,7.07],
[7.2,4.9,7.7,7.59,7.06,7.2,5.01,6.02,8.03],
[7.93,5.15,8.47,8.57,6.7,7.73,5.49,6.12,7.17],
[2.63,8.18,7.06,7.46,7.76,3.85,11.15,9.77,5.84],
[16.73,4.08,11.39,7.53,10.52,3.39,7.12,1.59,5.45],
[12.69,8.87,12.11,8.65,9.39,12.79,7.22,10.12,11.48],
[3.75,7.23,9.81,5.74,10.56,3.97,10.62,1.78,12.85],
[8.4,7.81,12.71,0.63,4.97,7.19,7.93,2.91,4.74],
[8.84,7.31,3.04,3.64,14.82,8.28,6.92,10.94,9.91],
[9.3,6.28,10.13,7.38,8.39,3.33,8.13,5.47,5.64],
[13.31,5.94,10.83,7.3,10.64,7.25,6.38,5.24,8.5],
[7.56,7.39,11.21,6.99,9.56,9.16,8.32,5.29,11.02],
[5.53,7.41,10.4,9.78,9.26,5.83,8.66,2.12,8.17],
[8.18,9.17,8.8,2.09,11.14,9.62,6.68,6.34,6.61],
[10.3,6.57,11.47,7.22,9.08,5.94,7.29,6.64,7.21],
[9.69,5.95,10.46,6.65,9.88,7,7.51,3.89,9.14],
[7.58,7.3,10.83,9.01,8.64,8.01,7.71,4.26,8.55],
[6.33,7.96,8.46,7.99,10.69,7.33,7.54,4.58,8.41],
[8.38,6.54,10.59,7.02,8.92,5.97,7.96,5.36,8.02],
[9.1,6.35,10.38,8.57,9.77,6.69,7.23,3.52,8.01],
[7.51,7.87,9.87,8.22,9.93,9.18,7.14,5.51,8.61],
[8.09,6.62,10.59,8.09,9.16,5.94,7.63,4.85,7.32],
[8.74,6.92,9.77,8.32,10.34,8.12,6.89,4.65,8.36],
[8.04,7.2,9.74,7.91,9.69,7.27,7.29,5.52,7.72],
[9.99,9.4,6.94,10.59,4.68,6.87,10.25,9.27,2.28],
[15.11,3.82,6.4,6.15,3.99,2.61,7.39,3.52,5.35],
[12.52,8.35,14.51,9.95,2.51,7.43,2.77,8.07,11.92],
[3.76,8.83,8.75,4.95,11.92,6.86,8.31,1.82,8.72],
[5.27,5.93,7.84,0.65,5.33,3.66,7.44,2.56,1.54],
[11.49,8.8,4.63,4.03,11.15,8.39,6.94,9.13,11.12],
[12.33,6.66,8.8,8.28,4.08,4.54,7.84,5.74,3.83],
[12.38,5.67,9.3,7.19,8.78,4.84,4.64,6.1,8.89],
[7.37,7.71,11.96,6.73,8.65,8.12,5.29,4.6,9.18],
[4.04,6.56,7.58,7.87,8.65,5.84,7,2,4.82],
[8.06,7.14,5.6,3.36,7.53,8.88,6.39,5.95,5.63],
[11.55,6.67,10.57,8.54,7.45,5.73,5.92,7.02,6.38],
[9.27,6.4,9.76,6.19,9.12,5.97,5.52,4.44,8.58],
[6.35,6.66,9.95,8.51,7.14,6.41,5.61,3.69,6.61],
[6.3,7.24,6.2,6.21,8.75,7.69,6.48,4.38,6.37],
[9.33,6.84,9.92,7.74,8,6.05,6.22,5.61,6.81],
[8.13,6.05,8.93,7.65,8.3,5.28,5.69,3.86,7.29],
[7.31,7.09,8.4,7.18,7.67,8.31,5.62,5.17,7.37],
[8.33,6.44,9.16,8.08,7.78,5.57,6.22,4.98,6.22],
[8.45,6.41,7.99,6.83,8.44,7.07,5.69,4.85,8],
[8.62,6.72,8.25,7.28,8.03,6.86,6.13,5.52,7.07],
[12.49,6.57,13.19,10.29,4.67,9.25,13.02,6.65,2.11],
[14.62,1.22,6.56,1.96,3.2,2.6,7.91,5.98,5.03],
[9.19,6.06,9.9,5.64,7.66,13.05,3.15,9.64,14.59],
[5.2,9.01,9.09,3.78,7.74,5.9,8.19,4.94,5.9],
[1.27,3.98,8.91,6.34,4.91,4.47,7.13,7.45,3.72],
[10.92,7.07,4.96,5.68,7.74,6.14,8.72,3.26,5.64],
[12.15,7.21,9.52,8.26,5.04,7.04,9.34,5.63,3.51],
[10.95,4.05,7.44,3.4,8.85,7.57,5.04,6.95,10.21],
[6.4,6.74,10.8,4.2,6.88,8.49,5.52,6.54,9.11],
[3.25,5.8,8.07,8.12,5.69,5.65,6.81,5.55,4.27],
[6.5,5.46,6.18,5.35,6.07,9.01,7.07,4.92,4.75],
[10.61,6.37,9.47,7.79,7.07,8.27,7.08,6.39,7.17],
[8.57,5.55,8.97,3.27,8.48,6.92,5.81,5.91,8.68],
[4.77,5.53,9.7,7.79,5.85,7.42,5.65,6.42,6.93],
[5.67,6.12,6.61,7.51,6.12,7.48,6.89,4.57,4.88],
[8.95,6.61,9.63,6.76,7.23,7.42,7.05,5.76,6.89],
[7.01,5.18,8.77,6.35,7.74,6.28,5.83,6.01,7.34],
[6.11,5.79,8.33,8.01,6.16,8.31,6.08,5.44,6.76],
[7.67,5.95,9.25,7.72,6.94,6.97,6.8,5.86,6.26],
[7.5,5.33,7.97,7.09,7.42,7.59,6.15,5.31,7.53],
[7.94,6.03,8.47,7.81,6.81,7.71,6.89,5.31,6.72],
[8.13,8.44,6.24,8.82,6.27,5.53,9.85,7.81,4.8],
[16.75,4.39,9.5,6.5,9.02,3.55,5.91,2.82,4.48],
[10.16,7.77,11.87,8.56,8.33,10.83,5.9,8.79,9.86],
[3.19,7.23,7.94,4.93,11.54,5.53,8.58,1.46,10.52],
[6.75,6.98,10.17,0.52,5.32,5.86,6.6,2.34,3.9],
[9.47,7.09,5.52,5.51,12.65,6.92,5.64,8.89,8.9],
[11.78,6.53,9.14,8.08,7.04,4.87,7.3,4.97,5.07],
[12.24,5.76,9.9,6.86,9.72,6.55,5.37,5.67,7.29],
[6.21,6.82,9.9,6.27,9.45,8.08,6.82,4.67,9.29],
[4.69,6.63,8.68,8.79,8.48,5.61,7.12,1.74,6.86],
[8.38,7.67,8.01,3.38,9.34,8.34,5.58,5.33,6.02],
[10.76,6.51,10.53,8.07,8.26,6.42,6.5,6.38,6.33],
[8.96,5.88,9.2,6.03,9.69,6.51,6.22,4.13,7.87],
[6.32,6.59,9.43,8.89,7.97,7.01,6.4,3.71,7.35],
[6.37,7.11,7.55,7.49,9.55,7.04,6.28,3.89,7.52],
[8.66,6.38,9.53,7.47,8.63,6.2,6.96,5.16,6.97],
[8.38,6.07,9.03,8.17,8.93,6.09,6.05,3.6,7.05],
[6.99,6.96,8.63,8.18,8.99,8.13,5.96,4.82,7.79],
[8.17,6.37,9.48,8.28,8.4,5.96,6.66,4.61,6.45],
[8.45,6.36,8.5,7.89,9.35,7.44,5.77,4.44,7.74],
[8.32,6.63,8.78,7.93,8.8,6.98,6.33,5.1,7.1],
[11.87,9.84,12.11,8.48,4.96,7.4,10.64,7.6,1.92],
[12.94,3.11,6.94,5.9,3.4,3.24,7.2,4.78,4.51],
[10.02,8.25,12.82,8.74,7.22,13.2,2.96,9.04,12.69],
[5.25,7.21,8.47,3.96,10.15,5.58,6.66,4,8.61],
[4.24,4.78,7.13,5.51,4.27,4.08,6.38,7.96,3.03],
[9.29,7.04,3.99,5.01,8.92,8.64,7.86,7.32,9.23],
[12,7.21,9.37,7.77,4.44,6.03,8.36,5.82,3.6],
[10.68,5.2,9.01,6.68,8.89,7.51,4.7,6.39,10.29],
[6.94,7.4,11.33,5.79,8.58,9.19,4.95,6.13,9.97],
[4.51,5.47,7.36,7.62,7.2,6.25,5.95,5.44,5.53],
[6.8,5.88,5.07,4.91,6.18,9,6.51,7.09,5.64],
[10.71,7.22,10.12,8.06,7.25,7.89,6.53,6.68,7.22],
[8.53,5.92,9.58,5.53,8.76,7.21,5.33,5.38,9.24],
[5.94,6.23,9.44,8.03,6.94,7.94,5.34,6.33,7.39],
[5.94,6.12,5.94,6.67,7.28,7.65,6.23,5.78,6.5],
[9.07,7,9.91,7.09,7.61,7.28,6.39,5.81,7.25],
[7.54,5.5,8.69,7.3,8.02,6.63,5.56,5.72,7.79],
[6.58,6.38,7.88,7.5,7.09,8.7,5.87,6.44,7.58],
[8.09,6.39,9.1,7.69,7.36,7,6.3,5.98,6.54],
[7.64,5.7,7.66,7.15,7.94,7.66,6,5.94,8.1],
[8.11,6.48,8.15,7.37,7.44,7.61,6.5,6.08,7.05],
[10.3,8.63,11.45,7.36,5.82,6.17,10.92,6.76,4],
[15.36,3.66,8.78,5.94,8.15,3.62,6.05,4.02,3.98],
[8.49,8.22,10.77,7.62,9.92,13.66,6.11,8.89,11.22],
[4.77,6.2,8.24,4.14,9.88,4.7,7.25,3.38,9.56],
[5.79,5.99,9.82,4.72,4.48,6.46,6.04,6.65,4.23],
[8.02,5.92,4.68,5.59,10.64,7.6,6.82,7.51,7.73],
[12.15,6.81,9.87,7.58,6.81,6.11,7.86,5.25,4.74],
[11.03,5.53,9.21,6.27,9.69,8.47,5.61,5.98,8.74],
[6.13,6.74,9.79,5.47,9.18,8.67,6.57,5.7,10.06],
[5.25,5.68,8.81,8.32,7.2,6.08,6.2,4.63,6.65],
[7.36,6.55,7.27,4.8,7.92,8.93,6,6.55,5.81],
[10.46,6.98,10.19,7.62,8.05,8.07,6.94,6.22,7],
[8.63,5.59,9,5.36,9.39,7.45,6.2,4.91,8.55],
[6.12,6.31,9.34,8.3,7.68,8.05,6.09,5.71,7.84],
[6.22,6.18,7.28,7.69,8.17,7.25,6.09,5.28,7.2],
[8.81,6.56,9.54,6.87,8.26,7.19,7.02,5.36,7.32],
[8.07,5.66,8.87,7.63,8.68,7.09,5.96,5.12,7.46],
[6.53,6.41,8.25,8.29,8.26,8.48,6.08,5.92,7.84],
[8.26,6.32,9.38,7.79,8,7.07,6.66,5.43,6.67],
[7.94,5.79,8.12,7.98,8.8,7.91,6.02,5.41,7.81],
[8.15,6.43,8.59,7.88,8.2,7.6,6.61,5.61,7.06]]
[[0,0,0,0,0,0,0,0,0],
[0,0,0,0,0,0,0,0,0],
[0,0,0,0,0,0,0,0,0],
[0,0,0,0,0,0,0,0,0],
[0,0,0,0,0,0,0,0,0],
[0,0,0,0,0,0,0,0,0],
[0,0.04,0,0,0.04,0.02,0.02,0.01,0.02],
[0.04,0,0,0.02,0.04,0,0,0,0.01],
[0.02,0,0.01,0,0.02,0,0,0.04,0.02],
[0,0,0,0.02,0.02,0,0,0.02,0.02],
[0,0,0,0.04,0.01,0.02,0,0.01,0.01],
[0.03,0.03,0,0.01,0.03,0.02,0.01,0.01,0.02],
[0.02,0,0,0.01,0.02,0,0,0.02,0.01],
[0.01,0,0.01,0.01,0.01,0,0,0.02,0.01],
[0,0,0,0.02,0.01,0.01,0,0.01,0.01],
[0.02,0.02,0,0.01,0.02,0.02,0.01,0.02,0.02],
[0.02,0,0.01,0.01,0.02,0,0,0.02,0.01],
[0.01,0,0.01,0.02,0.01,0.02,0,0.02,0.01],
[0.02,0.02,0.01,0.01,0.02,0.01,0.01,0.01,0.02],
[0.01,0,0.01,0.02,0.02,0.01,0,0.01,0.01],
[0.01,0.01,0.01,0.02,0.02,0.02,0.01,0.01,0.01],
[0,0,0,0,0,0,0,0,0],
[0,0,0,0,0,0,0,0,0],
[0,0,0,0,0,0,0,0,0],
[0,0,0,0,0,0,0,0,0],
[0,0,0,0,0,0,0,0,0],
[0,0,0,0,0,0,0,0,0],
[0,0.02,0.02,0.04,0.02,0.02,0.02,0.08,0],
[0.02,0.04,0.02,0,0.01,0.02,0.01,0.04,0.02],
[0.04,0.02,0.04,0,0.04,0.02,0,0.02,0.01],
[0,0,0.04,0.04,0.04,0.04,0,0,0],
[0,0.01,0.02,0.02,0.01,0.08,0,0,0.02],
[0.01,0.02,0.01,0.02,0.01,0.01,0.01,0.04,0.01],
[0.02,0.02,0.02,0,0.02,0.01,0,0.02,0.01],
[0.02,0.01,0.03,0.02,0.03,0.02,0,0.01,0.01],
[0,0,0.02,0.02,0.02,0.04,0,0,0.01],
[0.02,0.02,0.02,0.02,0.03,0.01,0.01,0.03,0.01],
[0.02,0.02,0.02,0.02,0.02,0.02,0,0.02,0.01],
[0.02,0.02,0.02,0.02,0.02,0.03,0,0.02,0.01],
[0.01,0.01,0.02,0.02,0.02,0.02,0.01,0.03,0.01],
[0.02,0.02,0.02,0.02,0.02,0.03,0.01,0.02,0.01],
[0.01,0.01,0.02,0.02,0.02,0.02,0.01,0.03,0.01],
[0,0,0,0,0,0,0,0,0],
[0,0,0,0,0,0,0,0,0],
[0,0,0,0,0,0,0,0,0],
[0,0,0,0,0,0,0,0,0],
[0,0,0,0,0,0,0,0,0],
[0,0,0,0,0,0,0,0,0],
[0,0,0,0.02,0,0,0.02,0,0.02],
[0,0.04,0.01,0,0.08,0.01,0.04,0,0],
[0.02,0,0.02,0.04,0,0.02,0,0,0.01],
[0,0,0.04,0,0.02,0.02,0,0,0.01],
[0.04,0.02,0,0,0.01,0.01,0,0,0.02],
[0,0.04,0,0.01,0.05,0,0.02,0,0.01],
[0.02,0.02,0.01,0.03,0.04,0.01,0.03,0,0],
[0.01,0,0.02,0.02,0.02,0.01,0,0,0],
[0.03,0.01,0.04,0,0.01,0.01,0,0,0.01],
[0.02,0.03,0.01,0.02,0.04,0.01,0.02,0,0.01],
[0.02,0.02,0.02,0.02,0.03,0.01,0.02,0,0],
[0.02,0.01,0.03,0.02,0.02,0.01,0,0,0.01],
[0.02,0.03,0.01,0.02,0.03,0.01,0.02,0,0.01],
[0.02,0.02,0.03,0.02,0.03,0.01,0.02,0,0.01],
[0.02,0.03,0.02,0.02,0.03,0.01,0.01,0,0.01],
[0,0,0,0,0,0,0,0,0],
[0,0,0,0,0,0,0,0,0],
[0,0,0,0,0,0,0,0,0],
[0,0,0,0,0,0,0,0,0],
[0,0,0,0,0,0,0,0,0],
[0,0,0,0,0,0,0,0,0],
[0,0,0.01,0,0.02,0,0.02,0.04,0],
[0.02,0.02,0.01,0.04,0.02,0,0.01,0.02,0],
[0.01,0,0.01,0.04,0.02,0.02,0.02,0,0],
[0,0.02,0.01,0,0.01,0,0,0.04,0.04],
[0.01,0.02,0.01,0,0.02,0,0.04,0.02,0],
[0.01,0.01,0,0.02,0.01,0,0.01,0.02,0],
[0.01,0.01,0,0.03,0.01,0.01,0.02,0.01,0],
[0,0.02,0,0.02,0.01,0.01,0.01,0.03,0.02],
[0,0.01,0,0.01,0.01,0,0.03,0.02,0.04],
[0.01,0.01,0,0.02,0.01,0.01,0.02,0.02,0],
[0.01,0.02,0,0.02,0.01,0.01,0.02,0.02,0.02],
[0,0.02,0,0.02,0.02,0.01,0.02,0.02,0.03],
[0.01,0.01,0,0.02,0.01,0.01,0.02,0.03,0.02],
[0.01,0.01,0,0.02,0.01,0.01,0.02,0.02,0.03],
[0.01,0.01,0,0.01,0.01,0.01,0.02,0.02,0.03],
[0,0,0,0,0,0,0,0,0],
[0,0,0,0,0,0,0,0,0],
[0,0,0,0,0,0,0,0,0],
[0,0,0,0,0,0,0,0,0],
[0,0,0,0,0,0,0,0,0],
[0,0,0,0,0,0,0,0,0],
[0,0.02,0.02,0.02,0,0.04,0,0.08,0],
[0.04,0,0,0.02,0,0.08,0.02,0,0],
[0,0.01,0.02,0,0.02,0,0.02,0.02,0],
[0,0,0,0.02,0,0,0.04,0,0.02],
[0.01,0,0.02,0.01,0,0.01,0.04,0.01,0.04],
[0.03,0.01,0.01,0.01,0,0.04,0.01,0.05,0],
[0.02,0.01,0.02,0.01,0.01,0.04,0.01,0.01,0],
[0,0.01,0.02,0.02,0.02,0.01,0.02,0.01,0.01],
[0,0,0.01,0.01,0,0.01,0.03,0,0.02],
[0.02,0.01,0.02,0.01,0.01,0.03,0.01,0.04,0],
[0.02,0.02,0.03,0.02,0.02,0.03,0.02,0.01,0.01],
[0.01,0.01,0.02,0.02,0.02,0.02,0.02,0.01,0.02],
[0.02,0.01,0.03,0.02,0.01,0.02,0.02,0.03,0.01],
[0.01,0.01,0.03,0.01,0.02,0.03,0.02,0.01,0.01],
[0.01,0.01,0.02,0.01,0.01,0.02,0.02,0.02,0.01],
[0,0,0,0,0,0,0,0,0],
[0,0,0,0,0,0,0,0,0],
[0,0,0,0,0,0,0,0,0],
[0,0,0,0,0,0,0,0,0],
[0,0,0,0,0,0,0,0,0],
[0,0,0,0,0,0,0,0,0],
[0.04,0.02,0,0,0,0,0,0,0.01],
[0.02,0,0,0,0.02,0,0.01,0.02,0.01],
[0,0,0,0.02,0,0,0,0,0.01],
[0.02,0,0,0.02,0,0.04,0,0,0.01],
[0,0.01,0.02,0,0,0.08,0.02,0.02,0],
[0.02,0.01,0,0,0.01,0,0.01,0.01,0],
[0.01,0,0.01,0.02,0.01,0,0,0.01,0],
[0.01,0,0,0.01,0,0.02,0,0,0],
[0.01,0.01,0.01,0.01,0,0.04,0.01,0.01,0],
[0.02,0.01,0.01,0.02,0.01,0,0.01,0.01,0],
[0.02,0,0.01,0.02,0.01,0.02,0.01,0.01,0],
[0.01,0.01,0.01,0.01,0,0.03,0.01,0.01,0],
[0.02,0.01,0,0.01,0.01,0.02,0.01,0.01,0],
[0.02,0.01,0.01,0.01,0.01,0.02,0.01,0.01,0],
[0.02,0.01,0.01,0.01,0.01,0.02,0.01,0.01,0],
[0,0,0,0,0,0,0,0,0],
[0,0,0,0,0,0,0,0,0],
[0,0,0,0,0,0,0,0,0],
[0,0,0,0,0,0,0,0,0],
[0,0,0,0,0,0,0,0,0],
[0,0,0,0,0,0,0,0,0],
[0.02,0.01,0,0,0.04,0,0.01,0,0.02],
[0.01,0,0.04,0.04,0.08,0,0,0,0],
[0,0,0.02,0,0,0.01,0,0,0.02],
[0.04,0.04,0.01,0.08,0.02,0.01,0,0,0.02],
[0,0.01,0.04,0.02,0,0.01,0,0,0.02],
[0.01,0.01,0.03,0.03,0.04,0,0,0,0.01],
[0.01,0.01,0.02,0.03,0.04,0.01,0,0,0.02],
[0.02,0.02,0.02,0.05,0.02,0,0,0,0.01],
[0.02,0.02,0.02,0.04,0.01,0,0,0,0.01],
[0.01,0.02,0.02,0.03,0.03,0.01,0,0,0.02],
[0.02,0.02,0.02,0.04,0.03,0.01,0,0,0.02],
[0.02,0.02,0.02,0.04,0.02,0,0,0,0.01],
[0.02,0.02,0.02,0.03,0.03,0.01,0.01,0,0.01],
[0.01,0.01,0.02,0.03,0.03,0.01,0,0,0.02],
[0.01,0.01,0.02,0.03,0.02,0.01,0.01,0,0.01],
[0.01,0.04,0,0.02,0,0.02,0,0.02,0.04],
[0.02,0.02,0.01,0,0.02,0.02,0,0.04,0.02],
[0.04,0,0,0.02,0,0,0.01,0,0.01],
[0.02,0,0,0.04,0,0.02,0.01,0,0.02],
[0,0,0.04,0.02,0,0,0.01,0.02,0],
[0,0.01,0,0.04,0,0,0.04,0.02,0],
[0.01,0.02,0.01,0.02,0.03,0.01,0.02,0.03,0.03],
[0.02,0.02,0.01,0.02,0.02,0.02,0.01,0.03,0.01],
[0.02,0.01,0.02,0.02,0.02,0.02,0,0.02,0.01],
[0.01,0,0.02,0.02,0.02,0.02,0,0.01,0.02],
[0.01,0,0.02,0.02,0,0.03,0.02,0.02,0.01],
[0.02,0.02,0.01,0.02,0.02,0.02,0.01,0.02,0.02],
[0.02,0.01,0.01,0.02,0.02,0.02,0.01,0.02,0.01],
[0.01,0.01,0.02,0.02,0.02,0.01,0,0.02,0.01],
[0.01,0,0.01,0.02,0.01,0.02,0.01,0.01,0.01],
[0.02,0.02,0.01,0.02,0.02,0.01,0.01,0.02,0.02],
[0.01,0.01,0.01,0.02,0.02,0.01,0.01,0.02,0.01],
[0.01,0.01,0.01,0.02,0.01,0.02,0.01,0.02,0.01],
[0.01,0.01,0.01,0.02,0.02,0.01,0.01,0.02,0.02],
[0.01,0.01,0.01,0.02,0.01,0.02,0.01,0.02,0.01],
[0.01,0.01,0.01,0.02,0.02,0.02,0.01,0.02,0.01],
[0.02,0.04,0,0,0,0.02,0.04,0.04,0],
[0,0,0.01,0,0.02,0,0.01,0,0.02],
[0.02,0,0.02,0,0.04,0,0.04,0.02,0],
[0.04,0,0.04,0.08,0,0,0.04,0,0],
[0.02,0.02,0.04,0,0,0.02,0.02,0,0.02],
[0,0.01,0.02,0.02,0,0,0.08,0.02,0.02],
[0.01,0.02,0.01,0.02,0.01,0.01,0.02,0.03,0.01],
[0.02,0.03,0.01,0,0.03,0.01,0.02,0.02,0.01],
[0.02,0.01,0.02,0.03,0.02,0.02,0.03,0.01,0],
[0.02,0.01,0.03,0.03,0.02,0.03,0.02,0,0.01],
[0.02,0.02,0.03,0.01,0,0.03,0.03,0.01,0.01],
[0.01,0.03,0.01,0.02,0.03,0.01,0.02,0.02,0.01],
[0.02,0.02,0.01,0.02,0.03,0.01,0.02,0.01,0.01],
[0.02,0.01,0.02,0.02,0.02,0.02,0.02,0.01,0.01],
[0.02,0.01,0.03,0.02,0.01,0.02,0.03,0.01,0.01],
[0.02,0.02,0.01,0.02,0.03,0.01,0.02,0.02,0.01],
[0.02,0.02,0.02,0.02,0.02,0.02,0.02,0.01,0.01],
[0.02,0.01,0.02,0.02,0.02,0.02,0.03,0.01,0.01],
[0.02,0.02,0.02,0.02,0.02,0.02,0.02,0.01,0.01],
[0.02,0.02,0.02,0.02,0.02,0.02,0.02,0.01,0.01],
[0.02,0.02,0.02,0.02,0.02,0.02,0.02,0.01,0.01],
[0.04,0.02,0.01,0,0.04,0.04,0,0.04,0.04],
[0.08,0.01,0,0.04,0,0.02,0,0,0.02],
[0,0,0,0,0,0.02,0.02,0.02,0],
[0,0,0,0,0.02,0.02,0,0.01,0.04],
[0,0.04,0,0,0.01,0,0,0,0.01],
[0.02,0,0.04,0,0.02,0.02,0.04,0,0],
[0.04,0.01,0,0.02,0.02,0.02,0.01,0.02,0.03],
[0.03,0.02,0,0.02,0.03,0.02,0.02,0.01,0.01],
[0.01,0,0.01,0.03,0.02,0.03,0.01,0.01,0.02],
[0,0.02,0.02,0,0.01,0.01,0,0.02,0.02],
[0.02,0.02,0.02,0,0.01,0.01,0.02,0.01,0.01],
[0.03,0.03,0,0.02,0.03,0.02,0.01,0.02,0.02],
[0.02,0.01,0.01,0.03,0.02,0.02,0.02,0.01,0.01],
[0.01,0.01,0.01,0.02,0.01,0.02,0.01,0.01,0.01],
[0.01,0.01,0.02,0.01,0.01,0.01,0.01,0.01,0.02],
[0.02,0.02,0.01,0.02,0.02,0.02,0.02,0.01,0.02],
[0.02,0.02,0.01,0.02,0.02,0.01,0.02,0.01,0.01],
[0.01,0.01,0.02,0.01,0.02,0.01,0.01,0.01,0.02],
[0.02,0.02,0.01,0.02,0.02,0.02,0.01,0.02,0.02],
[0.02,0.01,0.01,0.02,0.02,0.01,0.02,0.01,0.02],
[0.02,0.02,0.01,0.01,0.02,0.02,0.02,0.01,0.02],
[0.02,0.01,0,0,0.02,0,0,0.08,0],
[0.04,0,0.04,0.02,0,0.04,0.02,0.04,0.02],
[0.02,0.02,0,0.04,0.04,0,0.01,0,0],
[0,0.02,0,0,0.01,0,0,0.01,0.02],
[0,0,0.02,0.02,0,0,0.08,0.02,0.04],
[0,0.02,0.01,0,0.04,0.02,0.02,0.01,0],
[0.02,0.01,0.02,0.01,0.01,0.03,0.01,0.04,0.01],
[0.02,0.01,0.02,0.02,0.02,0.04,0.01,0.02,0.01],
[0.01,0.02,0.01,0.02,0.02,0.01,0.02,0.01,0.01],
[0,0.02,0.01,0.02,0.01,0,0.04,0.02,0.02],
[0,0.02,0.01,0.01,0.02,0.01,0.03,0.02,0.03],
[0.02,0.01,0.01,0.02,0.02,0.02,0.01,0.03,0.01],
[0.01,0.01,0.02,0.02,0.01,0.02,0.01,0.01,0.01],
[0,0.02,0.01,0.02,0.01,0.01,0.03,0.02,0.01],
[0,0.02,0.01,0.01,0.01,0.01,0.03,0.01,0.03],
[0.01,0.01,0.01,0.01,0.01,0.02,0.01,0.02,0.01],
[0.01,0.02,0.02,0.02,0.01,0.02,0.02,0.02,0.01],
[0.01,0.02,0.01,0.01,0.02,0.01,0.02,0.01,0.02],
[0.01,0.01,0.01,0.01,0.01,0.02,0.02,0.02,0.01],
[0.01,0.02,0.01,0.01,0.01,0.02,0.02,0.02,0.02],
[0.01,0.01,0.01,0.01,0.01,0.02,0.02,0.02,0.02],
[0,0,0,0,0,0,0.02,0.04,0],
[0.02,0,0,0.02,0,0.02,0.02,0,0.01],
[0.04,0,0,0,0.04,0.02,0.01,0.04,0],
[0.01,0.02,0.01,0.02,0,0,0,0,0.01],
[0.04,0.02,0.04,0.02,0,0.02,0.04,0,0.02],
[0.02,0,0.01,0,0,0.04,0.02,0,0.01],
[0.02,0.01,0.01,0.01,0,0.02,0.02,0.03,0],
[0.02,0,0,0.01,0.02,0.03,0.01,0.02,0.01],
[0.02,0.01,0.01,0.02,0.02,0.01,0.01,0.02,0.01],
[0.02,0.02,0.02,0.01,0,0.02,0.02,0,0.02],
[0.02,0.01,0.02,0.01,0,0.03,0.02,0.01,0.02],
[0.02,0.01,0.01,0.01,0.01,0.02,0.01,0.03,0],
[0.01,0.01,0.01,0.01,0.01,0.02,0.01,0.02,0.01],
[0.02,0.01,0.02,0.02,0.01,0.02,0.01,0.01,0.01],
[0.02,0.01,0.01,0.01,0,0.02,0.02,0.01,0.01],
[0.02,0.01,0.01,0.01,0.01,0.01,0.01,0.02,0],
[0.02,0.01,0.02,0.01,0.01,0.02,0.01,0.02,0.01],
[0.02,0.01,0.01,0.01,0.01,0.02,0.01,0.01,0.01],
[0.02,0.01,0.02,0.01,0.01,0.02,0.01,0.02,0.01],
[0.02,0.01,0.02,0.01,0.01,0.02,0.01,0.01,0.01],
[0.02,0.01,0.02,0.01,0.01,0.02,0.01,0.02,0.01],
[0.08,0,0.02,0.02,0.02,0,0,0.02,0],
[0.01,0,0.04,0.04,0,0,0.01,0.02,0],
[0.02,0,0,0,0,0,0,0,0.01],
[0.02,0,0,0.04,0,0.02,0,0,0.02],
[0,0.01,0.02,0.04,0.02,0.02,0,0,0.01],
[0.02,0.01,0.04,0,0.01,0.04,0.02,0.04,0],
[0.03,0.01,0.02,0.02,0.02,0,0.01,0.01,0.01],
[0.01,0,0.02,0.02,0.03,0,0,0.01,0.01],
[0.02,0,0.01,0.02,0.01,0.01,0,0,0.01],
[0.03,0.02,0.01,0.03,0.01,0.02,0,0,0.01],
[0.01,0,0.02,0.02,0.01,0.03,0.01,0.02,0.01],
[0.02,0.01,0.02,0.02,0.02,0,0.01,0.01,0.01],
[0.01,0,0.01,0.02,0.02,0.01,0,0.01,0.01],
[0.02,0.01,0.01,0.03,0.01,0.01,0,0,0.01],
[0.02,0.01,0.01,0.02,0.01,0.02,0.01,0.01,0.01],
[0.02,0.01,0.01,0.02,0.02,0.01,0.01,0.01,0.01],
[0.02,0.01,0.01,0.03,0.02,0.01,0,0.01,0.01],
[0.02,0.01,0.01,0.02,0.01,0.02,0.01,0.01,0.01],
[0.02,0.01,0.01,0.02,0.02,0.01,0.01,0.01,0.01],
[0.02,0.01,0.02,0.02,0.02,0.01,0.01,0.01,0.01],
[0.02,0.01,0.02,0.02,0.01,0.01,0.01,0.01,0.01],
[0.02,0.03,0,0.01,0,0.01,0.02,0.02,0.04],
[0.02,0.01,0,0,0.04,0.01,0.01,0.02,0.01],
[0.02,0,0.01,0.01,0.03,0.01,0.02,0.02,0],
[0.02,0,0.02,0.04,0,0.02,0.02,0,0.01],
[0.01,0.01,0.03,0.01,0,0.01,0.01,0.01,0.01],
[0,0,0.01,0.02,0,0,0.04,0.01,0.01],
[0.02,0.02,0,0.02,0.03,0.01,0.01,0.02,0.02],
[0.02,0.02,0.01,0.01,0.03,0.01,0.01,0.02,0.01],
[0.02,0.01,0.01,0.02,0.02,0.02,0.02,0.02,0.01],
[0.01,0.01,0.02,0.02,0.02,0.02,0.01,0.01,0.01],
[0.01,0.01,0.02,0.02,0,0.02,0.02,0.01,0.01],
[0.02,0.03,0.01,0.01,0.03,0.01,0.02,0.02,0.02],
[0.02,0.01,0.01,0.02,0.02,0.02,0.01,0.02,0.01],
[0.02,0.01,0.02,0.02,0.02,0.02,0.01,0.01,0.01],
[0.02,0.01,0.02,0.02,0.01,0.02,0.02,0.01,0.01],
[0.02,0.02,0.01,0.02,0.03,0.02,0.02,0.02,0.01],
[0.02,0.01,0.01,0.02,0.02,0.02,0.01,0.01,0.01],
[0.02,0.01,0.02,0.02,0.01,0.02,0.02,0.01,0.01],
[0.02,0.02,0.01,0.02,0.02,0.02,0.01,0.02,0.01],
[0.02,0.01,0.01,0.02,0.02,0.02,0.02,0.01,0.01],
[0.02,0.02,0.01,0.02,0.02,0.02,0.02,0.01,0.01],
[0.02,0.02,0.01,0,0.03,0.02,0.03,0.03,0.02],
[0.04,0,0,0.04,0.01,0.01,0,0,0.04],
[0.01,0,0.01,0,0.02,0.01,0.02,0.01,0],
[0.03,0,0.02,0.05,0.02,0.01,0.03,0.01,0.03],
[0.01,0.02,0.02,0,0,0.01,0.02,0,0.01],
[0.01,0.01,0.02,0.01,0.01,0.02,0.04,0.01,0.01],
[0.03,0.01,0.01,0.02,0.02,0.02,0.01,0.03,0.03],
[0.02,0.02,0.01,0.02,0.02,0.01,0.01,0.02,0.02],
[0.02,0.01,0.01,0.03,0.02,0.02,0.02,0.01,0.01],
[0.02,0.01,0.02,0.02,0.02,0.02,0.02,0.01,0.02],
[0.02,0.01,0.02,0.01,0.01,0.02,0.03,0.01,0.01],
[0.02,0.02,0.01,0.02,0.02,0.02,0.02,0.02,0.02],
[0.02,0.02,0.01,0.03,0.02,0.02,0.02,0.01,0.02],
[0.01,0.01,0.02,0.02,0.02,0.02,0.02,0.01,0.01],
[0.02,0.01,0.02,0.02,0.01,0.02,0.03,0.01,0.02],
[0.02,0.02,0.01,0.02,0.02,0.02,0.02,0.02,0.02],
[0.02,0.02,0.01,0.02,0.02,0.02,0.02,0.01,0.02],
[0.02,0.01,0.02,0.02,0.02,0.02,0.02,0.01,0.02],
[0.02,0.02,0.01,0.02,0.02,0.02,0.02,0.02,0.02],
[0.02,0.01,0.01,0.02,0.02,0.02,0.02,0.01,0.02],
[0.02,0.02,0.01,0.02,0.02,0.02,0.02,0.02,0.02],
[0.02,0.01,0,0,0.02,0.02,0,0.04,0.02],
[0.04,0.01,0.03,0.02,0,0.02,0.01,0.03,0.01],
[0.02,0.01,0,0.03,0.04,0.01,0.02,0.02,0],
[0,0.01,0,0,0.01,0.02,0,0,0.02],
[0,0.04,0.02,0.01,0.01,0,0.04,0.01,0.02],
[0.01,0.01,0.02,0,0.02,0.01,0.02,0,0],
[0.03,0.01,0.01,0.01,0.01,0.02,0.01,0.03,0.02],
[0.03,0.01,0.01,0.02,0.03,0.03,0.02,0.02,0.01],
[0.01,0.01,0.01,0.02,0.02,0.02,0.02,0.01,0.01],
[0,0.02,0.01,0.01,0.01,0.01,0.02,0.01,0.02],
[0.01,0.02,0.02,0.01,0.01,0.01,0.03,0.01,0.02],
[0.02,0.02,0.01,0.02,0.02,0.02,0.01,0.03,0.01],
[0.02,0.01,0.02,0.02,0.02,0.02,0.02,0.02,0.01],
[0.01,0.02,0.01,0.02,0.02,0.01,0.02,0.02,0.01],
[0.01,0.02,0.02,0.01,0.01,0.01,0.02,0.01,0.02],
[0.02,0.02,0.01,0.02,0.02,0.02,0.01,0.02,0.01],
[0.02,0.02,0.02,0.02,0.02,0.02,0.02,0.02,0.01],
[0.01,0.02,0.01,0.01,0.02,0.01,0.02,0.01,0.02],
[0.02,0.02,0.01,0.01,0.02,0.02,0.02,0.02,0.01],
[0.02,0.02,0.02,0.01,0.02,0.02,0.02,0.01,0.02],
[0.02,0.02,0.01,0.01,0.02,0.02,0.02,0.02,0.02],
[0.02,0,0,0,0.01,0,0.02,0.04,0],
[0.02,0,0.03,0.01,0,0.02,0.01,0.02,0.02],
[0.02,0.01,0,0.02,0.03,0.01,0,0.02,0],
[0,0.01,0,0.02,0,0,0.01,0.01,0.02],
[0.03,0.01,0.02,0.01,0,0.01,0.04,0.01,0.02],
[0.01,0.01,0,0,0.02,0.02,0.01,0,0.01],
[0.02,0.01,0.01,0.01,0.01,0.02,0.01,0.03,0.01],
[0.02,0.01,0.01,0.02,0.02,0.02,0.01,0.02,0.01],
[0.01,0.01,0.01,0.02,0.01,0.01,0.01,0.01,0.01],
[0.01,0.01,0.01,0.02,0.01,0.01,0.02,0.01,0.02],
[0.02,0.01,0.01,0.01,0.01,0.02,0.02,0.01,0.02],
[0.02,0.01,0.01,0.01,0.01,0.02,0.01,0.02,0.01],
[0.01,0.01,0.02,0.02,0.01,0.02,0.01,0.02,0.01],
[0.02,0.02,0.01,0.02,0.01,0.02,0.02,0.02,0.01],
[0.02,0.01,0.01,0.01,0.01,0.01,0.02,0.01,0.02],
[0.02,0.01,0.01,0.01,0.01,0.01,0.01,0.02,0.01],
[0.02,0.01,0.02,0.01,0.01,0.02,0.02,0.02,0.01],
[0.02,0.01,0.01,0.01,0.01,0.02,0.02,0.01,0.02],
[0.02,0.01,0.01,0.01,0.01,0.02,0.02,0.02,0.01],
[0.02,0.01,0.01,0.01,0.01,0.02,0.01,0.01,0.02],
[0.02,0.01,0.01,0.01,0.01,0.02,0.02,0.02,0.01],
[0.04,0,0.01,0.02,0.01,0,0.01,0.02,0],
[0.01,0,0.03,0.02,0,0.02,0.01,0.02,0.01],
[0.02,0,0,0,0.04,0.01,0,0.03,0.01],
[0.01,0.02,0,0.02,0,0.01,0,0.01,0.01],
[0.02,0.01,0.02,0.02,0.01,0.01,0.03,0,0.02],
[0.01,0,0.02,0,0.01,0.03,0.01,0.03,0.01],
[0.02,0.01,0.02,0.02,0.01,0.01,0.01,0.02,0.01],
[0.01,0,0.01,0.02,0.03,0.02,0.01,0.02,0.01],
[0.01,0.01,0.01,0.01,0.02,0.01,0,0.02,0.01],
[0.02,0.02,0.01,0.02,0.01,0.01,0.01,0.01,0.01],
[0.01,0.01,0.02,0.01,0.01,0.02,0.02,0.01,0.01],
[0.02,0.01,0.01,0.02,0.02,0.01,0.01,0.02,0.01],
[0.01,0.01,0.02,0.02,0.02,0.01,0.01,0.02,0.01],
[0.02,0.02,0.02,0.02,0.02,0.01,0.01,0.01,0.01],
[0.02,0.02,0.01,0.02,0.01,0.02,0.01,0.01,0.01],
[0.02,0.01,0.01,0.02,0.02,0.01,0.01,0.02,0.01],
[0.02,0.01,0.02,0.02,0.02,0.01,0.01,0.02,0.01],
[0.02,0.01,0.02,0.02,0.01,0.02,0.01,0.02,0.01],
[0.02,0.01,0.02,0.02,0.02,0.01,0.01,0.02,0.01],
[0.02,0.01,0.02,0.02,0.01,0.02,0.01,0.02,0.01],
[0.02,0.01,0.02,0.02,0.01,0.01,0.01,0.02,0.01],
[0.02,0.02,0.01,0.01,0.02,0.02,0.02,0.02,0.03],
[0.03,0.01,0,0.03,0.03,0.01,0.01,0.02,0.03],
[0.02,0,0.01,0.01,0.02,0.01,0.02,0.02,0.01],
[0.02,0,0.02,0.04,0.02,0.02,0.02,0.01,0.02],
[0.01,0.02,0.02,0.01,0,0.01,0.02,0.02,0.01],
[0.01,0.01,0.02,0.02,0.01,0.02,0.03,0.01,0.01],
[0.02,0.01,0,0.02,0.02,0.02,0.01,0.02,0.03],
[0.02,0.02,0.01,0.02,0.02,0.01,0.01,0.02,0.01],
[0.02,0,0.01,0.02,0.02,0.02,0.02,0.01,0.01],
[0.01,0.01,0.02,0.02,0.01,0.02,0.02,0.01,0.02],
[0.01,0.01,0.02,0.01,0.01,0.02,0.02,0.01,0.01],
[0.02,0.02,0.01,0.02,0.02,0.02,0.01,0.02,0.02],
[0.02,0.01,0.01,0.02,0.02,0.02,0.01,0.02,0.02],
[0.01,0.01,0.01,0.02,0.02,0.02,0.02,0.02,0.01],
[0.02,0.01,0.02,0.02,0.01,0.02,0.02,0.01,0.02],
[0.02,0.02,0.01,0.02,0.02,0.02,0.02,0.02,0.02],
[0.02,0.01,0.01,0.02,0.02,0.01,0.01,0.02,0.01],
[0.01,0.01,0.01,0.02,0.01,0.02,0.02,0.01,0.01],
[0.02,0.02,0.01,0.02,0.02,0.02,0.02,0.02,0.02],
[0.02,0.01,0.01,0.02,0.02,0.02,0.02,0.01,0.02],
[0.02,0.01,0.01,0.02,0.02,0.02,0.02,0.02,0.02],
[0.02,0.02,0.01,0,0.02,0.02,0.02,0.04,0.02],
[0.03,0.01,0.02,0.03,0.01,0.02,0.01,0.03,0.03],
[0.02,0.01,0.02,0.02,0.03,0.01,0.02,0.02,0],
[0.02,0.01,0.02,0.04,0.02,0.02,0.02,0.01,0.02],
[0.01,0.03,0.02,0.01,0.01,0.01,0.03,0.01,0.03],
[0.01,0.01,0.02,0.01,0.02,0.02,0.03,0.02,0.01],
[0.02,0.01,0.01,0.02,0.01,0.02,0.01,0.03,0.02],
[0.02,0.02,0.02,0.02,0.02,0.02,0.01,0.02,0.01],
[0.02,0.01,0.01,0.03,0.02,0.02,0.02,0.01,0.01],
[0.01,0.02,0.02,0.02,0.01,0.01,0.03,0.01,0.02],
[0.02,0.02,0.02,0.01,0.01,0.02,0.03,0.01,0.02],
[0.02,0.02,0.01,0.02,0.02,0.02,0.01,0.03,0.01],
[0.02,0.01,0.02,0.03,0.02,0.02,0.02,0.02,0.01],
[0.01,0.02,0.02,0.02,0.02,0.02,0.02,0.01,0.02],
[0.02,0.01,0.02,0.02,0.01,0.01,0.03,0.01,0.02],
[0.02,0.02,0.01,0.02,0.02,0.02,0.02,0.02,0.01],
[0.02,0.02,0.02,0.02,0.02,0.02,0.02,0.02,0.02],
[0.02,0.02,0.02,0.02,0.02,0.02,0.02,0.01,0.02],
[0.02,0.02,0.01,0.02,0.02,0.02,0.02,0.02,0.02],
[0.02,0.02,0.02,0.02,0.02,0.02,0.02,0.02,0.02],
[0.02,0.02,0.01,0.02,0.02,0.02,0.02,0.02,0.02],
[0.02,0.01,0.01,0,0.02,0.02,0.02,0.03,0.02],
[0.03,0.01,0.03,0.02,0,0.02,0.01,0.02,0.02],
[0.02,0.01,0,0.02,0.03,0.01,0.02,0.02,0],
[0,0.01,0.01,0.02,0.01,0.02,0.01,0.01,0.02],
[0.02,0.03,0.02,0.01,0.01,0.01,0.03,0.01,0.02],
[0.01,0.01,0.02,0,0.02,0.02,0.02,0,0.01],
[0.03,0.01,0.02,0.01,0.01,0.02,0.01,0.02,0.01],
[0.02,0.01,0.01,0.02,0.02,0.02,0.01,0.02,0.01],
[0.01,0.01,0.01,0.02,0.02,0.02,0.01,0.01,0.01],
[0.01,0.02,0.01,0.01,0.01,0.01,0.02,0.01,0.02],
[0.02,0.02,0.02,0.01,0.01,0.02,0.02,0.01,0.02],
[0.02,0.02,0.01,0.01,0.02,0.02,0.01,0.02,0.01],
[0.02,0.01,0.02,0.02,0.02,0.02,0.02,0.01,0.01],
[0.01,0.02,0.01,0.02,0.01,0.02,0.02,0.01,0.01],
[0.02,0.01,0.02,0.01,0.01,0.02,0.02,0.01,0.02],
[0.02,0.01,0.01,0.01,0.02,0.02,0.02,0.02,0.01],
[0.02,0.01,0.02,0.02,0.01,0.02,0.02,0.01,0.01],
[0.02,0.02,0.01,0.01,0.01,0.02,0.02,0.01,0.01],
[0.02,0.02,0.01,0.01,0.01,0.02,0.02,0.02,0.01],
[0.02,0.01,0.02,0.01,0.01,0.02,0.02,0.01,0.01],
[0.02,0.01,0.01,0.01,0.01,0.02,0.02,0.01,0.01],
[0.03,0,0.01,0.02,0.01,0,0.02,0.03,0],
[0.02,0,0.03,0.02,0,0.02,0.01,0.02,0.03],
[0.02,0.01,0.01,0.02,0.03,0.01,0,0.02,0.01],
[0.01,0.02,0,0.02,0.01,0.01,0.01,0.02,0.02],
[0.02,0.01,0.02,0.02,0.01,0.01,0.03,0.01,0.02],
[0.01,0.01,0.02,0,0.02,0.02,0.01,0.02,0.02],
[0.02,0.01,0.02,0.02,0.01,0.01,0.01,0.02,0.01],
[0.01,0,0.02,0.02,0.02,0.02,0.01,0.02,0.02],
[0.01,0.01,0.01,0.02,0.02,0.01,0.01,0.02,0.01],
[0.02,0.02,0.01,0.02,0.01,0.01,0.02,0.01,0.02],
[0.01,0.01,0.02,0.01,0.01,0.02,0.02,0.01,0.02],
[0.02,0.01,0.01,0.02,0.02,0.01,0.01,0.02,0.01],
[0.01,0.01,0.02,0.02,0.02,0.01,0.01,0.02,0.02],
[0.02,0.02,0.01,0.02,0.01,0.01,0.01,0.02,0.01],
[0.02,0.01,0.01,0.02,0.01,0.01,0.02,0.01,0.02],
[0.02,0.01,0.01,0.02,0.01,0.01,0.01,0.02,0.01],
[0.01,0.01,0.02,0.02,0.01,0.01,0.01,0.02,0.02],
[0.01,0.01,0.01,0.02,0.01,0.01,0.01,0.02,0.01],
[0.02,0.01,0.01,0.02,0.01,0.01,0.01,0.02,0.01],
[0.01,0.01,0.02,0.02,0.01,0.01,0.01,0.02,0.02],
[0.02,0.01,0.01,0.02,0.01,0.01,0.01,0.02,0.01],
[0.02,0.02,0.01,0.01,0.02,0.02,0.02,0.03,0.03],
[0.03,0.01,0.02,0.02,0.02,0.02,0.01,0.03,0.02],
[0.03,0.01,0.01,0.02,0.03,0.01,0.02,0.02,0.01],
[0.02,0.01,0.01,0.03,0.01,0.02,0.02,0.01,0.02],
[0.01,0.02,0.02,0.01,0.01,0.01,0.03,0.01,0.02],
[0.01,0.01,0.01,0.01,0.01,0.01,0.03,0.01,0.01],
[0.02,0.01,0.01,0.02,0.02,0.02,0.01,0.03,0.02],
[0.02,0.01,0.01,0.02,0.02,0.02,0.01,0.02,0.01],
[0.02,0.01,0.01,0.02,0.02,0.02,0.02,0.01,0.01],
[0.01,0.01,0.02,0.02,0.01,0.01,0.02,0.01,0.02],
[0.01,0.01,0.02,0.01,0.01,0.01,0.02,0.01,0.02],
[0.02,0.02,0.01,0.02,0.02,0.02,0.01,0.02,0.01],
[0.02,0.01,0.01,0.02,0.02,0.02,0.01,0.02,0.01],
[0.01,0.02,0.01,0.02,0.02,0.01,0.02,0.01,0.01],
[0.01,0.01,0.01,0.02,0.01,0.01,0.02,0.01,0.02],
[0.02,0.02,0.01,0.02,0.02,0.02,0.01,0.02,0.01],
[0.02,0.01,0.01,0.02,0.02,0.02,0.02,0.02,0.01],
[0.02,0.01,0.01,0.02,0.01,0.02,0.02,0.01,0.01],
[0.02,0.02,0.01,0.02,0.02,0.02,0.02,0.02,0.02],
[0.02,0.01,0.01,0.02,0.02,0.02,0.02,0.02,0.02],
[0.02,0.01,0.01,0.02,0.02,0.02,0.02,0.02,0.02],
[0.02,0.01,0.01,0,0.02,0.01,0.02,0.03,0.01],
[0.03,0.01,0.02,0.03,0.01,0.01,0.01,0.03,0.02],
[0.02,0.01,0.02,0.02,0.03,0.01,0.02,0.02,0],
[0.02,0.01,0.01,0.03,0.01,0.02,0.02,0.01,0.02],
[0.02,0.02,0.02,0.01,0.01,0.02,0.03,0,0.02],
[0.01,0.01,0.02,0.01,0.01,0.03,0.03,0.02,0.01],
[0.02,0.01,0.02,0.02,0.01,0.02,0.01,0.03,0.02],
[0.02,0.01,0.02,0.02,0.02,0.02,0.01,0.02,0.01],
[0.02,0.01,0.01,0.02,0.02,0.02,0.02,0.01,0.01],
[0.02,0.01,0.02,0.02,0.01,0.02,0.02,0.01,0.02],
[0.02,0.01,0.02,0.01,0.01,0.02,0.02,0.01,0.02],
[0.02,0.02,0.02,0.02,0.02,0.02,0.01,0.02,0.01],
[0.02,0.01,0.02,0.02,0.02,0.02,0.01,0.02,0.01],
[0.02,0.02,0.02,0.02,0.01,0.02,0.02,0.01,0.01],
[0.02,0.01,0.02,0.01,0.01,0.02,0.02,0.01,0.02],
[0.02,0.01,0.02,0.02,0.02,0.02,0.02,0.02,0.01],
[0.02,0.01,0.02,0.02,0.01,0.02,0.02,0.01,0.01],
[0.02,0.01,0.01,0.01,0.01,0.02,0.02,0.01,0.01],
[0.02,0.02,0.02,0.02,0.02,0.02,0.02,0.02,0.01],
[0.02,0.01,0.02,0.02,0.01,0.02,0.02,0.01,0.01],
[0.02,0.01,0.02,0.02,0.01,0.02,0.02,0.02,0.01],
[0.03,0.01,0.01,0.01,0.02,0.01,0.02,0.03,0.01],
[0.03,0.01,0.03,0.02,0,0.02,0.01,0.02,0.02],
[0.02,0.01,0.01,0.02,0.03,0.01,0.01,0.02,0.01],
[0.01,0.01,0.01,0.02,0.01,0.02,0.01,0.01,0.02],
[0.02,0.02,0.02,0.02,0.01,0.01,0.02,0,0.02],
[0.01,0.01,0.02,0,0.01,0.02,0.02,0.02,0.02],
[0.03,0.01,0.02,0.02,0.01,0.02,0.01,0.02,0.02],
[0.02,0.01,0.02,0.02,0.03,0.02,0.01,0.02,0.01],
[0.01,0.01,0.01,0.02,0.02,0.02,0.01,0.02,0.01],
[0.01,0.02,0.01,0.02,0.01,0.01,0.02,0.01,0.01],
[0.02,0.01,0.02,0.01,0.01,0.01,0.02,0.01,0.02],
[0.02,0.01,0.01,0.02,0.02,0.01,0.01,0.02,0.01],
[0.02,0.01,0.02,0.02,0.02,0.02,0.01,0.02,0.01],
[0.01,0.02,0.01,0.02,0.01,0.01,0.01,0.01,0.01],
[0.02,0.01,0.02,0.01,0.01,0.01,0.02,0.01,0.02],
[0.02,0.01,0.01,0.02,0.02,0.01,0.01,0.02,0.01],
[0.02,0.01,0.02,0.02,0.02,0.01,0.01,0.01,0.01],
[0.02,0.02,0.02,0.02,0.01,0.01,0.01,0.01,0.01],
[0.02,0.02,0.01,0.02,0.02,0.01,0.01,0.02,0.01],
[0.02,0.01,0.02,0.02,0.02,0.01,0.01,0.01,0.01],
[0.02,0.01,0.01,0.01,0.02,0.01,0.01,0.02,0.01],
[0.02,0.01,0.01,0.01,0.01,0.02,0.02,0.03,0.02],
[0.02,0.01,0.02,0.03,0.02,0.01,0.01,0.02,0.02],
[0.02,0.01,0.01,0.02,0.02,0.01,0.01,0.02,0.01],
[0.01,0.01,0.01,0.03,0.01,0.02,0.01,0.01,0.02],
[0.02,0.02,0.02,0.01,0.01,0.02,0.02,0.01,0.02],
[0.01,0.01,0.01,0.01,0.01,0.02,0.02,0.01,0.01],
[0.02,0.01,0.02,0.02,0.01,0.02,0.01,0.02,0.02],
[0.02,0.01,0.02,0.02,0.02,0.02,0.01,0.02,0.01],
[0.02,0.01,0.01,0.02,0.02,0.02,0.01,0.01,0.01],
[0.01,0.01,0.02,0.02,0.01,0.02,0.02,0.01,0.02],
[0.02,0.01,0.02,0.01,0.01,0.02,0.02,0.01,0.01],
[0.02,0.02,0.01,0.02,0.02,0.02,0.01,0.02,0.01],
[0.02,0.01,0.01,0.02,0.02,0.02,0.01,0.02,0.01],
[0.02,0.01,0.01,0.02,0.01,0.02,0.02,0.01,0.01],
[0.02,0.01,0.01,0.01,0.01,0.02,0.02,0.01,0.01],
[0.02,0.01,0.01,0.02,0.02,0.02,0.01,0.02,0.01],
[0.02,0.01,0.02,0.02,0.02,0.02,0.01,0.02,0.01],
[0.02,0.01,0.01,0.01,0.01,0.02,0.02,0.01,0.01],
[0.02,0.01,0.01,0.02,0.02,0.02,0.01,0.02,0.01],
[0.02,0.01,0.01,0.02,0.01,0.02,0.01,0.01,0.01],
[0.02,0.01,0.01,0.02,0.01,0.02,0.02,0.02,0.01],
[0.03,0.01,0.01,0.01,0.02,0.01,0.02,0.03,0.01],
[0.02,0.01,0.02,0.03,0.01,0.01,0.01,0.02,0.02],
[0.01,0.01,0.02,0.02,0.03,0.01,0.01,0.02,0.01],
[0.02,0.01,0.01,0.03,0.01,0.01,0.01,0.01,0.02],
[0.02,0.02,0.02,0.02,0.01,0.02,0.02,0,0.02],
[0.01,0.01,0.02,0.01,0.01,0.02,0.02,0.02,0.01],
[0.02,0.01,0.02,0.02,0.01,0.01,0.01,0.02,0.02],
[0.02,0.01,0.02,0.02,0.02,0.01,0.01,0.02,0.01],
[0.02,0.01,0.02,0.02,0.02,0.01,0.01,0.01,0.01],
[0.02,0.02,0.01,0.02,0.01,0.01,0.02,0.01,0.02],
[0.02,0.01,0.02,0.01,0.01,0.02,0.02,0.01,0.02],
[0.02,0.01,0.02,0.02,0.02,0.01,0.01,0.02,0.01],
[0.02,0.01,0.02,0.02,0.02,0.01,0.01,0.02,0.01],
[0.02,0.02,0.02,0.02,0.02,0.01,0.02,0.01,0.01],
[0.02,0.01,0.02,0.02,0.01,0.02,0.02,0.01,0.02],
[0.02,0.01,0.02,0.02,0.02,0.01,0.01,0.02,0.01],
[0.02,0.01,0.02,0.02,0.02,0.01,0.01,0.01,0.01],
[0.02,0.01,0.02,0.02,0.01,0.02,0.02,0.01,0.01],
[0.02,0.01,0.02,0.02,0.02,0.01,0.01,0.02,0.01],
[0.02,0.01,0.02,0.02,0.01,0.02,0.01,0.01,0.01],
[0.02,0.01,0.02,0.02,0.02,0.02,0.02,0.02,0.01],
[0.02,0.01,0.01,0.01,0.02,0.01,0.02,0.02,0.02],
[0.02,0.01,0.02,0.02,0.02,0.01,0.01,0.02,0.02],
[0.02,0.01,0.02,0.02,0.03,0.01,0.01,0.02,0.01],
[0.02,0.01,0.01,0.03,0.01,0.01,0.01,0.01,0.01],
[0.01,0.02,0.02,0.02,0.01,0.01,0.02,0.01,0.02],
[0.01,0.01,0.02,0.01,0.01,0.02,0.02,0.02,0.01],
[0.02,0.01,0.01,0.02,0.02,0.01,0.01,0.02,0.02],
[0.02,0.01,0.02,0.02,0.02,0.01,0.01,0.02,0.01],
[0.02,0.01,0.01,0.02,0.02,0.01,0.01,0.02,0.01],
[0.02,0.01,0.01,0.02,0.01,0.01,0.01,0.01,0.02],
[0.01,0.01,0.02,0.01,0.01,0.02,0.02,0.01,0.01],
[0.02,0.02,0.02,0.02,0.02,0.01,0.01,0.02,0.01],
[0.02,0.01,0.01,0.02,0.02,0.01,0.01,0.02,0.01],
[0.02,0.01,0.01,0.02,0.01,0.01,0.01,0.01,0.01],
[0.02,0.01,0.01,0.02,0.01,0.02,0.02,0.01,0.01],
[0.02,0.01,0.01,0.02,0.02,0.01,0.01,0.02,0.01],
[0.02,0.01,0.02,0.02,0.02,0.01,0.01,0.02,0.01],
[0.02,0.01,0.01,0.02,0.01,0.02,0.01,0.01,0.01],
[0.02,0.01,0.01,0.02,0.02,0.01,0.01,0.02,0.01],
[0.02,0.01,0.02,0.02,0.01,0.02,0.01,0.01,0.01],
[0.02,0.01,0.01,0.02,0.02,0.02,0.01,0.02,0.01]]
[[0.14,0.14,0.12,0.12,0.12,0.17,0.14,0.12,0.12],
[0.14,0.14,0.12,0.12,0.12,0.17,0.14,0.12,0.12],
[0.14,0.14,0.12,0.12,0.12,0.17,0.14,0.12,0.12],
[0.14,0.14,0.12,0.12,0.12,0.17,0.14,0.12,0.12],
[0.14,0.14,0.12,0.12,0.12,0.17,0.14,0.12,0.12],
[0.14,0.14,0.12,0.12,0.12,0.17,0.14,0.12,0.12],
[0.29,0.29,0.24,0.24,0.24,0.33,0.29,0.24,0.24],
[0.29,0.29,0.24,0.24,0.24,0.33,0.29,0.24,0.24],
[0.29,0.29,0.24,0.24,0.24,0.33,0.29,0.24,0.24],
[0.29,0.29,0.24,0.24,0.24,0.33,0.29,0.24,0.24],
[0.29,0.29,0.24,0.24,0.24,0.33,0.29,0.24,0.24],
[0.43,0.43,0.36,0.36,0.36,0.5,0.43,0.36,0.36],
[0.43,0.43,0.36,0.36,0.36,0.5,0.43,0.36,0.36],
[0.43,0.43,0.36,0.36,0.36,0.5,0.43,0.36,0.36],
[0.43,0.43,0.36,0.36,0.36,0.5,0.43,0.36,0.36],
[0.57,0.57,0.48,0.48,0.48,0.67,0.57,0.48,0.48],
[0.57,0.57,0.48,0.48,0.48,0.67,0.57,0.48,0.48],
[0.57,0.57,0.48,0.48,0.48,0.67,0.57,0.48,0.48],
[0.71,0.71,0.6,0.6,0.6,0.83,0.71,0.6,0.6],
[0.71,0.71,0.6,0.6,0.6,0.83,0.71,0.6,0.6],
[0.86,0.86,0.71,0.71,0.71,1,0.86,0.71,0.71],
[0.14,0.14,0.12,0.12,0.12,0.17,0.14,0.12,0.12],
[0.14,0.14,0.12,0.12,0.12,0.17,0.14,0.12,0.12],
[0.14,0.14,0.12,0.12,0.12,0.17,0.14,0.12,0.12],
[0.14,0.14,0.12,0.12,0.12,0.17,0.14,0.12,0.12],
[0.14,0.14,0.12,0.12,0.12,0.17,0.14,0.12,0.12],
[0.14,0.14,0.12,0.12,0.12,0.17,0.14,0.12,0.12],
[0.29,0.29,0.24,0.24,0.24,0.33,0.29,0.24,0.24],
[0.29,0.29,0.24,0.24,0.24,0.33,0.29,0.24,0.24],
[0.29,0.29,0.24,0.24,0.24,0.33,0.29,0.24,0.24],
[0.29,0.29,0.24,0.24,0.24,0.33,0.29,0.24,0.24],
[0.29,0.29,0.24,0.24,0.24,0.33,0.29,0.24,0.24],
[0.43,0.43,0.36,0.36,0.36,0.5,0.43,0.36,0.36],
[0.43,0.43,0.36,0.36,0.36,0.5,0.43,0.36,0.36],
[0.43,0.43,0.36,0.36,0.36,0.5,0.43,0.36,0.36],
[0.43,0.43,0.36,0.36,0.36,0.5,0.43,0.36,0.36],
[0.57,0.57,0.48,0.48,0.48,0.67,0.57,0.48,0.48],
[0.57,0.57,0.48,0.48,0.48,0.67,0.57,0.48,0.48],
[0.57,0.57,0.48,0.48,0.48,0.67,0.57,0.48,0.48],
[0.71,0.71,0.6,0.6,0.6,0.83,0.71,0.6,0.6],
[0.71,0.71,0.6,0.6,0.6,0.83,0.71,0.6,0.6],
[0.86,0.86,0.71,0.71,0.71,1,0.86,0.71,0.71],
[0.14,0.14,0.12,0.12,0.12,0.17,0.14,0.12,0.12],
[0.14,0.14,0.12,0.12,0.12,0.17,0.14,0.12,0.12],
[0.14,0.14,0.12,0.12,0.12,0.17,0.14,0.12,0.12],
[0.14,0.14,0.12,0.12,0.12,0.17,0.14,0.12,0.12],
[0.14,0.14,0.12,0.12,0.12,0.17,0.14,0.12,0.12],
[0.14,0.14,0.12,0.12,0.12,0.17,0.14,0.12,0.12],
[0.29,0.29,0.24,0.24,0.24,0.33,0.29,0.24,0.24],
[0.29,0.29,0.24,0.24,0.24,0.33,0.29,0.24,0.24],
[0.29,0.29,0.24,0.24,0.24,0.33,0.29,0.24,0.24],
[0.29,0.29,0.24,0.24,0.24,0.33,0.29,0.24,0.24],
[0.29,0.29,0.24,0.24,0.24,0.33,0.29,0.24,0.24],
[0.43,0.43,0.36,0.36,0.36,0.5,0.43,0.36,0.36],
[0.43,0.43,0.36,0.36,0.36,0.5,0.43,0.36,0.36],
[0.43,0.43,0.36,0.36,0.36,0.5,0.43,0.36,0.36],
[0.43,0.43,0.36,0.36,0.36,0.5,0.43,0.36,0.36],
[0.57,0.57,0.48,0.48,0.48,0.67,0.57,0.48,0.48],
[0.57,0.57,0.48,0.48,0.48,0.67,0.57,0.48,0.48],
[0.57,0.57,0.48,0.48,0.48,0.67,0.57,0.48,0.48],
[0.71,0.71,0.6,0.6,0.6,0.83,0.71,0.6,0.6],
[0.71,0.71,0.6,0.6,0.6,0.83,0.71,0.6,0.6],
[0.86,0.86,0.71,0.71,0.71,1,0.86,0.71,0.71],
[0.14,0.14,0.12,0.12,0.12,0.17,0.14,0.12,0.12],
[0.14,0.14,0.12,0.12,0.12,0.17,0.14,0.12,0.12],
[0.14,0.14,0.12,0.12,0.12,0.17,0.14,0.12,0.12],
[0.14,0.14,0.12,0.12,0.12,0.17,0.14,0.12,0.12],
[0.14,0.14,0.12,0.12,0.12,0.17,0.14,0.12,0.12],
[0.14,0.14,0.12,0.12,0.12,0.17,0.14,0.12,0.12],
[0.29,0.29,0.24,0.24,0.24,0.33,0.29,0.24,0.24],
[0.29,0.29,0.24,0.24,0.24,0.33,0.29,0.24,0.24],
[0.29,0.29,0.24,0.24,0.24,0.33,0.29,0.24,0.24],
[0.29,0.29,0.24,0.24,0.24,0.33,0.29,0.24,0.24],
[0.29,0.29,0.24,0.24,0.24,0.33,0.29,0.24,0.24],
[0.43,0.43,0.36,0.36,0.36,0.5,0.43,0.36,0.36],
[0.43,0.43,0.36,0.36,0.36,0.5,0.43,0.36,0.36],
[0.43,0.43,0.36,0.36,0.36,0.5,0.43,0.36,0.36],
[0.43,0.43,0.36,0.36,0.36,0.5,0.43,0.36,0.36],
[0.57,0.57,0.48,0.48,0.48,0.67,0.57,0.48,0.48],
[0.57,0.57,0.48,0.48,0.48,0.67,0.57,0.48,0.48],
[0.57,0.57,0.48,0.48,0.48,0.67,0.57,0.48,0.48],
[0.71,0.71,0.6,0.6,0.6,0.83,0.71,0.6,0.6],
[0.71,0.71,0.6,0.6,0.6,0.83,0.71,0.6,0.6],
[0.86,0.86,0.71,0.71,0.71,1,0.86,0.71,0.71],
[0.14,0.14,0.12,0.12,0.12,0.17,0.14,0.12,0.12],
[0.14,0.14,0.12,0.12,0.12,0.17,0.14,0.12,0.12],
[0.14,0.14,0.12,0.12,0.12,0.17,0.14,0.12,0.12],
[0.14,0.14,0.12,0.12,0.12,0.17,0.14,0.12,0.12],
[0.14,0.14,0.12,0.12,0.12,0.17,0.14,0.12,0.12],
[0.14,0.14,0.12,0.12,0.12,0.17,0.14,0.12,0.12],
[0.29,0.29,0.24,0.24,0.24,0.33,0.29,0.24,0.24],
[0.29,0.29,0.24,0.24,0.24,0.33,0.29,0.24,0.24],
[0.29,0.29,0.24,0.24,0.24,0.33,0.29,0.24,0.24],
[0.29,0.29,0.24,0.24,0.24,0.33,0.29,0.24,0.24],
[0.29,0.29,0.24,0.24,0.24,0.33,0.29,0.24,0.24],
[0.43,0.43,0.36,0.36,0.36,0.5,0.43,0.36,0.36],
[0.43,0.43,0.36,0.36,0.36,0.5,0.43,0.36,0.36],
[0.43,0.43,0.36,0.36,0.36,0.5,0.43,0.36,0.36],
[0.43,0.43,0.36,0.36,0.36,0.5,0.43,0.36,0.36],
[0.57,0.57,0.48,0.48,0.48,0.67,0.57,0.48,0.48],
[0.57,0.57,0.48,0.48,0.48,0.67,0.57,0.48,0.48],
[0.57,0.57,0.48,0.48,0.48,0.67,0.57,0.48,0.48],
[0.71,0.71,0.6,0.6,0.6,0.83,0.71,0.6,0.6],
[0.71,0.71,0.6,0.6,0.6,0.83,0.71,0.6,0.6],
[0.86,0.86,0.71,0.71,0.71,1,0.86,0.71,0.71],
[0.14,0.14,0.12,0.12,0.12,0.17,0.14,0.12,0.12],
[0.14,0.14,0.12,0.12,0.12,0.17,0.14,0.12,0.12],
[0.14,0.14,0.12,0.12,0.12,0.17,0.14,0.12,0.12],
[0.14,0.14,0.12,0.12,0.12,0.17,0.14,0.12,0.12],
[0.14,0.14,0.12,0.12,0.12,0.17,0.14,0.12,0.12],
[0.14,0.14,0.12,0.12,0.12,0.17,0.14,0.12,0.12],
[0.29,0.29,0.24,0.24,0.24,0.33,0.29,0.24,0.24],
[0.29,0.29,0.24,0.24,0.24,0.33,0.29,0.24,0.24],
[0.29,0.29,0.24,0.24,0.24,0.33,0.29,0.24,0.24],
[0.29,0.29,0.24,0.24,0.24,0.33,0.29,0.24,0.24],
[0.29,0.29,0.24,0.24,0.24,0.33,0.29,0.24,0.24],
[0.43,0.43,0.36,0.36,0.36,0.5,0.43,0.36,0.36],
[0.43,0.43,0.36,0.36,0.36,0.5,0.43,0.36,0.36],
[0.43,0.43,0.36,0.36,0.36,0.5,0.43,0.36,0.36],
[0.43,0.43,0.36,0.36,0.36,0.5,0.43,0.36,0.36],
[0.57,0.57,0.48,0.48,0.48,0.67,0.57,0.48,0.48],
[0.57,0.57,0.48,0.48,0.48,0.67,0.57,0.48,0.48],
[0.57,0.57,0.48,0.48,0.48,0.67,0.57,0.48,0.48],
[0.71,0.71,0.6,0.6,0.6,0.83,0.71,0.6,0.6],
[0.71,0.71,0.6,0.6,0.6,0.83,0.71,0.6,0.6],
[0.86,0.86,0.71,0.71,0.71,1,0.86,0.71,0.71],
[0.14,0.14,0.12,0.12,0.12,0.17,0.14,0.12,0.12],
[0.14,0.14,0.12,0.12,0.12,0.17,0.14,0.12,0.12],
[0.14,0.14,0.12,0.12,0.12,0.17,0.14,0.12,0.12],
[0.14,0.14,0.12,0.12,0.12,0.17,0.14,0.12,0.12],
[0.14,0.14,0.12,0.12,0.12,0.17,0.14,0.12,0.12],
[0.14,0.14,0.12,0.12,0.12,0.17,0.14,0.12,0.12],
[0.29,0.29,0.24,0.24,0.24,0.33,0.29,0.24,0.24],
[0.29,0.29,0.24,0.24,0.24,0.33,0.29,0.24,0.24],
[0.29,0.29,0.24,0.24,0.24,0.33,0.29,0.24,0.24],
[0.29,0.29,0.24,0.24,0.24,0.33,0.29,0.24,0.24],
[0.29,0.29,0.24,0.24,0.24,0.33,0.29,0.24,0.24],
[0.43,0.43,0.36,0.36,0.36,0.5,0.43,0.36,0.36],
[0.43,0.43,0.36,0.36,0.36,0.5,0.43,0.36,0.36],
[0.43,0.43,0.36,0.36,0.36,0.5,0.43,0.36,0.36],
[0.43,0.43,0.36,0.36,0.36,0.5,0.43,0.36,0.36],
[0.57,0.57,0.48,0.48,0.48,0.67,0.57,0.48,0.48],
[0.57,0.57,0.48,0.48,0.48,0.67,0.57,0.48,0.48],
[0.57,0.57,0.48,0.48,0.48,0.67,0.57,0.48,0.48],
[0.71,0.71,0.6,0.6,0.6,0.83,0.71,0.6,0.6],
[0.71,0.71,0.6,0.6,0.6,0.83,0.71,0.6,0.6],
[0.86,0.86,0.71,0.71,0.71,1,0.86,0.71,0.71],
[0.29,0.29,0.24,0.24,0.24,0.33,0.29,0.24,0.24],
[0.29,0.29,0.24,0.24,0.24,0.33,0.29,0.24,0.24],
[0.29,0.29,0.24,0.24,0.24,0.33,0.29,0.24,0.24],
[0.29,0.29,0.24,0.24,0.24,0.33,0.29,0.24,0.24],
[0.29,0.29,0.24,0.24,0.24,0.33,0.29,0.24,0.24],
[0.29,0.29,0.24,0.24,0.24,0.33,0.29,0.24,0.24],
[0.57,0.57,0.48,0.48,0.48,0.67,0.57,0.48,0.48],
[0.57,0.57,0.48,0.48,0.48,0.67,0.57,0.48,0.48],
[0.57,0.57,0.48,0.48,0.48,0.67,0.57,0.48,0.48],
[0.57,0.57,0.48,0.48,0.48,0.67,0.57,0.48,0.48],
[0.57,0.57,0.48,0.48,0.48,0.67,0.57,0.48,0.48],
[0.86,0.86,0.71,0.71,0.71,1,0.86,0.71,0.71],
[0.86,0.86,0.71,0.71,0.71,1,0.86,0.71,0.71],
[0.86,0.86,0.71,0.71,0.71,1,0.86,0.71,0.71],
[0.86,0.86,0.71,0.71,0.71,1,0.86,0.71,0.71],
[1.14,1.14,0.95,0.95,0.95,1.33,1.14,0.95,0.95],
[1.14,1.14,0.95,0.95,0.95,1.33,1.14,0.95,0.95],
[1.14,1.14,0.95,0.95,0.95,1.33,1.14,0.95,0.95],
[1.43,1.43,1.19,1.19,1.19,1.67,1.43,1.19,1.19],
[1.43,1.43,1.19,1.19,1.19,1.67,1.43,1.19,1.19],
[1.71,1.71,1.43,1.43,1.43,2,1.71,1.43,1.43],
[0.29,0.29,0.24,0.24,0.24,0.33,0.29,0.24,0.24],
[0.29,0.29,0.24,0.24,0.24,0.33,0.29,0.24,0.24],
[0.29,0.29,0.24,0.24,0.24,0.33,0.29,0.24,0.24],
[0.29,0.29,0.24,0.24,0.24,0.33,0.29,0.24,0.24],
[0.29,0.29,0.24,0.24,0.24,0.33,0.29,0.24,0.24],
[0.29,0.29,0.24,0.24,0.24,0.33,0.29,0.24,0.24],
[0.57,0.57,0.48,0.48,0.48,0.67,0.57,0.48,0.48],
[0.57,0.57,0.48,0.48,0.48,0.67,0.57,0.48,0.48],
[0.57,0.57,0.48,0.48,0.48,0.67,0.57,0.48,0.48],
[0.57,0.57,0.48,0.48,0.48,0.67,0.57,0.48,0.48],
[0.57,0.57,0.48,0.48,0.48,0.67,0.57,0.48,0.48],
[0.86,0.86,0.71,0.71,0.71,1,0.86,0.71,0.71],
[0.86,0.86,0.71,0.71,0.71,1,0.86,0.71,0.71],
[0.86,0.86,0.71,0.71,0.71,1,0.86,0.71,0.71],
[0.86,0.86,0.71,0.71,0.71,1,0.86,0.71,0.71],
[1.14,1.14,0.95,0.95,0.95,1.33,1.14,0.95,0.95],
[1.14,1.14,0.95,0.95,0.95,1.33,1.14,0.95,0.95],
[1.14,1.14,0.95,0.95,0.95,1.33,1.14,0.95,0.95],
[1.43,1.43,1.19,1.19,1.19,1.67,1.43,1.19,1.19],
[1.43,1.43,1.19,1.19,1.19,1.67,1.43,1.19,1.19],
[1.71,1.71,1.43,1.43,1.43,2,1.71,1.43,1.43],
[0.29,0.29,0.24,0.24,0.24,0.33,0.29,0.24,0.24],
[0.29,0.29,0.24,0.24,0.24,0.33,0.29,0.24,0.24],
[0.29,0.29,0.24,0.24,0.24,0.33,0.29,0.24,0.24],
[0.29,0.29,0.24,0.24,0.24,0.33,0.29,0.24,0.24],
[0.29,0.29,0.24,0.24,0.24,0.33,0.29,0.24,0.24],
[0.29,0.29,0.24,0.24,0.24,0.33,0.29,0.24,0.24],
[0.57,0.57,0.48,0.48,0.48,0.67,0.57,0.48,0.48],
[0.57,0.57,0.48,0.48,0.48,0.67,0.57,0.48,0.48],
[0.57,0.57,0.48,0.48,0.48,0.67,0.57,0.48,0.48],
[0.57,0.57,0.48,0.48,0.48,0.67,0.57,0.48,0.48],
[0.57,0.57,0.48,0.48,0.48,0.67,0.57,0.48,0.48],
[0.86,0.86,0.71,0.71,0.71,1,0.86,0.71,0.71],
[0.86,0.86,0.71,0.71,0.71,1,0.86,0.71,0.71],
[0.86,0.86,0.71,0.71,0.71,1,0.86,0.71,0.71],
[0.86,0.86,0.71,0.71,0.71,1,0.86,0.71,0.71],
[1.14,1.14,0.95,0.95,0.95,1.33,1.14,0.95,0.95],
[1.14,1.14,0.95,0.95,0.95,1.33,1.14,0.95,0.95],
[1.14,1.14,0.95,0.95,0.95,1.33,1.14,0.95,0.95],
[1.43,1.43,1.19,1.19,1.19,1.67,1.43,1.19,1.19],
[1.43,1.43,1.19,1.19,1.19,1.67,1.43,1.19,1.19],
[1.71,1.71,1.43,1.43,1.43,2,1.71,1.43,1.43],
[0.29,0.29,0.24,0.24,0.24,0.33,0.29,0.24,0.24],
[0.29,0.29,0.24,0.24,0.24,0.33,0.29,0.24,0.24],
[0.29,0.29,0.24,0.24,0.24,0.33,0.29,0.24,0.24],
[0.29,0.29,0.24,0.24,0.24,0.33,0.29,0.24,0.24],
[0.29,0.29,0.24,0.24,0.24,0.33,0.29,0.24,0.24],
[0.29,0.29,0.24,0.24,0.24,0.33,0.29,0.24,0.24],
[0.57,0.57,0.48,0.48,0.48,0.67,0.57,0.48,0.48],
[0.57,0.57,0.48,0.48,0.48,0.67,0.57,0.48,0.48],
[0.57,0.57,0.48,0.48,0.48,0.67,0.57,0.48,0.48],
[0.57,0.57,0.48,0.48,0.48,0.67,0.57,0.48,0.48],
[0.57,0.57,0.48,0.48,0.48,0.67,0.57,0.48,0.48],
[0.86,0.86,0.71,0.71,0.71,1,0.86,0.71,0.71],
[0.86,0.86,0.71,0.71,0.71,1,0.86,0.71,0.71],
[0.86,0.86,0.71,0.71,0.71,1,0.86,0.71,0.71],
[0.86,0.86,0.71,0.71,0.71,1,0.86,0.71,0.71],
[1.14,1.14,0.95,0.95,0.95,1.33,1.14,0.95,0.95],
[1.14,1.14,0.95,0.95,0.95,1.33,1.14,0.95,0.95],
[1.14,1.14,0.95,0.95,0.95,1.33,1.14,0.95,0.95],
[1.43,1.43,1.19,1.19,1.19,1.67,1.43,1.19,1.19],
[1.43,1.43,1.19,1.19,1.19,1.67,1.43,1.19,1.19],
[1.71,1.71,1.43,1.43,1.43,2,1.71,1.43,1.43],
[0.29,0.29,0.24,0.24,0.24,0.33,0.29,0.24,0.24],
[0.29,0.29,0.24,0.24,0.24,0.33,0.29,0.24,0.24],
[0.29,0.29,0.24,0.24,0.24,0.33,0.29,0.24,0.24],
[0.29,0.29,0.24,0.24,0.24,0.33,0.29,0.24,0.24],
[0.29,0.29,0.24,0.24,0.24,0.33,0.29,0.24,0.24],
[0.29,0.29,0.24,0.24,0.24,0.33,0.29,0.24,0.24],
[0.57,0.57,0.48,0.48,0.48,0.67,0.57,0.48,0.48],
[0.57,0.57,0.48,0.48,0.48,0.67,0.57,0.48,0.48],
[0.57,0.57,0.48,0.48,0.48,0.67,0.57,0.48,0.48],
[0.57,0.57,0.48,0.48,0.48,0.67,0.57,0.48,0.48],
[0.57,0.57,0.48,0.48,0.48,0.67,0.57,0.48,0.48],
[0.86,0.86,0.71,0.71,0.71,1,0.86,0.71,0.71],
[0.86,0.86,0.71,0.71,0.71,1,0.86,0.71,0.71],
[0.86,0.86,0.71,0.71,0.71,1,0.86,0.71,0.71],
[0.86,0.86,0.71,0.71,0.71,1,0.86,0.71,0.71],
[1.14,1.14,0.95,0.95,0.95,1.33,1.14,0.95,0.95],
[1.14,1.14,0.95,0.95,0.95,1.33,1.14,0.95,0.95],
[1.14,1.14,0.95,0.95,0.95,1.33,1.14,0.95,0.95],
[1.43,1.43,1.19,1.19,1.19,1.67,1.43,1.19,1.19],
[1.43,1.43,1.19,1.19,1.19,1.67,1.43,1.19,1.19],
[1.71,1.71,1.43,1.43,1.43,2,1.71,1.43,1.43],
[0.29,0.29,0.24,0.24,0.24,0.33,0.29,0.24,0.24],
[0.29,0.29,0.24,0.24,0.24,0.33,0.29,0.24,0.24],
[0.29,0.29,0.24,0.24,0.24,0.33,0.29,0.24,0.24],
[0.29,0.29,0.24,0.24,0.24,0.33,0.29,0.24,0.24],
[0.29,0.29,0.24,0.24,0.24,0.33,0.29,0.24,0.24],
[0.29,0.29,0.24,0.24,0.24,0.33,0.29,0.24,0.24],
[0.57,0.57,0.48,0.48,0.48,0.67,0.57,0.48,0.48],
[0.57,0.57,0.48,0.48,0.48,0.67,0.57,0.48,0.48],
[0.57,0.57,0.48,0.48,0.48,0.67,0.57,0.48,0.48],
[0.57,0.57,0.48,0.48,0.48,0.67,0.57,0.48,0.48],
[0.57,0.57,0.48,0.48,0.48,0.67,0.57,0.48,0.48],
[0.86,0.86,0.71,0.71,0.71,1,0.86,0.71,0.71],
[0.86,0.86,0.71,0.71,0.71,1,0.86,0.71,0.71],
[0.86,0.86,0.71,0.71,0.71,1,0.86,0.71,0.71],
[0.86,0.86,0.71,0.71,0.71,1,0.86,0.71,0.71],
[1.14,1.14,0.95,0.95,0.95,1.33,1.14,0.95,0.95],
[1.14,1.14,0.95,0.95,0.95,1.33,1.14,0.95,0.95],
[1.14,1.14,0.95,0.95,0.95,1.33,1.14,0.95,0.95],
[1.43,1.43,1.19,1.19,1.19,1.67,1.43,1.19,1.19],
[1.43,1.43,1.19,1.19,1.19,1.67,1.43,1.19,1.19],
[1.71,1.71,1.43,1.43,1.43,2,1.71,1.43,1.43],
[0.43,0.43,0.36,0.36,0.36,0.5,0.43,0.36,0.36],
[0.43,0.43,0.36,0.36,0.36,0.5,0.43,0.36,0.36],
[0.43,0.43,0.36,0.36,0.36,0.5,0.43,0.36,0.36],
[0.43,0.43,0.36,0.36,0.36,0.5,0.43,0.36,0.36],
[0.43,0.43,0.36,0.36,0.36,0.5,0.43,0.36,0.36],
[0.43,0.43,0.36,0.36,0.36,0.5,0.43,0.36,0.36],
[0.86,0.86,0.71,0.71,0.71,1,0.86,0.71,0.71],
[0.86,0.86,0.71,0.71,0.71,1,0.86,0.71,0.71],
[0.86,0.86,0.71,0.71,0.71,1,0.86,0.71,0.71],
[0.86,0.86,0.71,0.71,0.71,1,0.86,0.71,0.71],
[0.86,0.86,0.71,0.71,0.71,1,0.86,0.71,0.71],
[1.29,1.29,1.07,1.07,1.07,1.5,1.29,1.07,1.07],
[1.29,1.29,1.07,1.07,1.07,1.5,1.29,1.07,1.07],
[1.29,1.29,1.07,1.07,1.07,1.5,1.29,1.07,1.07],
[1.29,1.29,1.07,1.07,1.07,1.5,1.29,1.07,1.07],
[1.71,1.71,1.43,1.43,1.43,2,1.71,1.43,1.43],
[1.71,1.71,1.43,1.43,1.43,2,1.71,1.43,1.43],
[1.71,1.71,1.43,1.43,1.43,2,1.71,1.43,1.43],
[2.14,2.14,1.79,1.79,1.79,2.5,2.14,1.79,1.79],
[2.14,2.14,1.79,1.79,1.79,2.5,2.14,1.79,1.79],
[2.57,2.57,2.14,2.14,2.14,3,2.57,2.14,2.14],
[0.43,0.43,0.36,0.36,0.36,0.5,0.43,0.36,0.36],
[0.43,0.43,0.36,0.36,0.36,0.5,0.43,0.36,0.36],
[0.43,0.43,0.36,0.36,0.36,0.5,0.43,0.36,0.36],
[0.43,0.43,0.36,0.36,0.36,0.5,0.43,0.36,0.36],
[0.43,0.43,0.36,0.36,0.36,0.5,0.43,0.36,0.36],
[0.43,0.43,0.36,0.36,0.36,0.5,0.43,0.36,0.36],
[0.86,0.86,0.71,0.71,0.71,1,0.86,0.71,0.71],
[0.86,0.86,0.71,0.71,0.71,1,0.86,0.71,0.71],
[0.86,0.86,0.71,0.71,0.71,1,0.86,0.71,0.71],
[0.86,0.86,0.71,0.71,0.71,1,0.86,0.71,0.71],
[0.86,0.86,0.71,0.71,0.71,1,0.86,0.71,0.71],
[1.29,1.29,1.07,1.07,1.07,1.5,1.29,1.07,1.07],
[1.29,1.29,1.07,1.07,1.07,1.5,1.29,1.07,1.07],
[1.29,1.29,1.07,1.07,1.07,1.5,1.29,1.07,1.07],
[1.29,1.29,1.07,1.07,1.07,1.5,1.29,1.07,1.07],
[1.71,1.71,1.43,1.43,1.43,2,1.71,1.43,1.43],
[1.71,1.71,1.43,1.43,1.43,2,1.71,1.43,1.43],
[1.71,1.71,1.43,1.43,1.43,2,1.71,1.43,1.43],
[2.14,2.14,1.79,1.79,1.79,2.5,2.14,1.79,1.79],
[2.14,2.14,1.79,1.79,1.79,2.5,2.14,1.79,1.79],
[2.57,2.57,2.14,2.14,2.14,3,2.57,2.14,2.14],
[0.43,0.43,0.36,0.36,0.36,0.5,0.43,0.36,0.36],
[0.43,0.43,0.36,0.36,0.36,0.5,0.43,0.36,0.36],
[0.43,0.43,0.36,0.36,0.36,0.5,0.43,0.36,0.36],
[0.43,0.43,0.36,0.36,0.36,0.5,0.43,0.36,0.36],
[0.43,0.43,0.36,0.36,0.36,0.5,0.43,0.36,0.36],
[0.43,0.43,0.36,0.36,0.36,0.5,0.43,0.36,0.36],
[0.86,0.86,0.71,0.71,0.71,1,0.86,0.71,0.71],
[0.86,0.86,0.71,0.71,0.71,1,0.86,0.71,0.71],
[0.86,0.86,0.71,0.71,0.71,1,0.86,0.71,0.71],
[0.86,0.86,0.71,0.71,0.71,1,0.86,0.71,0.71],
[0.86,0.86,0.71,0.71,0.71,1,0.86,0.71,0.71],
[1.29,1.29,1.07,1.07,1.07,1.5,1.29,1.07,1.07],
[1.29,1.29,1.07,1.07,1.07,1.5,1.29,1.07,1.07],
[1.29,1.29,1.07,1.07,1.07,1.5,1.29,1.07,1.07],
[1.29,1.29,1.07,1.07,1.07,1.5,1.29,1.07,1.07],
[1.71,1.71,1.43,1.43,1.43,2,1.71,1.43,1.43],
[1.71,1.71,1.43,1.43,1.43,2,1.71,1.43,1.43],
[1.71,1.71,1.43,1.43,1.43,2,1.71,1.43,1.43],
[2.14,2.14,1.79,1.79,1.79,2.5,2.14,1.79,1.79],
[2.14,2.14,1.79,1.79,1.79,2.5,2.14,1.79,1.79],
[2.57,2.57,2.14,2.14,2.14,3,2.57,2.14,2.14],
[0.43,0.43,0.36,0.36,0.36,0.5,0.43,0.36,0.36],
[0.43,0.43,0.36,0.36,0.36,0.5,0.43,0.36,0.36],
[0.43,0.43,0.36,0.36,0.36,0.5,0.43,0.36,0.36],
[0.43,0.43,0.36,0.36,0.36,0.5,0.43,0.36,0.36],
[0.43,0.43,0.36,0.36,0.36,0.5,0.43,0.36,0.36],
[0.43,0.43,0.36,0.36,0.36,0.5,0.43,0.36,0.36],
[0.86,0.86,0.71,0.71,0.71,1,0.86,0.71,0.71],
[0.86,0.86,0.71,0.71,0.71,1,0.86,0.71,0.71],
[0.86,0.86,0.71,0.71,0.71,1,0.86,0.71,0.71],
[0.86,0.86,0.71,0.71,0.71,1,0.86,0.71,0.71],
[0.86,0.86,0.71,0.71,0.71,1,0.86,0.71,0.71],
[1.29,1.29,1.07,1.07,1.07,1.5,1.29,1.07,1.07],
[1.29,1.29,1.07,1.07,1.07,1.5,1.29,1.07,1.07],
[1.29,1.29,1.07,1.07,1.07,1.5,1.29,1.07,1.07],
[1.29,1.29,1.07,1.07,1.07,1.5,1.29,1.07,1.07],
[1.71,1.71,1.43,1.43,1.43,2,1.71,1.43,1.43],
[1.71,1.71,1.43,1.43,1.43,2,1.71,1.43,1.43],
[1.71,1.71,1.43,1.43,1.43,2,1.71,1.43,1.43],
[2.14,2.14,1.79,1.79,1.79,2.5,2.14,1.79,1.79],
[2.14,2.14,1.79,1.79,1.79,2.5,2.14,1.79,1.79],
[2.57,2.57,2.14,2.14,2.14,3,2.57,2.14,2.14],
[0.43,0.43,0.36,0.36,0.36,0.5,0.43,0.36,0.36],
[0.43,0.43,0.36,0.36,0.36,0.5,0.43,0.36,0.36],
[0.43,0.43,0.36,0.36,0.36,0.5,0.43,0.36,0.36],
[0.43,0.43,0.36,0.36,0.36,0.5,0.43,0.36,0.36],
[0.43,0.43,0.36,0.36,0.36,0.5,0.43,0.36,0.36],
[0.43,0.43,0.36,0.36,0.36,0.5,0.43,0.36,0.36],
[0.86,0.86,0.71,0.71,0.71,1,0.86,0.71,0.71],
[0.86,0.86,0.71,0.71,0.71,1,0.86,0.71,0.71],
[0.86,0.86,0.71,0.71,0.71,1,0.86,0.71,0.71],
[0.86,0.86,0.71,0.71,0.71,1,0.86,0.71,0.71],
[0.86,0.86,0.71,0.71,0.71,1,0.86,0.71,0.71],
[1.29,1.29,1.07,1.07,1.07,1.5,1.29,1.07,1.07],
[1.29,1.29,1.07,1.07,1.07,1.5,1.29,1.07,1.07],
[1.29,1.29,1.07,1.07,1.07,1.5,1.29,1.07,1.07],
[1.29,1.29,1.07,1.07,1.07,1.5,1.29,1.07,1.07],
[1.71,1.71,1.43,1.43,1.43,2,1.71,1.43,1.43],
[1.71,1.71,1.43,1.43,1.43,2,1.71,1.43,1.43],
[1.71,1.71,1.43,1.43,1.43,2,1.71,1.43,1.43],
[2.14,2.14,1.79,1.79,1.79,2.5,2.14,1.79,1.79],
[2.14,2.14,1.79,1.79,1.79,2.5,2.14,1.79,1.79],
[2.57,2.57,2.14,2.14,2.14,3,2.57,2.14,2.14],
[0.57,0.57,0.48,0.48,0.48,0.67,0.57,0.48,0.48],
[0.57,0.57,0.48,0.48,0.48,0.67,0.57,0.48,0.48],
[0.57,0.57,0.48,0.48,0.48,0.67,0.57,0.48,0.48],
[0.57,0.57,0.48,0.48,0.48,0.67,0.57,0.48,0.48],
[0.57,0.57,0.48,0.48,0.48,0.67,0.57,0.48,0.48],
[0.57,0.57,0.48,0.48,0.48,0.67,0.57,0.48,0.48],
[1.14,1.14,0.95,0.95,0.95,1.33,1.14,0.95,0.95],
[1.14,1.14,0.95,0.95,0.95,1.33,1.14,0.95,0.95],
[1.14,1.14,0.95,0.95,0.95,1.33,1.14,0.95,0.95],
[1.14,1.14,0.95,0.95,0.95,1.33,1.14,0.95,0.95],
[1.14,1.14,0.95,0.95,0.95,1.33,1.14,0.95,0.95],
[1.71,1.71,1.43,1.43,1.43,2,1.71,1.43,1.43],
[1.71,1.71,1.43,1.43,1.43,2,1.71,1.43,1.43],
[1.71,1.71,1.43,1.43,1.43,2,1.71,1.43,1.43],
[1.71,1.71,1.43,1.43,1.43,2,1.71,1.43,1.43],
[2.29,2.29,1.9,1.9,1.9,2.67,2.29,1.9,1.9],
[2.29,2.29,1.9,1.9,1.9,2.67,2.29,1.9,1.9],
[2.29,2.29,1.9,1.9,1.9,2.67,2.29,1.9,1.9],
[2.86,2.86,2.38,2.38,2.38,3.33,2.86,2.38,2.38],
[2.86,2.86,2.38,2.38,2.38,3.33,2.86,2.38,2.38],
[3.43,3.43,2.86,2.86,2.86,4,3.43,2.86,2.86],
[0.57,0.57,0.48,0.48,0.48,0.67,0.57,0.48,0.48],
[0.57,0.57,0.48,0.48,0.48,0.67,0.57,0.48,0.48],
[0.57,0.57,0.48,0.48,0.48,0.67,0.57,0.48,0.48],
[0.57,0.57,0.48,0.48,0.48,0.67,0.57,0.48,0.48],
[0.57,0.57,0.48,0.48,0.48,0.67,0.57,0.48,0.48],
[0.57,0.57,0.48,0.48,0.48,0.67,0.57,0.48,0.48],
[1.14,1.14,0.95,0.95,0.95,1.33,1.14,0.95,0.95],
[1.14,1.14,0.95,0.95,0.95,1.33,1.14,0.95,0.95],
[1.14,1.14,0.95,0.95,0.95,1.33,1.14,0.95,0.95],
[1.14,1.14,0.95,0.95,0.95,1.33,1.14,0.95,0.95],
[1.14,1.14,0.95,0.95,0.95,1.33,1.14,0.95,0.95],
[1.71,1.71,1.43,1.43,1.43,2,1.71,1.43,1.43],
[1.71,1.71,1.43,1.43,1.43,2,1.71,1.43,1.43],
[1.71,1.71,1.43,1.43,1.43,2,1.71,1.43,1.43],
[1.71,1.71,1.43,1.43,1.43,2,1.71,1.43,1.43],
[2.29,2.29,1.9,1.9,1.9,2.67,2.29,1.9,1.9],
[2.29,2.29,1.9,1.9,1.9,2.67,2.29,1.9,1.9],
[2.29,2.29,1.9,1.9,1.9,2.67,2.29,1.9,1.9],
[2.86,2.86,2.38,2.38,2.38,3.33,2.86,2.38,2.38],
[2.86,2.86,2.38,2.38,2.38,3.33,2.86,2.38,2.38],
[3.43,3.43,2.86,2.86,2.86,4,3.43,2.86,2.86],
[0.57,0.57,0.48,0.48,0.48,0.67,0.57,0.48,0.48],
[0.57,0.57,0.48,0.48,0.48,0.67,0.57,0.48,0.48],
[0.57,0.57,0.48,0.48,0.48,0.67,0.57,0.48,0.48],
[0.57,0.57,0.48,0.48,0.48,0.67,0.57,0.48,0.48],
[0.57,0.57,0.48,0.48,0.48,0.67,0.57,0.48,0.48],
[0.57,0.57,0.48,0.48,0.48,0.67,0.57,0.48,0.48],
[1.14,1.14,0.95,0.95,0.95,1.33,1.14,0.95,0.95],
[1.14,1.14,0.95,0.95,0.95,1.33,1.14,0.95,0.95],
[1.14,1.14,0.95,0.95,0.95,1.33,1.14,0.95,0.95],
[1.14,1.14,0.95,0.95,0.95,1.33,1.14,0.95,0.95],
[1.14,1.14,0.95,0.95,0.95,1.33,1.14,0.95,0.95],
[1.71,1.71,1.43,1.43,1.43,2,1.71,1.43,1.43],
[1.71,1.71,1.43,1.43,1.43,2,1.71,1.43,1.43],
[1.71,1.71,1.43,1.43,1.43,2,1.71,1.43,1.43],
[1.71,1.71,1.43,1.43,1.43,2,1.71,1.43,1.43],
[2.29,2.29,1.9,1.9,1.9,2.67,2.29,1.9,1.9],
[2.29,2.29,1.9,1.9,1.9,2.67,2.29,1.9,1.9],
[2.29,2.29,1.9,1.9,1.9,2.67,2.29,1.9,1.9],
[2.86,2.86,2.38,2.38,2.38,3.33,2.86,2.38,2.38],
[2.86,2.86,2.38,2.38,2.38,3.33,2.86,2.38,2.38],
[3.43,3.43,2.86,2.86,2.86,4,3.43,2.86,2.86],
[0.57,0.57,0.48,0.48,0.48,0.67,0.57,0.48,0.48],
[0.57,0.57,0.48,0.48,0.48,0.67,0.57,0.48,0.48],
[0.57,0.57,0.48,0.48,0.48,0.67,0.57,0.48,0.48],
[0.57,0.57,0.48,0.48,0.48,0.67,0.57,0.48,0.48],
[0.57,0.57,0.48,0.48,0.48,0.67,0.57,0.48,0.48],
[0.57,0.57,0.48,0.48,0.48,0.67,0.57,0.48,0.48],
[1.14,1.14,0.95,0.95,0.95,1.33,1.14,0.95,0.95],
[1.14,1.14,0.95,0.95,0.95,1.33,1.14,0.95,0.95],
[1.14,1.14,0.95,0.95,0.95,1.33,1.14,0.95,0.95],
[1.14,1.14,0.95,0.95,0.95,1.33,1.14,0.95,0.95],
[1.14,1.14,0.95,0.95,0.95,1.33,1.14,0.95,0.95],
[1.71,1.71,1.43,1.43,1.43,2,1.71,1.43,1.43],
[1.71,1.71,1.43,1.43,1.43,2,1.71,1.43,1.43],
[1.71,1.71,1.43,1.43,1.43,2,1.71,1.43,1.43],
[1.71,1.71,1.43,1.43,1.43,2,1.71,1.43,1.43],
[2.29,2.29,1.9,1.9,1.9,2.67,2.29,1.9,1.9],
[2.29,2.29,1.9,1.9,1.9,2.67,2.29,1.9,1.9],
[2.29,2.29,1.9,1.9,1.9,2.67,2.29,1.9,1.9],
[2.86,2.86,2.38,2.38,2.38,3.33,2.86,2.38,2.38],
[2.86,2.86,2.38,2.38,2.38,3.33,2.86,2.38,2.38],
[3.43,3.43,2.86,2.86,2.86,4,3.43,2.86,2.86],
[0.71,0.71,0.6,0.6,0.6,0.83,0.71,0.6,0.6],
[0.71,0.71,0.6,0.6,0.6,0.83,0.71,0.6,0.6],
[0.71,0.71,0.6,0.6,0.6,0.83,0.71,0.6,0.6],
[0.71,0.71,0.6,0.6,0.6,0.83,0.71,0.6,0.6],
[0.71,0.71,0.6,0.6,0.6,0.83,0.71,0.6,0.6],
[0.71,0.71,0.6,0.6,0.6,0.83,0.71,0.6,0.6],
[1.43,1.43,1.19,1.19,1.19,1.67,1.43,1.19,1.19],
[1.43,1.43,1.19,1.19,1.19,1.67,1.43,1.19,1.19],
[1.43,1.43,1.19,1.19,1.19,1.67,1.43,1.19,1.19],
[1.43,1.43,1.19,1.19,1.19,1.67,1.43,1.19,1.19],
[1.43,1.43,1.19,1.19,1.19,1.67,1.43,1.19,1.19],
[2.14,2.14,1.79,1.79,1.79,2.5,2.14,1.79,1.79],
[2.14,2.14,1.79,1.79,1.79,2.5,2.14,1.79,1.79],
[2.14,2.14,1.79,1.79,1.79,2.5,2.14,1.79,1.79],
[2.14,2.14,1.79,1.79,1.79,2.5,2.14,1.79,1.79],
[2.86,2.86,2.38,2.38,2.38,3.33,2.86,2.38,2.38],
[2.86,2.86,2.38,2.38,2.38,3.33,2.86,2.38,2.38],
[2.86,2.86,2.38,2.38,2.38,3.33,2.86,2.38,2.38],
[3.57,3.57,2.98,2.98,2.98,4.17,3.57,2.98,2.98],
[3.57,3.57,2.98,2.98,2.98,4.17,3.57,2.98,2.98],
[4.29,4.29,3.57,3.57,3.57,5,4.29,3.57,3.57],
[0.71,0.71,0.6,0.6,0.6,0.83,0.71,0.6,0.6],
[0.71,0.71,0.6,0.6,0.6,0.83,0.71,0.6,0.6],
[0.71,0.71,0.6,0.6,0.6,0.83,0.71,0.6,0.6],
[0.71,0.71,0.6,0.6,0.6,0.83,0.71,0.6,0.6],
[0.71,0.71,0.6,0.6,0.6,0.83,0.71,0.6,0.6],
[0.71,0.71,0.6,0.6,0.6,0.83,0.71,0.6,0.6],
[1.43,1.43,1.19,1.19,1.19,1.67,1.43,1.19,1.19],
[1.43,1.43,1.19,1.19,1.19,1.67,1.43,1.19,1.19],
[1.43,1.43,1.19,1.19,1.19,1.67,1.43,1.19,1.19],
[1.43,1.43,1.19,1.19,1.19,1.67,1.43,1.19,1.19],
[1.43,1.43,1.19,1.19,1.19,1.67,1.43,1.19,1.19],
[2.14,2.14,1.79,1.79,1.79,2.5,2.14,1.79,1.79],
[2.14,2.14,1.79,1.79,1.79,2.5,2.14,1.79,1.79],
[2.14,2.14,1.79,1.79,1.79,2.5,2.14,1.79,1.79],
[2.14,2.14,1.79,1.79,1.79,2.5,2.14,1.79,1.79],
[2.86,2.86,2.38,2.38,2.38,3.33,2.86,2.38,2.38],
[2.86,2.86,2.38,2.38,2.38,3.33,2.86,2.38,2.38],
[2.86,2.86,2.38,2.38,2.38,3.33,2.86,2.38,2.38],
[3.57,3.57,2.98,2.98,2.98,4.17,3.57,2.98,2.98],
[3.57,3.57,2.98,2.98,2.98,4.17,3.57,2.98,2.98],
[4.29,4.29,3.57,3.57,3.57,5,4.29,3.57,3.57],
[0.71,0.71,0.6,0.6,0.6,0.83,0.71,0.6,0.6],
[0.71,0.71,0.6,0.6,0.6,0.83,0.71,0.6,0.6],
[0.71,0.71,0.6,0.6,0.6,0.83,0.71,0.6,0.6],
[0.71,0.71,0.6,0.6,0.6,0.83,0.71,0.6,0.6],
[0.71,0.71,0.6,0.6,0.6,0.83,0.71,0.6,0.6],
[0.71,0.71,0.6,0.6,0.6,0.83,0.71,0.6,0.6],
[1.43,1.43,1.19,1.19,1.19,1.67,1.43,1.19,1.19],
[1.43,1.43,1.19,1.19,1.19,1.67,1.43,1.19,1.19],
[1.43,1.43,1.19,1.19,1.19,1.67,1.43,1.19,1.19],
[1.43,1.43,1.19,1.19,1.19,1.67,1.43,1.19,1.19],
[1.43,1.43,1.19,1.19,1.19,1.67,1.43,1.19,1.19],
[2.14,2.14,1.79,1.79,1.79,2.5,2.14,1.79,1.79],
[2.14,2.14,1.79,1.79,1.79,2.5,2.14,1.79,1.79],
[2.14,2.14,1.79,1.79,1.79,2.5,2.14,1.79,1.79],
[2.14,2.14,1.79,1.79,1.79,2.5,2.14,1.79,1.79],
[2.86,2.86,2.38,2.38,2.38,3.33,2.86,2.38,2.38],
[2.86,2.86,2.38,2.38,2.38,3.33,2.86,2.38,2.38],
[2.86,2.86,2.38,2.38,2.38,3.33,2.86,2.38,2.38],
[3.57,3.57,2.98,2.98,2.98,4.17,3.57,2.98,2.98],
[3.57,3.57,2.98,2.98,2.98,4.17,3.57,2.98,2.98],
[4.29,4.29,3.57,3.57,3.57,5,4.29,3.57,3.57],
[0.86,0.86,0.71,0.71,0.71,1,0.86,0.71,0.71],
[0.86,0.86,0.71,0.71,0.71,1,0.86,0.71,0.71],
[0.86,0.86,0.71,0.71,0.71,1,0.86,0.71,0.71],
[0.86,0.86,0.71,0.71,0.71,1,0.86,0.71,0.71],
[0.86,0.86,0.71,0.71,0.71,1,0.86,0.71,0.71],
[0.86,0.86,0.71,0.71,0.71,1,0.86,0.71,0.71],
[1.71,1.71,1.43,1.43,1.43,2,1.71,1.43,1.43],
[1.71,1.71,1.43,1.43,1.43,2,1.71,1.43,1.43],
[1.71,1.71,1.43,1.43,1.43,2,1.71,1.43,1.43],
[1.71,1.71,1.43,1.43,1.43,2,1.71,1.43,1.43],
[1.71,1.71,1.43,1.43,1.43,2,1.71,1.43,1.43],
[2.57,2.57,2.14,2.14,2.14,3,2.57,2.14,2.14],
[2.57,2.57,2.14,2.14,2.14,3,2.57,2.14,2.14],
[2.57,2.57,2.14,2.14,2.14,3,2.57,2.14,2.14],
[2.57,2.57,2.14,2.14,2.14,3,2.57,2.14,2.14],
[3.43,3.43,2.86,2.86,2.86,4,3.43,2.86,2.86],
[3.43,3.43,2.86,2.86,2.86,4,3.43,2.86,2.86],
[3.43,3.43,2.86,2.86,2.86,4,3.43,2.86,2.86],
[4.29,4.29,3.57,3.57,3.57,5,4.29,3.57,3.57],
[4.29,4.29,3.57,3.57,3.57,5,4.29,3.57,3.57],
[5.14,5.14,4.29,4.29,4.29,6,5.14,4.29,4.29],
[0.86,0.86,0.71,0.71,0.71,1,0.86,0.71,0.71],
[0.86,0.86,0.71,0.71,0.71,1,0.86,0.71,0.71],
[0.86,0.86,0.71,0.71,0.71,1,0.86,0.71,0.71],
[0.86,0.86,0.71,0.71,0.71,1,0.86,0.71,0.71],
[0.86,0.86,0.71,0.71,0.71,1,0.86,0.71,0.71],
[0.86,0.86,0.71,0.71,0.71,1,0.86,0.71,0.71],
[1.71,1.71,1.43,1.43,1.43,2,1.71,1.43,1.43],
[1.71,1.71,1.43,1.43,1.43,2,1.71,1.43,1.43],
[1.71,1.71,1.43,1.43,1.43,2,1.71,1.43,1.43],
[1.71,1.71,1.43,1.43,1.43,2,1.71,1.43,1.43],
[1.71,1.71,1.43,1.43,1.43,2,1.71,1.43,1.43],
[2.57,2.57,2.14,2.14,2.14,3,2.57,2.14,2.14],
[2.57,2.57,2.14,2.14,2.14,3,2.57,2.14,2.14],
[2.57,2.57,2.14,2.14,2.14,3,2.57,2.14,2.14],
[2.57,2.57,2.14,2.14,2.14,3,2.57,2.14,2.14],
[3.43,3.43,2.86,2.86,2.86,4,3.43,2.86,2.86],
[3.43,3.43,2.86,2.86,2.86,4,3.43,2.86,2.86],
[3.43,3.43,2.86,2.86,2.86,4,3.43,2.86,2.86],
[4.29,4.29,3.57,3.57,3.57,5,4.29,3.57,3.57],
[4.29,4.29,3.57,3.57,3.57,5,4.29,3.57,3.57],
[5.14,5.14,4.29,4.29,4.29,6,5.14,4.29,4.29],
[1,1,0.83,0.83,0.83,1.17,1,0.83,0.83],
[1,1,0.83,0.83,0.83,1.17,1,0.83,0.83],
[1,1,0.83,0.83,0.83,1.17,1,0.83,0.83],
[1,1,0.83,0.83,0.83,1.17,1,0.83,0.83],
[1,1,0.83,0.83,0.83,1.17,1,0.83,0.83],
[1,1,0.83,0.83,0.83,1.17,1,0.83,0.83],
[2,2,1.67,1.67,1.67,2.33,2,1.67,1.67],
[2,2,1.67,1.67,1.67,2.33,2,1.67,1.67],
[2,2,1.67,1.67,1.67,2.33,2,1.67,1.67],
[2,2,1.67,1.67,1.67,2.33,2,1.67,1.67],
[2,2,1.67,1.67,1.67,2.33,2,1.67,1.67],
[3,3,2.5,2.5,2.5,3.5,3,2.5,2.5],
[3,3,2.5,2.5,2.5,3.5,3,2.5,2.5],
[3,3,2.5,2.5,2.5,3.5,3,2.5,2.5],
[3,3,2.5,2.5,2.5,3.5,3,2.5,2.5],
[4,4,3.33,3.33,3.33,4.67,4,3.33,3.33],
[4,4,3.33,3.33,3.33,4.67,4,3.33,3.33],
[4,4,3.33,3.33,3.33,4.67,4,3.33,3.33],
[5,5,4.17,4.17,4.17,5.83,5,4.17,4.17],
[5,5,4.17,4.17,4.17,5.83,5,4.17,4.17],
[6,6,5,5,5,7,6,5,5]]
[1,1,1,1,1,1,2,2,2,2,2,3,3,3,3,4,4,4,5,5,6,1,1,1,1,1,1,2,2,2,2,2,3,3,3,3,4,4,4,5,5,6,1,1,1,1,1,1,2,2,2,2,2,3,3,3,3,4,4,4,5,5,6,1,1,1,1,1,1,2,2,2,2,2,3,3,3,3,4,4,4,5,5,6,1,1,1,1,1,1,2,2,2,2,2,3,3,3,3,4,4,4,5,5,6,1,1,1,1,1,1,2,2,2,2,2,3,3,3,3,4,4,4,5,5,6,1,1,1,1,1,1,2,2,2,2,2,3,3,3,3,4,4,4,5,5,6,2,2,2,2,2,2,4,4,4,4,4,6,6,6,6,8,8,8,10,10,12,2,2,2,2,2,2,4,4,4,4,4,6,6,6,6,8,8,8,10,10,12,2,2,2,2,2,2,4,4,4,4,4,6,6,6,6,8,8,8,10,10,12,2,2,2,2,2,2,4,4,4,4,4,6,6,6,6,8,8,8,10,10,12,2,2,2,2,2,2,4,4,4,4,4,6,6,6,6,8,8,8,10,10,12,2,2,2,2,2,2,4,4,4,4,4,6,6,6,6,8,8,8,10,10,12,3,3,3,3,3,3,6,6,6,6,6,9,9,9,9,12,12,12,15,15,18,3,3,3,3,3,3,6,6,6,6,6,9,9,9,9,12,12,12,15,15,18,3,3,3,3,3,3,6,6,6,6,6,9,9,9,9,12,12,12,15,15,18,3,3,3,3,3,3,6,6,6,6,6,9,9,9,9,12,12,12,15,15,18,3,3,3,3,3,3,6,6,6,6,6,9,9,9,9,12,12,12,15,15,18,4,4,4,4,4,4,8,8,8,8,8,12,12,12,12,16,16,16,20,20,24,4,4,4,4,4,4,8,8,8,8,8,12,12,12,12,16,16,16,20,20,24,4,4,4,4,4,4,8,8,8,8,8,12,12,12,12,16,16,16,20,20,24,4,4,4,4,4,4,8,8,8,8,8,12,12,12,12,16,16,16,20,20,24,5,5,5,5,5,5,10,10,10,10,10,15,15,15,15,20,20,20,25,25,30,5,5,5,5,5,5,10,10,10,10,10,15,15,15,15,20,20,20,25,25,30,5,5,5,5,5,5,10,10,10,10,10,15,15,15,15,20,20,20,25,25,30,6,6,6,6,6,6,12,12,12,12,12,18,18,18,18,24,24,24,30,30,36,6,6,6,6,6,6,12,12,12,12,12,18,18,18,18,24,24,24,30,30,36,7,7,7,7,7,7,14,14,14,14,14,21,21,21,21,28,28,28,35,35,42] 
[8.15,6.43,8.59,7.88,8.2,7.6,6.61,5.61,7.06] 
[0.02,0.01,0.01,0.02,0.02,0.02,0.01,0.02,0.01] 
[6,6,5,5,5,7,6,5,5] 
[1.83,1.89,2.16,2.12,2.1,2.07,2,2,2.13]