Instance: 74
width: 7
long: 6
Parcels: 9
Crops: 19
Water: 330000

Chemical Properties by Parcel
17.18   14.51   17.69   17.53   14.37   16.06   17.84   14.13   17.57   11.54   18.45   17.03   15.13   11.46   15.86   17.33   11.54   14.3   15.23   16.09   17.91   16.86   17.58   17.57   17.42   17.85   18.28   15.79   14.95   14.6   16.83   10.56   16.15   11.15   10.73   16.76   17.96   10.48   9.87   12.11   10.42   17.99    
17.2   11   18.11   17.09   11.02   10.53   15.18   13.89   13.29   9.74   10.79   13.13   14.1   13.97   16.86   13.75   12.69   10.09   9.63   12.49   14.8   11.02   14.55   13.2   14.03   11.57   11.44   11.02   11.85   10.11   14.82   15.3   12.67   14.45   10.92   11.02   12.04   13.54   15.27   13.58   14.37   15.13    
16.64   12.97   18.19   14.81   12.5   10.75   16.46   11.01   16.84   12.13   16.94   16.22   10.8   12.8   14.89   15.71   16.44   13.2   18.63   10.06   9.78   15.25   13.91   13.07   18.28   12.24   12.35   15.46   11.18   17.39   11.21   14.61   10.55   12.84   10.06   10.17   13.51   10.07   11.43   10.97   16.84   12.48    
16.54   16.72   12.52   12.79   9.69   16.18   15.96   17.45   16.77   15.99   10.32   9.86   15.25   13.74   12.4   10.69   11.98   9.97   12.16   11.99   17.73   11.61   16.62   18.29   14.89   10.58   14.17   17.19   18.52   10.09   13.99   15.87   12.19   16.8   14.87   16.22   13.5   17.06   12.78   10.46   14.59   10.1    
15.74   16.06   12.3   17.78   15.91   13.63   18.54   13.58   14.55   16.37   16.56   12.18   15.77   14.86   17   16.31   16.47   12.07   11.49   13.06   15.08   15.59   14.25   12.62   13.37   13.84   15.05   16.66   11.49   18.35   16.34   16.15   14.35   17.2   18.01   9.7   13.01   12.74   13.56   15.1   13.84   16.05    
15.3   16.35   12.25   13.18   14.39   16.42   13.25   17.97   15.28   15.65   12.09   15.93   13   13.64   10.56   18.15   15.72   16   10.6   17.1   14.77   15.16   17.3   14.03   11.54   9.85   16.84   12.3   10.17   17.75   11.33   12.95   12.63   17.63   10.43   12.61   15.97   12.05   16.13   12.7   11.93   10.44    
16.07   14.46   14.36   15.21   17.31   14.72   13.06   13.95   11.61   17.07   16.16   12.87   10.64   16.62   11.62   10.01   16.36   10.37   18.12   11.31   16   12.14   12.97   10.34   15.81   15.18   17   15.72   13.27   11.63   17.92   17.1   17.19   14.32   14.24   17.22   15.43   17.05   16.03   11.51   17.65   11.82    
18.56   17.41   17.5   13.06   17.89   10.14   14.86   14.76   15.47   11.56   12.18   11.22   17.6   14.71   12.74   18.22   18.45   12.67   10.55   15.54   10.96   11.22   16.17   15.36   18.31   16.46   11.85   14.63   18.4   15.63   18.22   13.39   16.24   14.79   17.72   17.18   18.46   15.05   16.64   14.5   10.18   18.43    
15.96   17.75   18.41   11.38   17.52   16.12   16.43   12.92   10.16   12.27   17.02   9.93   16   15.51   11.02   9.94   17.55   17.41   15.18   15.63   11.93   11.3   13.69   18.12   12.67   14.02   11.22   10.79   17.47   17.12   15.44   14.43   14.56   13.22   12.7   13.68   9.62   15.44   9.68   14.07   18.5   15.48    

Physical Properties by Parcel
5.4   5.2   5.5   5.5   5.4   5.3   5.2   5.4   5.5   5.4   5.4   5.6   5.5   5.3   5.4   5.4   5.4   5.4   5.6   5.2   5.4   5.5   5.5   5.5   5.2   5.5   5.3   5.4   5.2   5.4   5.3   5.2   5.3   5.5   5.2   5.4   5.5   5.4   5.5   5.5   5.3   5.5    
5.3   5.3   5.5   5.3   5.4   5.4   5.3   5.3   5.3   5.6   5.4   5.5   5.6   5.2   5.6   5.2   5.4   5.3   5.6   5.2   5.4   5.3   5.6   5.3   5.4   5.6   5.5   5.5   5.4   5.6   5.5   5.5   5.4   5.3   5.6   5.4   5.3   5.2   5.3   5.6   5.5   5.5    
5.5   5.4   5.3   5.5   5.4   5.4   5.5   5.4   5.2   5.5   5.5   5.6   5.2   5.3   5.2   5.4   5.4   5.2   5.5   5.2   5.4   5.3   5.3   5.3   5.3   5.4   5.6   5.3   5.2   5.3   5.2   5.6   5.5   5.5   5.3   5.5   5.4   5.3   5.2   5.4   5.3   5.5    
5.5   5.2   5.4   5.3   5.4   5.3   5.5   5.3   5.6   5.5   5.5   5.3   5.3   5.5   5.5   5.5   5.6   5.4   5.3   5.4   5.3   5.4   5.4   5.3   5.4   5.5   5.4   5.6   5.6   5.3   5.6   5.6   5.5   5.3   5.5   5.6   5.6   5.6   5.2   5.5   5.4   5.2    
5.5   5.3   5.4   5.5   5.5   5.6   5.4   5.5   5.5   5.4   5.4   5.5   5.3   5.2   5.6   5.5   5.2   5.5   5.4   5.4   5.3   5.5   5.3   5.4   5.3   5.4   5.2   5.4   5.6   5.2   5.4   5.4   5.3   5.5   5.6   5.4   5.4   5.4   5.4   5.2   5.6   5.3    
5.3   5.3   5.5   5.3   5.3   5.3   5.2   5.6   5.4   5.2   5.2   5.5   5.5   5.4   5.2   5.5   5.6   5.3   5.4   5.5   5.4   5.3   5.5   5.2   5.3   5.4   5.5   5.6   5.5   5.5   5.5   5.2   5.5   5.2   5.5   5.6   5.2   5.3   5.2   5.4   5.3   5.4    
5.5   5.3   5.3   5.5   5.4   5.2   5.3   5.3   5.5   5.4   5.3   5.4   5.3   5.2   5.5   5.6   5.3   5.5   5.3   5.6   5.4   5.5   5.5   5.4   5.6   5.6   5.4   5.3   5.5   5.2   5.3   5.6   5.5   5.6   5.4   5.4   5.4   5.3   5.3   5.3   5.6   5.4    
5.5   5.4   5.3   5.6   5.6   5.2   5.5   5.4   5.6   5.3   5.2   5.3   5.3   5.5   5.5   5.4   5.6   5.4   5.4   5.3   5.4   5.5   5.4   5.4   5.5   5.2   5.5   5.4   5.4   5.3   5.3   5.5   5.4   5.5   5.3   5.4   5.5   5.3   5.4   5.6   5.4   5.4    
5.3   5.5   5.3   5.3   5.2   5.4   5.5   5.4   5.4   5.4   5.3   5.3   5.6   5.3   5.4   5.5   5.4   5.4   5.2   5.5   5.5   5.3   5.6   5.3   5.3   5.3   5.4   5.4   5.4   5.3   5.2   5.4   5.3   5.3   5.3   5.3   5.3   5.3   5.5   5.5   5.2   5.3    

Ha by Parcels
7   7   6   6   5   7   5   5   7   

Cost of m3 in each parcel
2.2   2.02   2.11   2.13   2.05   1.83   1.94   2.06   1.86   