Instance: 79
width: 7
long: 6
Parcels: 9
Crops: 19
Water: 300000

Chemical Properties by Parcel
15.92   18.26   14.52   15.34   18.49   14.37   17.02   10.32   10.2   11.54   10.85   11.46   15.73   15.9   10   15.98   16.69   17.21   13.93   10.19   18.32   16.29   16.18   16.3   18.3   18.35   15.37   14.01   14.34   10.37   10.17   10.11   13.97   13.56   14.86   10.15   10.21   10.72   13.35   10.61   14.17   12.35    
17.05   15.85   16.54   13.5   18.16   12.47   10.95   16.1   9.71   14.76   11.84   10.65   18.48   13.49   15.62   10.78   13.24   9.64   15.36   12.82   14.66   12.28   16.3   13.01   16.42   11.38   17.22   17.86   17.74   16.67   12.28   11.33   12.74   16.78   13.35   15.22   18.43   13.58   10.92   15.43   14.03   13.13    
9.86   9.98   14.06   15.26   18.59   10.02   10.39   11.9   10.33   10.15   13.45   12.85   15.79   16.64   18.67   16.44   13.23   11.11   13.47   17.77   17.87   9.87   17.76   14.58   9.85   16.26   17.54   15.28   9.94   11.69   9.98   12.98   12.08   12.68   14.39   16.35   18.17   11.8   12.6   9.91   11.49   12.02    
14.29   17.67   16.86   17.99   11.15   9.61   13.86   10.74   11.12   13.59   10.73   14.15   12.01   16.25   16.3   13.67   12.52   10.73   10.76   16.98   17.44   17.3   11.2   12.07   17.94   15.27   12.04   18.51   10.46   13.62   9.63   13.68   17.89   14.78   10.92   15.98   12.93   17.01   17.12   15.54   16.64   10.04    
17.25   18.38   10.91   17.7   18.63   10.52   11.55   14.15   18.27   10.49   17.29   18.63   14.79   11.6   16.96   12.95   17.78   10.68   16.06   10.69   14.37   17.33   18.21   12.97   10.89   10.85   17.86   11.98   13.12   17.7   13.52   15.04   17.89   18.4   14.16   16.29   16.06   11.35   11.48   16.15   15.99   15.28    
14.67   10.18   17.4   13.99   16.65   17.13   14.78   14.91   9.69   16.52   10.57   11.51   15.55   14.15   10.68   16.27   15.63   18.65   12.54   12.39   15.36   12.02   11.55   16.54   10.78   13.51   9.71   16.44   12.03   18.3   17.5   10.78   14.47   11.29   12.51   15.1   17.61   10.51   18.58   15.24   9.83   12.62    
10.14   13.55   17.47   17.32   11.94   13.17   14.91   11.07   11.06   13.2   15.87   16.46   17.84   17.28   14.48   17.57   16.9   15.29   9.92   10.6   11.06   15.22   10.53   9.73   12.97   13.86   12.97   9.71   11.67   15.03   10.8   14.41   14.28   13.88   14.63   13.13   17.12   10.66   10.66   13.67   15.53   17.65    
15.94   13.85   15.84   13   13.83   11.08   17.3   13.29   10.4   13.16   10.62   18.65   13.25   13.8   10.73   14.51   12.06   14.92   16.97   14.79   11.18   10.89   14.96   10.82   9.85   11.39   17.15   13.62   11.99   12.02   14.6   16.47   11.03   12.6   12.94   14.41   13.34   10.51   16.04   16.86   18.47   14.49    
10.78   15.18   15.57   18.56   16.99   12.59   13.89   17.86   11.38   18.5   13.04   17.5   14.28   15.66   15.32   13.5   10.95   10.24   16.4   12.57   18.19   13.81   14.02   15.23   16.85   18.41   9.84   10.22   13.95   10.39   13.59   16.77   16.08   13.73   12.99   10.77   14.23   17.41   9.81   17.08   16.28   14.25    

Physical Properties by Parcel
5.3   5.3   5.6   5.4   5.4   5.5   5.4   5.5   5.3   5.6   5.5   5.6   5.6   5.6   5.5   5.3   5.3   5.6   5.3   5.2   5.4   5.3   5.3   5.4   5.5   5.5   5.2   5.3   5.3   5.4   5.6   5.3   5.5   5.4   5.6   5.6   5.2   5.4   5.3   5.2   5.5   5.4    
5.2   5.5   5.5   5.5   5.4   5.4   5.5   5.3   5.6   5.4   5.4   5.3   5.2   5.3   5.6   5.5   5.6   5.4   5.4   5.4   5.6   5.5   5.3   5.5   5.3   5.5   5.4   5.3   5.2   5.3   5.3   5.5   5.5   5.5   5.4   5.3   5.3   5.4   5.5   5.6   5.3   5.4    
5.3   5.3   5.3   5.4   5.5   5.4   5.2   5.4   5.2   5.5   5.2   5.4   5.3   5.3   5.4   5.2   5.5   5.6   5.4   5.3   5.4   5.3   5.4   5.3   5.4   5.6   5.5   5.3   5.2   5.4   5.5   5.6   5.5   5.4   5.5   5.3   5.3   5.3   5.6   5.4   5.3   5.6    
5.3   5.3   5.5   5.5   5.3   5.6   5.5   5.2   5.3   5.2   5.5   5.3   5.5   5.3   5.3   5.6   5.5   5.5   5.5   5.6   5.3   5.6   5.5   5.4   5.6   5.4   5.6   5.5   5.3   5.4   5.5   5.6   5.5   5.3   5.5   5.5   5.3   5.3   5.6   5.6   5.2   5.4    
5.3   5.6   5.3   5.5   5.3   5.4   5.2   5.4   5.3   5.6   5.3   5.4   5.2   5.2   5.6   5.5   5.3   5.4   5.5   5.3   5.5   5.3   5.4   5.2   5.3   5.3   5.2   5.4   5.5   5.5   5.3   5.3   5.5   5.4   5.5   5.4   5.5   5.2   5.6   5.5   5.3   5.3    
5.3   5.5   5.6   5.5   5.5   5.3   5.5   5.3   5.5   5.3   5.6   5.2   5.3   5.3   5.4   5.2   5.4   5.3   5.6   5.5   5.6   5.4   5.4   5.5   5.5   5.2   5.6   5.5   5.4   5.3   5.5   5.4   5.4   5.5   5.2   5.6   5.5   5.5   5.4   5.3   5.4   5.3    
5.3   5.5   5.4   5.4   5.4   5.5   5.2   5.4   5.3   5.3   5.3   5.2   5.5   5.3   5.6   5.6   5.5   5.6   5.5   5.3   5.4   5.6   5.6   5.3   5.4   5.5   5.3   5.5   5.2   5.5   5.2   5.3   5.4   5.4   5.5   5.3   5.3   5.4   5.4   5.4   5.5   5.5    
5.4   5.3   5.2   5.5   5.3   5.4   5.2   5.6   5.3   5.5   5.5   5.6   5.5   5.5   5.5   5.4   5.5   5.4   5.2   5.5   5.3   5.3   5.6   5.4   5.6   5.2   5.2   5.4   5.4   5.3   5.3   5.3   5.5   5.5   5.5   5.3   5.5   5.5   5.5   5.6   5.5   5.6    
5.6   5.4   5.3   5.5   5.3   5.4   5.3   5.2   5.4   5.3   5.2   5.4   5.2   5.4   5.4   5.3   5.4   5.2   5.5   5.6   5.5   5.6   5.3   5.2   5.4   5.4   5.5   5.4   5.6   5.3   5.4   5.3   5.4   5.3   5.4   5.4   5.4   5.2   5.3   5.5   5.3   5.5    

Ha by Parcels
6   6   5   5   5   7   6   5   5   

Cost of m3 in each parcel
1.83   1.89   2.16   2.12   2.1   2.07   2   2   2.13   