588
42
9
312000
[[0,0,0,0,0,0,0,0,0],
[0,0,0,0,0,0,0,0,0],
[0,0,0,0,0,0,0,0,0],
[0,0,0,0,0,0,0,0,0],
[0,0,0,0,0,0,0,0,0],
[0,0,0,0,0,0,0,0,0],
[2.76,3.38,3.18,15.9,5.02,3.59,4.29,7.3,0.51],
[0.12,0.03,0,14.8,11.52,8.61,35.36,0.3,0.4],
[14.15,25.78,12.45,0.11,2.44,0.99,21,1.66,17.17],
[28.65,20.1,9.95,31.84,9.46,0.01,0.81,1.98,1.23],
[1.17,16.88,13.42,5.31,15.68,2.93,0,4.38,1.58],
[2.3,2.47,2.11,10.24,16.1,4.43,18.22,4.07,0.9],
[8.65,16.65,8.32,10.79,5.77,4.45,19.41,1.78,9.97],
[15.11,15.41,7.51,20.05,11.14,0.6,11.79,3.63,9.2],
[16.02,12.37,7.87,16.1,8.64,1.84,0.56,6.2,2.81],
[5.97,11.13,5.73,8.06,11.78,3.01,13,3,6.68],
[10.15,11.77,5.86,15.76,8.31,3.06,12.95,4.19,7.69],
[10.83,14.23,8.75,14.27,8.39,2.35,8.27,8.41,6.32],
[8.37,8.94,4.65,14.02,10.42,2.3,9.76,3.81,5.91],
[8.13,13.03,8.15,12.07,7.41,3.07,9.72,9.32,5.78],
[7.36,10.43,6.53,11.76,10.21,2.52,7.81,7.54,4.73],
[0,0,0,0,0,0,0,0,0],
[0,0,0,0,0,0,0,0,0],
[0,0,0,0,0,0,0,0,0],
[0,0,0,0,0,0,0,0,0],
[0,0,0,0,0,0,0,0,0],
[0,0,0,0,0,0,0,0,0],
[8.32,1.64,0.27,9.5,0,9.46,13.01,14.69,6.62],
[0.04,2.25,12.5,14.85,8.9,28.8,0.81,30.5,0.62],
[25.56,0.1,8.95,0.99,5.88,2.78,4.12,5.09,33.13],
[0.68,9.99,0.97,16.82,1.98,2.93,0.11,0.21,38.28],
[2.33,8.65,4.5,5.48,17.11,0.73,1.69,4.74,25.56],
[5.96,1.31,9.75,8.32,5.98,14.5,11.37,16.01,6.17],
[16.4,1.25,7.25,13.13,5.03,15.09,2.07,15.42,19.49],
[14.71,7.4,4.65,9.15,7.52,5.71,3.26,2.84,23.87],
[2.85,6.23,5.03,8.47,8.85,3.42,0.92,2.64,21.71],
[11.82,0.91,6.61,8.77,4.08,10.06,7.6,10.69,13.68],
[14,4.96,4.85,11.07,5.41,10.59,2.33,10.6,16.4],
[9.88,5.2,4.68,6.1,7.87,7.07,2.25,5.34,19.97],
[10.7,4.21,5.12,8.51,4.25,7.98,5.8,8.15,13.64],
[10.54,3.97,5.65,8.51,6.8,9.01,1.78,8.95,16.14],
[8.58,3.47,6.4,6.92,5.93,7.34,4.91,7.5,13.4],
[0,0,0,0,0,0,0,0,0],
[0,0,0,0,0,0,0,0,0],
[0,0,0,0,0,0,0,0,0],
[0,0,0,0,0,0,0,0,0],
[0,0,0,0,0,0,0,0,0],
[0,0,0,0,0,0,0,0,0],
[18.42,9.16,0.87,19.91,30.11,16.82,13.73,0.06,0.05],
[2.31,0.04,0.22,1.31,0.74,0.41,3.7,20.61,3],
[9.46,5.51,0.19,2.29,0.15,0.28,8.36,1.11,0.03],
[0.22,20.93,13.21,1.67,0.05,1.71,13.94,11.23,6.27],
[1.36,7.18,2.14,17.7,4.06,34.61,0,1.94,12.1],
[18.17,6.55,0.44,10.74,17.41,9.74,6.87,13.05,2.28],
[4.73,3.38,0.14,3.56,0.37,0.68,11.75,17.67,2.22],
[7.43,10.47,7.89,1.34,0.19,0.87,7.67,5.88,3.91],
[0.69,10.57,6.69,9.29,2.44,19.08,9.28,5.67,6.44],
[12.31,5.09,0.38,7.47,12.96,6.58,8.9,16.7,2.49],
[5.19,6.99,6.22,2.38,0.27,0.73,8.51,12.42,3.12],
[4.97,7.06,5.59,8.3,1.63,14.03,6.27,4.04,4.35],
[9.6,9.21,4.67,5.8,10.57,5.98,7.61,12.57,2.72],
[3.94,5.3,5.21,9.11,1.6,11.9,6.68,9.43,4.14],
[7.73,7.39,4.21,9.07,8.7,11.81,6.58,10.47,3.96],
[0,0,0,0,0,0,0,0,0],
[0,0,0,0,0,0,0,0,0],
[0,0,0,0,0,0,0,0,0],
[0,0,0,0,0,0,0,0,0],
[0,0,0,0,0,0,0,0,0],
[0,0,0,0,0,0,0,0,0],
[3.33,19.91,13.16,0.06,23.39,9.37,0.47,0.22,14.63],
[10.26,1.79,0.48,2.12,8.16,2.14,3.54,0.01,2.74],
[0.03,12.7,1.01,12.55,8.65,0.31,3.03,4.35,2.6],
[4.18,32,3.41,0.04,7.68,1.86,19.34,9.55,0.68],
[2.81,5.28,2.74,21.19,9.25,0.56,22.04,0.02,12.55],
[12.95,10.49,10.77,1.22,11.82,10.67,3.53,0.19,7.36],
[7.21,12.83,0.53,13.22,5.61,1.09,2.19,2.75,5.34],
[2.58,16.36,1.71,7.94,5.45,1.96,9.81,4.97,1.3],
[6.94,16.19,2.06,14.74,16.9,0.93,13.83,6.1,10.78],
[12.86,11.39,7.4,10.63,11.39,8.14,2.39,1.85,5.94],
[5.18,12.58,1.34,12.34,5.29,1.51,8.93,3.34,3.88],
[6.17,10.95,1.43,11.59,11.27,1.37,9.29,4.07,7.19],
[9.65,13.26,7.75,11.9,8.79,6.14,8.87,2.54,4.48],
[6.05,9.44,1.15,11.98,11.58,1.14,7.99,3.05,6.37],
[8.54,10.67,6.22,10.98,11.52,5,7.68,2.53,7.31],
[0,0,0,0,0,0,0,0,0],
[0,0,0,0,0,0,0,0,0],
[0,0,0,0,0,0,0,0,0],
[0,0,0,0,0,0,0,0,0],
[0,0,0,0,0,0,0,0,0],
[0,0,0,0,0,0,0,0,0],
[10.67,29.11,2.74,3.08,4.62,5.81,8.99,4.03,9.12],
[2.4,0.02,0.94,12.15,14.42,0.98,25.35,4.93,20.29],
[1.51,15.24,5.02,21.98,9.12,6.16,12.95,1.41,0.05],
[10.26,3.05,2.78,3.84,4.35,10.72,10.26,6.81,34.2],
[28.13,6.55,0.81,3.46,1.07,0.02,10.95,4.62,1.38],
[5.34,19.87,1.38,6.08,7.25,2.94,12.83,8.95,10.54],
[3.88,9.84,5.42,11.86,8.05,6.4,13.45,5.99,12.92],
[5.22,7.65,2.71,11.09,4.78,5.84,7.79,3.41,23.65],
[14.27,9.38,3.39,7.29,2.18,6.84,7.07,3.88,19.14],
[4.25,15.29,3.65,8.4,5.56,4.69,9.32,11.53,8.62],
[4.33,6.89,3.63,7.91,6.26,5.1,12.05,4.57,18.68],
[9.88,8.03,2.61,8.68,3.4,4.62,8.01,2.6,19.68],
[5.35,11.49,2.74,6.32,4.73,4.44,9.06,8.66,14.6],
[9.34,6.69,2.97,7.31,4.7,4.09,9.88,4.15,15.93],
[8.23,11.7,2.42,5.98,3.79,3.93,7.99,8.35,13.65],
[0,0,0,0,0,0,0,0,0],
[0,0,0,0,0,0,0,0,0],
[0,0,0,0,0,0,0,0,0],
[0,0,0,0,0,0,0,0,0],
[0,0,0,0,0,0,0,0,0],
[0,0,0,0,0,0,0,0,0],
[7.3,12.85,0.13,6.7,16.02,0.05,1.79,19.28,4.38],
[3.2,34.28,0.74,1.39,5.35,2.81,2.1,3.41,1.75],
[0,0,0.65,0.07,0,1.77,17.94,0.01,0.68],
[26.21,8.04,3.08,3.23,0.02,0.44,2.4,1.39,35.96],
[22.58,4.68,8.16,5.85,1.04,12.25,11.96,3.54,5.81],
[10.22,17.43,0.79,3.36,8.07,1.65,3.88,9.72,2.24],
[2.11,22.61,1.39,0.77,3.65,4.54,9.27,2.16,2.35],
[17.55,5.48,1.54,1.88,0.02,2.06,9.19,1.01,21.12],
[16.31,12.57,4.15,3.15,0.61,6.91,13.14,1.81,18.21],
[8.96,15.12,1.65,2.3,5.42,3.9,6.58,6.53,2.01],
[11.7,15.5,1.36,2.54,2.89,5.25,6.49,1.64,14.09],
[12.58,11.96,2.94,2.11,0.42,4.79,10.86,1.24,14.94],
[11.8,11.63,1.4,2.67,4.11,5.31,5.06,5.71,12.48],
[9.5,14.89,2.89,2.24,2.21,5.41,8.15,2.03,11.29],
[10.65,12,2.97,2.61,3.47,5.05,7.05,4.75,11.04],
[0,0,0,0,0,0,0,0,0],
[0,0,0,0,0,0,0,0,0],
[0,0,0,0,0,0,0,0,0],
[0,0,0,0,0,0,0,0,0],
[0,0,0,0,0,0,0,0,0],
[0,0,0,0,0,0,0,0,0],
[20.61,7.45,6.92,1.98,17.35,2.08,1.58,16.02,0.41],
[19.34,7.14,5.31,0.01,13.52,4.03,4.81,0.56,30.03],
[1.53,15.74,11.52,0.22,18.67,1.75,22.98,2.25,0.92],
[0.54,25.06,0.66,0.4,0.24,2.12,2,1.16,0.06],
[15.46,12.65,7.57,5.51,0.02,0.2,0.1,4.84,4.38],
[13.32,4.87,4.11,1.22,10.37,2.14,6.1,13.05,17.95],
[17.55,8.18,6.01,0.12,10.87,5.62,11.52,1.12,17.12],
[0.77,13.96,6.28,0.21,11.18,1.3,12.14,1.19,0.5],
[12.59,13.27,6.98,2.95,0.23,1.11,1.1,2.42,2.62],
[12.41,8.03,6.48,1.19,12.22,3.81,8.31,8.76,15.03],
[12.91,10.75,4.24,0.14,7.92,3.75,8.23,0.8,12.44],
[8.55,10.49,6.52,2.32,7.92,0.87,8.56,2.76,2.86],
[9.94,8.91,5.47,0.89,10.68,2.87,6.47,7.27,13.05],
[12.74,8.56,5.18,1.85,6.15,2.92,6.66,2.13,9.75],
[10.81,7.79,5.41,2.58,9.21,2.41,5.47,6.25,10.49],
[2.16,1.23,4.77,7.64,19.85,0.48,8.16,1.3,0.45],
[9.46,2.78,0.01,18.54,4.81,3.51,1.75,0,1.41],
[13.11,11.09,13.31,11.52,17.52,0.31,30.5,24.78,1.81],
[27.01,4.26,8.24,22.31,0.04,0.01,1.19,2.06,0.07],
[0.97,0.55,1.6,25.21,18.36,3.73,0.27,0.24,23.12],
[2.04,3.65,0.08,0.14,14.53,1.16,0.66,14.31,2.27],
[4.12,2.96,1.86,8.87,9.04,5.45,8.68,7.55,2.42],
[7.53,4.92,6.53,10.02,7.47,12.76,15,14.41,1.41],
[13.65,8.89,7.23,11.35,5.98,1.29,11.65,9.1,16.96],
[12.74,11.34,4.07,16.23,6.6,1.68,0.73,1.35,16.61],
[2.14,9.68,6.14,8.45,10.97,2.73,0.58,4.85,10.87],
[5.12,4,4.91,7.65,9.24,7.84,11.96,10.53,3.06],
[10.17,7.73,6.28,10.53,4.64,7.95,9.24,9.63,12.12],
[11.95,9.14,5.14,12.32,7.46,2.67,7.04,5.76,15.53],
[8.07,8.92,5.4,9.86,7,2.75,0.63,3.77,10.42],
[7.62,5.74,5.34,8.75,6.98,5.76,8.83,7.91,8.82],
[10.57,7.34,4.76,11.55,6.04,6.25,6.79,8.04,12.11],
[8.9,8.39,5.87,9,7.51,4.27,5.31,6.24,11.95],
[8.5,6.09,4.34,10.07,7.47,4.94,6.92,6.75,9.6],
[8.64,7.56,6.21,9.2,6.38,5.81,5.37,8.33,10.43],
[7.33,6.35,5.88,8.51,7.45,4.88,5.79,7.11,8.6],
[4.65,12.7,0.46,2.67,1.43,0.25,14.36,1.98,0.1],
[0.56,0.55,0.61,34.94,18.24,0.28,12.4,30.03,4.18],
[0.33,0.3,14.8,0.83,0.18,27.68,6.23,21,1.2],
[6.52,6.66,1.66,2.55,10.49,9.37,5.88,11.42,23.32],
[1.57,26.57,1.86,14.42,23.74,7.07,0.97,0.24,14.91],
[0.79,0.22,4.93,7.57,1.64,16.65,5.18,0.09,21.85],
[10.32,4.93,0.38,12.85,11.61,8.76,8.92,12.82,2.72],
[0.79,0.77,7.8,13.15,6.89,15.33,7.54,17.17,2.85],
[13.3,3.51,7.44,1.17,4.25,12.57,4.16,12.63,13.38],
[2.72,11.41,4.73,6.97,11.64,7,5.03,6.31,15.01],
[2,8.94,2.34,7.91,9.21,12.12,2.34,2.23,12.67],
[10.01,3.9,5.11,9.42,10.17,11.57,7.62,11.98,3.91],
[8.83,2.23,5.28,8.49,6.36,11.53,6.39,13.65,8.87],
[10.13,7.42,5.96,4.84,7.94,10.67,4.44,8.25,11.11],
[2.89,7.02,4.99,7.12,7.62,9.18,4.12,4.17,13.38],
[10.35,3.83,3.97,7.42,8.92,9.63,7.07,11.78,7.08],
[8.69,5.4,5.48,8.67,8.29,9.59,5.39,10.18,8.53],
[7.36,5.34,5.68,6.18,5.95,10.74,4.05,6.39,11.16],
[9.07,5.98,4.68,7.57,9.58,8.9,5.97,9.26,7.35],
[6.89,4.24,5.85,8.7,6.68,10.52,4.8,8.33,9.15],
[7.5,4.96,5.38,7.59,8.27,9.43,5.37,8.19,8.01],
[26.35,29.88,1.84,16.19,23.39,3.38,0.61,2.08,7.45],
[0.97,4.09,10.26,0.04,30.11,8.28,14.42,1.48,1.71],
[32.56,0.79,11.76,0.25,3.13,0.61,0,11.81,1.92],
[7.8,25.21,8.16,6.41,25.99,0.65,1.34,5.78,0],
[0.08,27.16,1.14,13.21,6.52,12.1,3.33,4.59,3],
[0.05,0.05,0.77,26.79,6.27,9.95,8.2,11.57,27.98],
[10.12,11.67,5.24,9.1,17.9,12.44,8.22,1.27,5.23],
[11.65,2.02,7.56,1.22,11.74,3.08,4.81,7.7,3.12],
[15.2,8.91,6.98,6.48,10.79,0.62,4.02,7.51,1.17],
[3.04,17.65,8.11,6.91,12.33,4.25,12.58,10.37,2.85],
[1.39,9.1,2.26,13.36,4.44,11.74,7.53,5.77,10.33],
[12.61,7.25,6.34,5.52,12.08,10.18,5.55,5.34,3.85],
[10.77,6.78,6.27,7.4,12.57,2.04,6.04,9.59,3.48],
[9.14,10.81,7.44,6.68,8.17,2.84,7.59,8.59,2.1],
[3.59,10.71,5.04,9.68,9.5,8.09,9.24,8.92,7.7],
[11.46,9.11,5.7,7.78,12.45,7.73,5.25,8.31,3.62],
[7.84,8.73,7.22,7.99,10.32,3.21,7.5,8.39,3.03],
[7.38,7.78,5.43,8.6,7.24,6.73,6.67,8.1,5.8],
[9.03,10.11,7.4,8.04,10.86,7.51,7.38,7.35,3.27],
[6.46,6.8,5.73,9.44,9.28,6.31,6.82,7.85,5.52],
[7.69,8.28,6.28,9.2,10.06,8.31,6.78,7.06,5.3],
[8.9,31.28,4.09,5.71,6.2,12.3,10.08,1.9,0.62],
[4.44,18.18,0,0.78,20.22,8.16,0.26,1.2,0],
[14.15,9.33,2.6,8.49,4.65,0.16,6.99,11.76,8.24],
[7.26,19.47,8.12,28.28,14.47,2.31,0.62,6.41,1.1],
[14.85,8.95,9.16,10.04,1.11,9.72,0.17,9.07,15.79],
[9.77,10.58,0.22,10.86,9.37,4.93,0.95,25.28,0.55],
[4.79,16.63,6.01,2.83,10.01,11.81,4.34,1.43,8.01],
[9.96,9.53,0.88,7.16,8.44,2.81,10.39,5.06,9.07],
[7.46,9.62,5.33,12.47,6.38,2.37,7.29,7.84,3.44],
[11.96,12.02,7.82,13.29,5.27,4.62,9.89,10.57,13.06],
[10.4,10.44,3.22,8.22,6.26,4.94,11.05,12.32,6.38],
[7.87,12.34,4.87,5.47,7.63,8.49,8.42,4.31,7.46],
[9.32,9.63,3.68,10.19,7.98,3.2,6.83,6.82,8.34],
[10.21,9.78,5.51,9.68,4.12,3.38,7.65,8.72,9.98],
[9.26,10.45,4.87,10.61,7.64,4.08,8.48,11.44,12.29],
[8.44,11.69,4.94,8.18,7.74,6.48,6.35,6.89,6.6],
[9.58,9.58,4.11,9.46,5.88,3.67,9.22,7.01,9.67],
[8.72,8.99,3.99,8.87,6.5,3.2,7.98,9.86,11.53],
[8.64,11,5.32,8.22,6.16,6.26,8.68,6.65,8.5],
[8.76,9.03,3.22,8.62,7.33,3.44,8.21,8.27,9.93],
[8.23,10.36,4.45,7.72,6.96,5.76,7.79,7.8,9.53],
[0.38,6.88,3.73,0.02,3.84,1.55,0.05,21.91,2.42],
[1.39,0.66,0.01,17.58,0.01,0.87,3.59,2.95,6.16],
[4.65,26.72,0,0.22,1.9,2.62,21.06,4.38,0.49],
[11.33,1.45,2.12,20.03,2.88,0.22,10.53,11.38,0.12],
[24.57,0.01,2.38,0.52,0.06,19.41,2.27,3.78,0.04],
[25.99,0.26,4.9,1.64,0.05,0.57,2.74,4.9,2.04],
[6.53,15.96,1.52,5.98,7.59,1.97,4.35,9.23,7.22],
[2.02,14.59,0.56,6.82,6.86,2.35,10.36,5.2,7.87],
[5.59,11.84,2.26,10.02,3.06,3.37,10.6,5.45,0.26],
[12.58,3.99,3.45,6.86,1.81,7.68,4.72,7.45,23.43],
[16.9,3.81,3.06,3.77,0.74,8.53,9.3,5.6,2.83],
[6.23,15.12,1.1,4.62,6.16,1.95,7.09,7.52,5.85],
[3.65,15.04,2.86,9.53,4.69,4.98,9.11,6.7,6.41],
[9.13,8.05,2.31,6.68,1.92,5.97,7.33,5.43,17.91],
[13.05,9,3.06,6.98,1.21,7.61,8.09,6.06,15.19],
[6.16,13.34,2.67,6.9,4.91,3.8,6.84,7.97,5.03],
[6.88,10.74,2.44,7.32,3.92,6.4,7.98,5.64,14.24],
[10.77,10.31,2.4,5.91,1.64,5.91,8.81,4.95,14.89],
[7.66,10.48,2.36,5.71,4.03,5.18,6.29,6.83,12.37],
[8.82,10.44,2.61,6.55,3.07,5.71,8.16,5.6,12.41],
[8.81,10.97,2.56,5.43,3.35,4.81,6.92,6.63,11.65],
[12.65,2.81,8.86,7.41,28.73,10.67,0.03,14.1,2.04],
[13.57,21.52,0,1.62,7.88,24.43,0.06,21.52,1.71],
[1.16,15.13,2.04,0,10.13,1.58,0.25,12.55,30.19],
[0.03,0.02,7.68,0.51,1.17,1.94,0,4.56,28.73],
[20.87,4.12,0.04,2.93,0.19,0.36,0.04,19.28,0.15],
[16.94,13.62,0.1,9.33,1.71,6.02,15.74,0.1,0.01],
[9.3,8.23,3.81,3.24,12.21,11.94,1.15,11.9,1.6],
[11.29,13.9,2.35,0.73,6.31,8.69,2.31,12.48,13.51],
[0.64,7.59,4.36,0.18,6.96,1.17,13.67,6.13,20.17],
[12.68,11.63,2.72,1.37,0.47,1.52,1.48,7.95,16.12],
[12.71,6.24,5.29,4.09,0.86,4.72,6.9,6.48,3.43],
[9.51,8.97,3.25,1.98,9.57,7.49,3.99,10.42,10.18],
[9.26,12.37,3.08,0.61,5.84,5.61,8.32,8.41,13.87],
[8.23,10,3.29,0.91,4.67,1.38,8.53,7.64,15.95],
[11.59,10.55,5.17,2.73,0.87,3.22,6.88,4.81,9.93],
[9.2,9.94,3.58,1.51,8.33,5.63,6.38,8.09,11.6],
[10.55,11.3,2.49,1.15,4.68,4.49,6.31,8.77,14.36],
[9.07,9.78,4.18,2.05,3.58,2.53,8.82,5.56,11.49],
[9.94,9.3,3.1,1.72,6.97,4.88,5.13,8.44,13.83],
[10.26,10.57,3.66,2.06,3.85,4.69,6.93,6.86,11.18],
[9.76,9.01,3.83,2.36,5.89,4.88,5.95,6.92,11.46],
[6.66,6.65,2.5,3.86,17.73,0.25,7.8,3.25,0.23],
[5.15,3.05,0.35,18.69,9.12,3.19,12.54,20.05,2.11],
[10.34,6.37,9.38,10.3,12.99,16.7,15.3,15.31,1.02],
[13.51,10.84,9.06,11.54,7.45,6.49,2.95,5.76,14.73],
[2.51,15.53,3.46,13.71,14.15,10.62,1.16,0.16,12.97],
[2.74,3.17,3.75,5.82,7.52,8.94,2.66,8.85,11.38],
[6.75,3.88,1.46,10.94,11.45,6.87,8.39,11.96,1.75],
[6.32,3.93,4.97,11.68,8.95,13.28,11.78,14.3,1.91],
[10.81,7.27,7.38,8.79,8.19,9.58,9.28,8.7,12.61],
[8.07,11.17,5.15,10.64,8.88,7.41,3.28,4.18,12.62],
[3.05,8.75,4.13,8.97,8.89,8.56,1.64,3.75,9.75],
[7.75,4.14,3.73,9.55,10.41,9.54,9.32,11.45,2.68],
[8.08,5.73,5.62,10.3,7.52,10.23,8.94,10.46,8.57],
[10.25,8.62,5.6,9.24,8.81,9.52,6.36,6.46,11.13],
[5.82,8.22,5.57,8.53,7.47,7.06,2.8,4.9,10.97],
[8.21,5.51,4.55,9.04,8.93,8.15,8.05,9.81,6.53],
[8.86,7.03,5.09,10.14,8.11,9.45,6.97,8.51,8.61],
[8,7.29,6.05,8.08,7.8,8.57,5.11,6.39,10.17],
[8.28,6.56,4.41,9.4,9.15,8.12,6.64,8.05,6.98],
[7.48,6.49,6.13,9.09,7.48,8.91,5.86,8.08,8.42],
[7.19,6.29,5.55,8.53,8.43,7.81,5.78,7.69,7.09],
[13.29,15.4,0.92,8.19,12.69,3.02,11.95,1.35,5.61],
[1.51,2.09,5.58,22.57,16.61,4.69,8.96,16.56,5.71],
[19.75,1.06,8.91,0.42,1.7,16.13,4.17,11.37,3.09],
[4.79,12.61,4.09,8.67,13.31,5.04,2.94,6.05,15.73],
[0.86,17.91,2.97,9.22,11.88,6.61,4.06,2.52,7.48],
[0.7,0.25,2.5,13.41,3.13,9.15,4.58,8.44,16.73],
[7.83,7.49,3.29,12.48,11.75,10.08,8.41,7.82,4.6],
[8.65,1.88,7.27,9.3,8.98,9.7,5.31,11.25,4.68],
[14.4,5.52,6.51,4.73,7.66,8.49,3.29,8.91,8.58],
[2.65,13.41,5.61,7.61,10.24,4.84,7.57,6.6,9.83],
[1.9,7.7,2.26,9.55,7.78,7.53,5.86,5.3,11.43],
[9.91,5.1,6.49,8.14,9.34,10.35,6.31,7.74,4.39],
[11.14,4.65,5.81,8.63,9.28,7.48,4.58,9.85,7.06],
[9.39,8.73,5.81,6.46,7.8,7.17,5.92,7.18,7.28],
[3.55,8.45,4.41,8.22,9.16,5.98,6.05,6.24,11.08],
[10.63,6.19,5.47,7.82,9.31,8.48,5.53,8.21,6.16],
[8.86,6.95,5.93,9.05,8.91,6.66,5.94,8.24,6.61],
[7.42,6.39,4.84,7.14,7.19,7.28,5.21,6.8,9.27],
[8.88,7.7,6.23,8.28,9.02,7.83,6.4,7.07,6.02],
[7.16,5.51,5.32,9.06,8.44,7.11,5.37,7.71,8.17],
[7.5,6.38,5.96,8.43,8.81,7.71,5.84,6.9,7.39],
[13.29,20.39,2.12,8.19,11.7,6.16,5.48,1.33,3.95],
[2.22,9.1,6.95,0.66,17.1,5.48,11.07,2.68,1.12],
[16.83,4.94,5.89,6.8,7.73,0.3,4.68,7.86,4.12],
[5.02,15.01,5.43,14.15,14.05,2.79,1.91,4.07,0.77],
[9.24,13.68,4.71,7.82,6.88,7.32,1.83,4.81,7.94],
[6.06,6.58,0.39,13.73,5.32,14.59,4.24,13.16,16.4],
[8.4,12.84,4.89,6.32,12.04,10.77,6.75,1.71,4.96],
[8.32,5.8,5.14,5.45,10.15,2.32,7.96,7.16,6.25],
[10.07,8.46,5.43,8.39,8.72,2.09,7.15,6.02,2.12],
[7.23,11.51,7.46,8.8,8.42,4.73,10.06,9.01,9.1],
[6.53,8.42,2.37,8.76,5.16,10.62,6.71,8.09,9.82],
[9.46,10,4.84,6.11,9.47,7.99,7.19,5.99,5.29],
[8.51,7.57,5.28,7.59,9.87,2.89,7.28,8.74,5.79],
[8.96,8.73,6.14,7.22,7.24,3.25,7.82,7.6,7.22],
[6.03,9.19,4.86,9.09,6.95,7.35,7.65,8.96,10.46],
[8.81,10.01,4.71,7.25,9.44,6.33,6.47,8.94,4.96],
[7.89,8.01,5.73,7.29,8.44,3.46,8.19,7.94,7.03],
[7.65,7.68,4.61,7.91,6.6,5.87,6.93,7.96,9.15],
[8.3,9.82,5.55,6.99,8.44,6.33,7.79,7.89,6.28],
[7.21,7.35,4.62,8.16,7.64,5.64,7.26,8.14,8.21],
[7.62,9.08,4.78,7.71,7.86,7.22,7,8.17,7.49],
[7.41,15.66,7.81,3.59,9.94,12.14,7.25,11.57,1.21],
[2.23,14.87,0,14.71,13.17,4.24,1.92,1.51,4.14],
[17.94,13.51,1.71,4.89,2.39,1.42,10.61,5.98,4.48],
[18.44,17.48,4.06,16.34,7.26,2.16,9.13,6.16,1.04],
[13.55,5.75,4.58,5.51,0.61,10.26,2.04,4.67,10.05],
[13.22,6.12,4.11,11.14,5.82,2.55,1.38,12.7,2.43],
[5,13.57,4.74,7.34,9.36,8.73,4.56,5.78,7.47],
[8.66,12.64,0.77,8.78,6.93,2.36,7.01,4.04,7.18],
[14.69,12.4,3.4,8.54,3.86,2.71,7.98,5.53,2.54],
[12.79,9.37,5.31,8.74,3.17,5.07,6.91,7.49,15.14],
[10.79,8.03,4.35,6.67,4.3,6.25,10.13,8.1,4.99],
[7.66,12.11,3.49,6.72,6.82,5.96,6.24,5.46,6.29],
[10.48,12.61,2.68,9.63,6.29,3.39,6.81,5.54,6.73],
[12.58,9.27,3.86,6.73,2.58,4.31,7.18,6.18,11.52],
[11.38,9.72,4.4,8.26,5.03,5.05,8.62,7.88,12.27],
[9.1,12.12,3.73,8.01,6.41,5.21,6.28,6.17,5.58],
[10.24,10.55,3,8.02,4.7,4.53,7.64,5.42,10.15],
[11.58,9.61,3.65,6.94,4.29,4.14,8.23,6.82,11.49],
[9.16,10.55,3.9,7.15,5.15,5.62,7.11,5.91,9.25],
[9.93,10.11,3.09,7.9,5.36,4.17,7.62,6.17,9.92],
[9.1,10.28,3.76,7.22,5.58,5.25,7.13,6.44,9.77],
[7.23,9.39,4.56,4.69,14.71,5.44,0.08,12.29,1.49],
[12.88,12.27,0,9.24,5.46,19.94,2.74,11,7.41],
[2.33,14.49,1.34,0.14,10.94,4.16,15.74,6.34,23.02],
[7.99,1.09,9.23,11.57,3.92,1.01,7.15,5.82,18.02],
[15.2,2.6,1.82,3.12,0.1,11.41,1.34,9.68,0.17],
[14.63,10.51,2.87,4.71,0.98,5.63,7.94,2.87,1.43],
[8.18,11.27,2.85,5.59,8.33,10.25,3.21,9.49,4.89],
[7.52,11.33,1.68,4.14,6.96,9.67,7.52,8.48,12.18],
[4.13,10.3,4.24,6.28,6.07,2.48,11.12,4.88,16.58],
[9.74,7.61,4.87,5.92,1.81,5.06,3.4,6.69,17.02],
[13.27,5.33,3.36,3.38,0.75,7.78,6.49,5.25,2.79],
[7.28,10.67,2.38,3.78,8.06,7.45,6.05,9.28,9.01],
[6.99,12.19,3.52,6.24,5.7,6.74,8.57,6.98,12.29],
[6.77,8.88,3.53,4.86,4.14,4.4,7.77,5.94,17.5],
[11.62,9.35,4.41,5.18,1.47,5.63,6.34,4.91,11],
[7.32,10.69,3.46,5.41,6.82,5.89,6.62,8.31,9.83],
[7.9,9.86,2.99,5.23,4.7,7,7.33,6.92,14.39],
[9.36,9.49,3.46,4.42,3.21,4.86,8.01,4.84,13.15],
[7.93,9.31,3.1,4.82,5.83,6.28,5.89,7.92,13.1],
[9.38,9.76,3.26,4.8,3.84,6.71,7.28,5.87,11.75],
[8.9,9.48,3.25,4.53,4.93,6.17,6.2,6.95,11.43],
[9.58,10.42,3,10.01,15.08,2.05,7.97,2.18,3.84],
[3.53,2.5,3.95,15.14,11.76,3.93,8.87,16.34,3.99],
[15.37,4.26,8.42,7.63,8.66,14.37,10.21,12.29,2.07],
[12.99,10.63,6.58,9.74,9.09,5.14,1.97,4.03,14.9],
[2.07,12.4,5.19,12.99,9.7,7.64,4.29,2.07,8.94],
[2.67,2.81,2.74,9.06,9.28,6.28,3.08,8.63,11.17],
[6.11,6.28,3.05,11.9,11.59,7.82,7.27,9.15,3.36],
[8.22,3.19,6.09,10,8.84,9.84,9.07,12.37,3.42],
[12.89,7.66,6.46,8.13,8.02,8.45,7.06,7.6,9.63],
[6.76,12.59,5.44,10.07,8.83,5.56,5.81,5.08,10.78],
[3.09,8.11,3.65,9.46,8.19,6.2,4.43,4.68,9.15],
[8.08,5.17,5.13,9.66,9.76,8.96,7.99,9.22,3.36],
[9.67,6.6,5.73,10,8.32,7.8,6.97,9.3,7.23],
[9.59,9.25,5.77,8.74,8.02,7.63,6.67,6.58,8.57],
[5.51,8.94,4.77,8.99,8.53,5.35,4.59,5.78,10.01],
[9.03,6.93,5.26,9.48,9.18,7.6,6.71,8.18,6.07],
[8.59,7.68,5.7,9.95,8.25,7.25,6.94,8.17,7.09],
[7.67,7.55,5.3,8.25,7.99,6.87,5.62,6.72,8.9],
[8.31,7.76,5.57,9.54,8.91,7.3,6.77,7.23,6.21],
[7.21,6.81,5.66,9.28,8.22,6.85,6,8,7.66],
[7.21,7,5.84,9.06,8.76,6.86,6.02,7.18,6.83],
[8.9,15.19,1.52,5.49,8.52,4.26,8.93,1.3,4.39],
[1.73,6.4,5.58,15.51,13.63,3.75,7.72,11.05,4.98],
[13.18,3.3,6.13,4.61,6.24,12.09,8.84,11.13,3.31],
[4.61,10.26,3.67,10.58,9.98,3.9,2.24,6.15,14.12],
[8.93,12.7,3.71,8.17,8.56,5.83,3.35,3.21,13.42],
[4.04,4.5,1.87,9.23,3.74,10.49,3.07,9.17,11.91],
[7.21,9.51,3.89,9.41,9.78,9.15,7.31,6.23,4.6],
[6.72,4.51,5.51,8.8,8.56,7.88,7.69,9.55,6.24],
[10.86,6.13,5.79,6.52,7.09,6.98,6.12,8.95,8.1],
[6.92,10.06,5.53,8.78,7.95,5.04,7.25,7.24,12.12],
[5.59,8.31,2.39,7.48,6.64,7.69,5.85,6.53,11.41],
[8.23,7.57,5.3,7.25,8.13,9.14,7.33,7.41,5.17],
[9.23,5.73,5.21,8.49,8.23,6.74,6.03,9.3,7.82],
[9.37,7.85,5.39,6.93,6.91,6.51,7.03,7.74,9.59],
[5.61,8.08,4.5,8.17,7.15,6.18,5.82,7.14,11.86],
[8.84,7.6,4.78,7.44,7.96,7.53,6.27,8.71,6.62],
[8.63,7.04,5.17,8.46,7.8,6.19,7.07,8.03,8.63],
[7.68,6.81,4.57,7.02,6.49,6.95,6.09,7.59,10.76],
[8.4,8.14,5.17,7.56,7.64,7.18,7,7.54,7.51],
[7.56,6.4,4.65,8.3,7.3,6.74,6.21,7.89,9.48],
[7.52,7.48,4.95,7.58,7.38,7.33,6.3,7.67,8.45],
[9.26,13.85,5.41,5.47,9.81,8.51,5.84,9.89,4.52],
[1.49,10.51,5.15,12.18,11.97,3.65,7.42,1.95,2.87],
[15.04,9.17,3.93,5.87,5.36,1.5,7.1,5.69,3.03],
[12.3,13.06,3.75,11.01,9.73,3.39,9.91,5.8,1.07],
[9.24,9.13,3.15,5.23,5.45,10.96,1.91,3.42,7.06],
[8.82,5.64,2.76,10.69,4.03,11.3,4.74,8.78,10.95],
[7.15,12.47,5.09,8.1,10.99,8.65,5.68,5.41,5.89],
[7.16,9.06,3.91,8.6,8.03,2.33,6.67,5.85,5.56],
[12.44,9.77,4.01,7.25,6.48,2.95,7.86,5.57,1.96],
[9.23,9.95,5.79,7.02,6.53,6.38,8.49,7.69,11.71],
[7.93,7,3.45,7.36,4.4,9.65,7.55,6.33,8.16],
[8.88,10.44,4.37,7.02,8.47,6.2,5.94,6.46,5.29],
[8.73,10,4.21,8.76,7.85,3.43,7.1,7.49,5.32],
[10.64,8.85,4.75,6.07,5.63,4.87,7.36,6.47,9.09],
[8.42,8.99,4.45,7.7,5.61,7.15,8,7.29,10.94],
[9.15,10.48,4.28,7.52,8.16,5.43,6.4,7.86,4.88],
[8.61,9.16,4.53,7.48,6.85,4.75,7.31,6.7,8.07],
[9.57,8.46,4.05,6.85,5.28,5.9,7.33,6.5,9.7],
[8.79,9.75,4.68,6.77,7.31,6.02,6.9,7.02,7.49],
[8.2,8.57,4.02,8.01,6.21,5.7,7.1,6.77,8.5],
[8.42,9.32,4.23,7.34,6.81,6.48,6.71,7.07,8.12],
[7.26,11.66,5.72,8.24,11.82,8.9,5.78,8.31,1.02],
[8.59,13.49,0,11.46,9.73,13.47,2.17,8.45,7.17],
[13.27,10.07,3.04,3.49,7.31,3.38,10.67,9.4,15.51],
[17.82,14.57,6.61,11.02,5.29,1.6,9.17,4.38,12.14],
[12.28,8.19,3.08,4.32,0.6,7.68,1.81,11.51,7.02],
[10.36,8.42,3.62,8.04,6.25,4.16,6.01,8.6,2.43],
[6.8,10.89,4.49,8.47,9.53,10.24,4.27,7.23,5.97],
[9.44,10.2,1.73,6.94,7.31,7.24,5.88,8.44,9.86],
[13.33,11.2,4.15,6.28,6.06,2.47,8.99,6,12.21],
[12.91,10.3,4.86,6.59,2.56,3.98,5.47,8.01,14.18],
[9.98,7.55,4.32,5.55,3.92,5.81,7.79,8.76,4.21],
[7.99,9.7,3.69,6.7,8.09,7.7,5.65,8.01,8.17],
[10.88,11.26,3.07,7.43,6.6,5.26,7.11,7.06,10.12],
[11.84,9.46,4,5.18,4.06,3.76,7.49,7.71,13.57],
[11.34,9.75,4.6,6.55,4.34,4.27,7.48,7.47,10.25],
[9.43,10.6,4.03,7.14,7.61,5.99,6.42,7.43,8.49],
[10.43,9.9,3.08,6.34,5.03,5.49,7.25,7.72,11.39],
[11.02,9.17,3.98,5.59,4.73,3.87,7.85,7.42,11.17],
[9.39,9.66,4.03,6.36,6.25,5.97,6.64,7.76,10.65],
[10.06,9.46,3.37,6.35,5.29,5.19,7.2,7.46,10],
[9.26,9.33,3.97,6.35,6.15,5.72,6.7,7.53,10.04],
[7.32,11.41,2.51,7.61,11.44,3.22,6.77,2.29,3.51],
[3.9,6.88,4.71,11.64,10.37,3.77,7.29,12.47,4.13],
[11.71,6.66,6.32,7.3,8.47,12.91,10.19,10.66,2.6],
[9.88,10.38,6.65,13.08,7.91,3.98,1.68,4.72,15.9],
[9.72,10.17,4.49,10.22,8.3,7.89,4.21,2.48,11.34],
[3.85,4.35,2.45,7.11,7.26,7.88,2.33,10.76,9.01],
[6.06,8.14,3.42,9.76,9.7,7.81,6.66,7.93,3.64],
[7.19,6.22,5.21,9.24,8.49,9.01,10.01,10.29,4.92],
[10.33,7.67,5.98,9.06,7.28,7.53,7.86,7.46,9.77],
[8.71,10.22,5.5,10.38,7.35,5.79,6.13,5.85,12.18],
[6.03,8.34,3.37,7.74,7.03,7.17,4.83,6.2,9.21],
[7.24,7.36,4.53,8.47,8.73,8.74,8.38,8.52,4.2],
[8.5,7.21,5.28,9.82,7.76,7.43,7.55,8.56,7.96],
[9.55,8.51,5.35,8.77,7.16,7.46,7.24,6.81,10.21],
[6.7,8.44,4.93,8.72,7.04,5.97,4.78,6.89,10.66],
[7.93,7.91,4.74,9.02,8.14,7.32,7.01,8.36,6.6],
[8.66,7.78,5.11,9.4,7.5,7.17,7.65,7.64,8.55],
[7.89,7.62,5,7.97,7.04,7.15,6.14,7.33,10.14],
[8.11,8.14,4.87,8.85,7.85,7.28,7.2,7.33,7.37],
[7.65,7.33,5.04,8.68,7.31,7.02,6.55,7.88,8.74],
[7.35,7.79,5.07,8.32,7.63,7.11,6.35,7.55,7.77],
[6.95,11.42,4.59,4.12,7.55,6.4,7.35,7.42,5.62],
[1.33,8.86,4.92,16.46,11.24,2.82,5.89,9.38,4.44],
[11.94,7.27,4.67,4.66,5.09,9.13,8.19,8.35,2.58],
[12.03,10.49,2.83,9.79,7.62,3.54,7.48,5.95,12.82],
[8.13,9.79,2.79,6.37,6.57,8.32,2.68,2.57,13.4],
[6.86,4.52,4.28,8.29,3.33,8.73,3.57,6.9,9.03],
[6.53,9.88,4.68,9.16,9.39,7.78,6.16,7.48,5.31],
[5.93,7.33,4.44,9.41,7.29,6.46,6.41,8.08,5.34],
[12.68,8.09,4.57,6.42,5.74,5.86,7.05,7.29,7.09],
[8.96,9.02,4.67,7.35,6.31,5.68,6.79,6.33,13.45],
[6.98,7.54,3.34,6.57,5.55,7.59,6.41,5.54,10.02],
[7.98,8.43,4.84,7.23,7.59,7.62,6.32,7.41,5.07],
[9.22,8.06,4.36,8.85,6.99,6.06,6.27,8.11,7.15],
[10.82,8.02,4.46,6.08,5.62,6.28,6.89,6.48,10.56],
[8.03,8.15,4.3,7.26,5.91,6.17,6.52,6.15,11.92],
[9.1,8.53,4.42,7.39,7.2,6.58,6.26,7.91,6.46],
[9.13,8.1,4.34,7.99,6.62,6.22,6.66,6.97,9.07],
[9.43,7.54,4.21,6.39,5.43,6.48,6.53,6.35,10.86],
[8.82,8.42,4.59,7.02,6.81,6.63,6.5,6.92,8.21],
[8.38,7.55,4.18,7.89,6.19,6.39,6.28,6.85,9.43],
[8.25,8.01,4.46,7.12,6.56,6.69,6.22,6.9,8.77],
[10.28,12.35,4.35,7.24,13.3,6.82,5.58,7.55,3.39],
[6.78,10.19,4.1,11.37,10.59,12.48,5.65,8.53,5.41],
[11.68,7.57,3.69,5.03,6.93,3.56,8.07,7.47,12],
[13.73,11.39,6.79,8.41,8.49,2.55,11.46,4.38,9.15],
[9.86,8.67,2.37,4.92,4.89,9.84,1.62,8.66,5.71],
[7.91,6.74,2.82,9.23,4.69,8.98,6.05,6.62,8.22],
[7.92,10.53,4.73,8.89,10.78,10.13,5.02,7.16,5.36],
[8.39,7.95,3.66,7.85,7.79,7.13,6.14,9.01,8.05],
[11.53,9.39,4.68,5.97,7.19,3,8.7,5.43,9.65],
[10.51,10.52,5.52,5.93,5.99,5.53,7.37,7.66,11.89],
[7.96,6.86,3.66,6.34,4.49,8.4,6.17,7.04,6.9],
[8.88,8.95,4.1,7.26,8.92,7.89,5.55,8.53,6.88],
[9.38,9.39,4.42,7.58,7.76,5.54,7.26,8.07,8.31],
[10.37,9.03,4.77,5.25,6.03,4.75,7.52,7.12,11.43],
[9.11,9.17,4.63,6.48,5.47,6.13,7.39,6.84,10.08],
[9.44,9.56,4.46,7.17,8.54,6.36,6.53,8.54,7.15],
[9.07,8.95,4.39,6.64,6.78,6.18,7.07,8.06,9.57],
[9.49,8.36,4.23,5.83,5.55,5.44,7.26,6.69,10.35],
[9.13,9.23,4.66,6.5,7.59,6.68,6.6,8.27,8.89],
[8.65,8.37,4.07,6.87,6.21,6.46,6.84,7.48,9.1],
[8.72,8.75,4.29,6.7,6.99,6.77,6.45,7.79,8.76],
[6.24,9.15,4.2,6.19,11.1,5.36,6.03,6.28,4.99],
[3.13,9.92,4.61,13.43,9.02,3.03,6.09,11.75,3.73],
[11.79,7.97,5.05,6.25,6.83,10.35,10.37,8.64,2.2],
[12.78,11.65,5.33,11.15,6.37,3.47,6.2,4.77,15.9],
[8.37,8.51,3.7,8.18,7,8.48,3.39,2.16,11.21],
[6.89,4.12,4.98,7,5.89,7.05,3,8.67,7.27],
[5.68,8.96,4.12,9.26,9.46,7.12,5.99,8.37,4.41],
[6.82,8.26,4.52,9.31,7.52,7.64,8.6,9.35,4.41],
[11.68,8.98,4.96,7.91,6.01,6.35,8.18,6.5,9.08],
[9.98,9.42,4.79,8.91,6.17,5.69,6.2,5.37,13.26],
[7.3,7.71,3.95,7.12,6.02,7.06,5.37,5.4,8.4],
[7.28,8.15,4.39,7.91,8.2,7.75,7.36,8.18,4.32],
[8.74,8.77,4.57,9.38,6.83,6.66,7.45,7.99,7.59],
[10.81,8.44,4.59,7.63,6.01,6.72,7.07,6.02,10.94],
[8.56,8.44,4.78,7.9,5.98,5.86,5.58,6.02,10.95],
[8.3,8.59,4.41,8.3,7.49,6.66,6.87,7.78,6.7],
[9.21,8.48,4.46,8.73,6.58,6.77,7.23,7.04,8.99],
[9.49,8.08,4.64,7.2,5.96,6.59,6.51,6.34,10.37],
[8.56,8.35,4.46,8.02,7.15,6.76,6.78,6.88,8.09],
[8.53,8.12,4.58,8.21,6.36,6.58,6.54,7.08,8.87],
[8.08,8.17,4.64,7.7,6.9,6.63,6.29,6.95,8.24],
[8.35,10.33,3.8,5.83,11.36,5.45,6.35,6.04,4.58],
[6.15,8.54,4.34,13.92,9.77,10.65,4.84,11.16,5.43],
[9.73,6.23,4.79,4.39,5.94,8.13,8,10.69,10.75],
[14.65,10.1,5.49,8.17,6.89,2.89,9.19,4.91,14.27],
[9.61,10.23,2.27,5.49,5.54,7.87,2.18,7.08,11.95],
[6.38,5.43,4.55,7.46,4.3,7.53,5.01,5.52,7.3],
[7.29,8.77,4.47,9.05,9.72,9.31,5.44,8.16,5.01],
[7.37,6.72,4.15,8.34,7.24,8.95,5.84,10.14,7.67],
[12.13,8.14,4.92,5.72,6.44,5.06,7.94,7.47,11.46],
[11.03,9.67,4.77,6.38,5.65,5.01,6.32,6.85,13.21],
[7.27,7.33,3.59,5.9,5.29,7,5.62,6.19,8.76],
[8.14,7.55,4.53,7.15,8.23,8.41,5.92,8.91,6.45],
[9.67,7.94,4.49,7.8,7.05,6.9,6.61,8.62,9.16],
[10.93,8.32,4.5,5.43,5.94,5.64,7.12,7.58,12.35],
[9.02,8.39,4.45,6.34,5.62,5.47,6.42,6.06,10.91],
[9.37,8.13,4.56,7.06,7.74,6.87,6.4,8.54,7.88],
[9.48,8.1,4.28,7.07,6.55,6.81,6.61,8.19,10.31],
[9.57,7.6,4.33,5.65,5.62,5.81,6.7,6.81,11.16],
[9.18,8.22,4.61,6.62,7.17,6.83,6.34,8.07,9.26],
[8.75,7.53,4.18,6.92,6.14,6.71,6.28,7.48,9.82],
[8.58,7.75,4.47,6.57,6.75,6.74,6.14,7.56,9.17],
[7.22,8.61,3.7,6.62,12.45,4.68,5.51,5.38,4.3],
[6.1,9,4.36,11.97,8.23,9.01,5.35,11.9,4.56],
[10.22,7.32,4.81,5.47,8.01,8.95,10.64,9.88,8.97],
[13.9,11.91,6.39,9.36,5.87,3,8.16,4.11,15.47],
[10.38,9.53,3.21,7.54,6.33,7.73,2.83,5.9,10.18],
[6.22,5.27,5.53,6.39,5.73,6.29,4.19,7.34,6.11],
[6.43,8.16,4.03,9,9.55,8.27,5.53,8.58,4.34],
[7.62,7.54,4.23,8.32,7.5,9.02,7.83,10.16,6.54],
[11.36,8.91,5.17,6.85,6.66,5.52,8.71,6.61,11.75],
[11.55,9.9,4.81,7.85,5.72,5.03,6.08,5.96,12.56],
[7.67,7.5,4.08,6.45,5.69,6.48,4.93,6.24,7.56],
[7.52,7.51,4.17,7.53,8.61,8.08,6.87,9,5.59],
[9.21,8.51,4.67,8.26,6.9,7,7.56,8.11,9.04],
[11.09,8.65,4.63,6.77,6.23,5.96,7.24,6.87,11.93],
[9.41,8.67,4.8,7.02,5.66,5.22,5.76,6.12,10.05],
[8.67,8.22,4.52,7.66,7.9,6.68,6.9,8.12,7.75],
[9.6,8.42,4.43,7.8,6.52,6.9,7.11,7.76,9.88],
[9.74,8.06,4.68,6.44,6,5.87,6.64,6.78,10.46],
[8.98,8.21,4.5,7.43,7.4,6.68,6.62,7.65,8.87],
[8.88,8,4.53,7.33,6.25,6.6,6.52,7.49,9.19],
[8.46,7.92,4.62,7.1,7.01,6.49,6.23,7.42,8.57]]
[[0,0,0,0,0,0,0,0,0],
[0,0,0,0,0,0,0,0,0],
[0,0,0,0,0,0,0,0,0],
[0,0,0,0,0,0,0,0,0],
[0,0,0,0,0,0,0,0,0],
[0,0,0,0,0,0,0,0,0],
[0.02,0.01,0.02,0.02,0,0.04,0.01,0.01,0],
[0,0.02,0,0.02,0,0.04,0,0.01,0],
[0.01,0,0.02,0.01,0,0,0.02,0,0.02],
[0.02,0,0.04,0.01,0,0.02,0,0,0],
[0,0.01,0,0,0,0,0.02,0,0.08],
[0.01,0.01,0.01,0.01,0,0.03,0.01,0,0],
[0.01,0.01,0.01,0.01,0.01,0.03,0.01,0.01,0.02],
[0.02,0,0.02,0,0,0.01,0.02,0,0.02],
[0.01,0.01,0.04,0,0,0.02,0.01,0,0.04],
[0.01,0.01,0.01,0.01,0.01,0.02,0.01,0.01,0.02],
[0.03,0.01,0.02,0.01,0.01,0.02,0.02,0.01,0.03],
[0.02,0.01,0.03,0,0,0.02,0.02,0,0.03],
[0.02,0.01,0.02,0.01,0,0.02,0.01,0.01,0.03],
[0.03,0.01,0.02,0.01,0.01,0.02,0.01,0.01,0.03],
[0.02,0.01,0.03,0.01,0.01,0.02,0.01,0.01,0.03],
[0,0,0,0,0,0,0,0,0],
[0,0,0,0,0,0,0,0,0],
[0,0,0,0,0,0,0,0,0],
[0,0,0,0,0,0,0,0,0],
[0,0,0,0,0,0,0,0,0],
[0,0,0,0,0,0,0,0,0],
[0,0.02,0.02,0,0.02,0,0.01,0,0],
[0,0,0.04,0,0.01,0,0.01,0,0],
[0,0,0.02,0,0.02,0.02,0,0,0.04],
[0,0,0,0.02,0.02,0.01,0,0,0.02],
[0.02,0.02,0.02,0.08,0,0.04,0.01,0.02,0],
[0,0.01,0.02,0,0.01,0,0,0,0],
[0,0,0.02,0,0.02,0.01,0,0.01,0.03],
[0.01,0,0.02,0.02,0.01,0.02,0,0,0.02],
[0.02,0.01,0.01,0.04,0.01,0.02,0,0.02,0.02],
[0,0.01,0.02,0,0.02,0.01,0,0.01,0.02],
[0.01,0,0.02,0.02,0.02,0.02,0,0.01,0.02],
[0.03,0.01,0.02,0.03,0.01,0.02,0,0.02,0.02],
[0.01,0.01,0.02,0.02,0.01,0.02,0,0.01,0.02],
[0.03,0.01,0.02,0.02,0.01,0.02,0,0.01,0.02],
[0.03,0.01,0.01,0.02,0.01,0.02,0,0.01,0.01],
[0,0,0,0,0,0,0,0,0],
[0,0,0,0,0,0,0,0,0],
[0,0,0,0,0,0,0,0,0],
[0,0,0,0,0,0,0,0,0],
[0,0,0,0,0,0,0,0,0],
[0,0,0,0,0,0,0,0,0],
[0.04,0.02,0.01,0.02,0.04,0.04,0.04,0,0.01],
[0.04,0,0.01,0.08,0.02,0.01,0.02,0.01,0],
[0,0.01,0.02,0,0,0,0.02,0,0],
[0,0.01,0.02,0.02,0.02,0.01,0,0,0.02],
[0,0,0.01,0,0,0.02,0.02,0.02,0.02],
[0.03,0.01,0,0.04,0.02,0.02,0.02,0.01,0.01],
[0.03,0,0.01,0.04,0.01,0,0.01,0,0],
[0,0,0.01,0.02,0.01,0,0.01,0,0.01],
[0,0,0.01,0.01,0.01,0.01,0.01,0.01,0.01],
[0.02,0.01,0.01,0.03,0.02,0.02,0.02,0.01,0.01],
[0.02,0,0.01,0.03,0.01,0,0.01,0,0.01],
[0,0,0.01,0.02,0.01,0.01,0.01,0.01,0.01],
[0.02,0.01,0.01,0.03,0.02,0.02,0.02,0.01,0.01],
[0.02,0,0.01,0.03,0.01,0.01,0.01,0.01,0.01],
[0.02,0.01,0.01,0.02,0.01,0.01,0.02,0.01,0.01],
[0,0,0,0,0,0,0,0,0],
[0,0,0,0,0,0,0,0,0],
[0,0,0,0,0,0,0,0,0],
[0,0,0,0,0,0,0,0,0],
[0,0,0,0,0,0,0,0,0],
[0,0,0,0,0,0,0,0,0],
[0,0.02,0.08,0.02,0.01,0.04,0.04,0.02,0.02],
[0.01,0.01,0.02,0,0.01,0.08,0,0,0.02],
[0,0.01,0.01,0,0.02,0.04,0,0.04,0],
[0.02,0.02,0.04,0.01,0.02,0.02,0.02,0.02,0],
[0.02,0,0,0,0,0.02,0.04,0.01,0.01],
[0.01,0.01,0.04,0.02,0,0.04,0.04,0.01,0.01],
[0,0,0.01,0,0.01,0.04,0,0.03,0.01],
[0.01,0.01,0.02,0.01,0.01,0.02,0.02,0.02,0],
[0.01,0.01,0.02,0,0.02,0.01,0.02,0.01,0.01],
[0.01,0.01,0.03,0.02,0.01,0.03,0.03,0.02,0.01],
[0.01,0.01,0.03,0.01,0.01,0.03,0.02,0.02,0.01],
[0.01,0.01,0.02,0.01,0.02,0.02,0.02,0.02,0.01],
[0.01,0.01,0.03,0.01,0.01,0.03,0.03,0.02,0.01],
[0.01,0.01,0.03,0.01,0.01,0.03,0.02,0.02,0.01],
[0.01,0.01,0.03,0.01,0.01,0.02,0.03,0.01,0.01],
[0,0,0,0,0,0,0,0,0],
[0,0,0,0,0,0,0,0,0],
[0,0,0,0,0,0,0,0,0],
[0,0,0,0,0,0,0,0,0],
[0,0,0,0,0,0,0,0,0],
[0,0,0,0,0,0,0,0,0],
[0.01,0.02,0,0.02,0.02,0,0,0.04,0],
[0,0.02,0.02,0,0.01,0.02,0.02,0,0.01],
[0.01,0.04,0.01,0,0,0,0.02,0.02,0],
[0.04,0.02,0.01,0,0,0.02,0,0,0],
[0,0.02,0.02,0.08,0,0,0.08,0.04,0],
[0,0.01,0.01,0.02,0.01,0.01,0.02,0.04,0],
[0,0.02,0.02,0,0,0.02,0.01,0.01,0.01],
[0.02,0.02,0,0,0,0.01,0.02,0.02,0],
[0.02,0.01,0.01,0.04,0,0.02,0.04,0.02,0],
[0,0.02,0.02,0.02,0.01,0.02,0.02,0.03,0.01],
[0.02,0.02,0.02,0.01,0.01,0.02,0.02,0.02,0.01],
[0.02,0.02,0.01,0.03,0,0.02,0.03,0.02,0],
[0.02,0.02,0.01,0.02,0.01,0.01,0.02,0.03,0.01],
[0.01,0.02,0.02,0.02,0.01,0.02,0.03,0.02,0.01],
[0.01,0.02,0.02,0.03,0.01,0.01,0.03,0.03,0.01],
[0,0,0,0,0,0,0,0,0],
[0,0,0,0,0,0,0,0,0],
[0,0,0,0,0,0,0,0,0],
[0,0,0,0,0,0,0,0,0],
[0,0,0,0,0,0,0,0,0],
[0,0,0,0,0,0,0,0,0],
[0.04,0,0.02,0.04,0.02,0.02,0,0,0],
[0,0.08,0.02,0.04,0.08,0.02,0,0.02,0.02],
[0,0.02,0,0.02,0.04,0.04,0,0.02,0],
[0,0,0,0,0.02,0,0,0.04,0.01],
[0.02,0,0,0.04,0,0.04,0.02,0,0.01],
[0.02,0.04,0.01,0.03,0.04,0.04,0,0.01,0.01],
[0,0.04,0.01,0.02,0.04,0.02,0,0.04,0.01],
[0,0.02,0,0.02,0.02,0.04,0,0.02,0],
[0.01,0,0,0.02,0.02,0.02,0.01,0.03,0],
[0.02,0.03,0.01,0.02,0.03,0.03,0,0.03,0.01],
[0,0.03,0.02,0.02,0.03,0.03,0,0.03,0.01],
[0.01,0.02,0,0.02,0.02,0.03,0.02,0.02,0],
[0.02,0.02,0.01,0.02,0.03,0.03,0,0.02,0.01],
[0.01,0.02,0.02,0.02,0.03,0.03,0.02,0.02,0.01],
[0.02,0.02,0.01,0.02,0.03,0.03,0.01,0.02,0.01],
[0,0,0,0,0,0,0,0,0],
[0,0,0,0,0,0,0,0,0],
[0,0,0,0,0,0,0,0,0],
[0,0,0,0,0,0,0,0,0],
[0,0,0,0,0,0,0,0,0],
[0,0,0,0,0,0,0,0,0],
[0.02,0.02,0,0,0,0.01,0.02,0,0],
[0,0,0.02,0,0,0,0,0.02,0],
[0.02,0.02,0,0,0,0.02,0,0.04,0.02],
[0,0,0.01,0,0.02,0.02,0,0.04,0],
[0.01,0.04,0,0.01,0,0,0.04,0,0.01],
[0.02,0.01,0.01,0,0,0,0.01,0.01,0],
[0.01,0.01,0.01,0,0,0.01,0,0.02,0.01],
[0.01,0.02,0,0,0.01,0.01,0,0.03,0.01],
[0,0.02,0.01,0,0.01,0.01,0.03,0.04,0],
[0.02,0.01,0.01,0,0,0.02,0.02,0.02,0.01],
[0.01,0.02,0.02,0,0.01,0.01,0,0.02,0.01],
[0.01,0.02,0.01,0.01,0.01,0.01,0.02,0.03,0.01],
[0.01,0.02,0.02,0,0.01,0.01,0.02,0.02,0.01],
[0.01,0.02,0.02,0.01,0.01,0.01,0.02,0.03,0.01],
[0.01,0.02,0.03,0.01,0.01,0.01,0.02,0.02,0.01],
[0.02,0.01,0.02,0.01,0,0.04,0.01,0,0.04],
[0.08,0.02,0.02,0,0.04,0,0.01,0.01,0.08],
[0.04,0,0,0.02,0,0.04,0,0,0.04],
[0,0,0,0,0.02,0.01,0.01,0,0.02],
[0.02,0,0.04,0,0,0.02,0.02,0,0],
[0.04,0,0.02,0.04,0,0,0.01,0.02,0.08],
[0.04,0.01,0.01,0.01,0.02,0.02,0,0,0.04],
[0.04,0.01,0.02,0.01,0.02,0.02,0.01,0.01,0.04],
[0.02,0,0.02,0.01,0.01,0.02,0.01,0.01,0.02],
[0.01,0,0.02,0.01,0.01,0.01,0.01,0.01,0.02],
[0.03,0.01,0.03,0.03,0,0.02,0.01,0.01,0.04],
[0.03,0.01,0.02,0.01,0.01,0.02,0.01,0,0.04],
[0.03,0.01,0.01,0.01,0.01,0.02,0.01,0.01,0.03],
[0.01,0,0.02,0.01,0.01,0.02,0.01,0.01,0.02],
[0.02,0.01,0.03,0.02,0.01,0.02,0.01,0.01,0.03],
[0.02,0.01,0.01,0.01,0.01,0.02,0.01,0.01,0.03],
[0.02,0.01,0.02,0.01,0.01,0.02,0.01,0.01,0.03],
[0.02,0.01,0.02,0.02,0.01,0.02,0.01,0.01,0.03],
[0.02,0.01,0.02,0.01,0.01,0.02,0.01,0.01,0.03],
[0.02,0.01,0.02,0.02,0.01,0.02,0.01,0.01,0.03],
[0.02,0.01,0.02,0.01,0.01,0.02,0.01,0.01,0.03],
[0.04,0.02,0,0,0.04,0,0.02,0.02,0],
[0,0.02,0,0.04,0.02,0.04,0.02,0.01,0.02],
[0.04,0.02,0,0,0.01,0.02,0.01,0,0.04],
[0.02,0,0,0,0.04,0,0,0.02,0],
[0.01,0.02,0.02,0,0,0,0,0,0],
[0,0,0.01,0.04,0,0,0,0,0.04],
[0.02,0.01,0.01,0.02,0.02,0.02,0.02,0.01,0.01],
[0.02,0.01,0.02,0.03,0.01,0.02,0.01,0.01,0.02],
[0.02,0.01,0.02,0.01,0.02,0.01,0.01,0.01,0.02],
[0.01,0.01,0.01,0.02,0.02,0,0,0.01,0.01],
[0.01,0.01,0.01,0.03,0,0.02,0.01,0.02,0.02],
[0.02,0.01,0.01,0.02,0.01,0.02,0.01,0.01,0.01],
[0.02,0.01,0.01,0.02,0.02,0.01,0.01,0.01,0.02],
[0.02,0.01,0.01,0.02,0.01,0.01,0.01,0.01,0.02],
[0.01,0.01,0.01,0.02,0.01,0.01,0.01,0.02,0.02],
[0.02,0.01,0.01,0.01,0.02,0.02,0.01,0.01,0.02],
[0.02,0.01,0.01,0.02,0.01,0.02,0.01,0.01,0.02],
[0.02,0.01,0.01,0.02,0.01,0.01,0.01,0.02,0.02],
[0.02,0.01,0.01,0.02,0.02,0.02,0.01,0.01,0.01],
[0.02,0.01,0.01,0.02,0.01,0.02,0.01,0.01,0.02],
[0.02,0.01,0.01,0.02,0.01,0.02,0.01,0.01,0.02],
[0.02,0,0.02,0.02,0.02,0.04,0.08,0.02,0.02],
[0.02,0,0,0.02,0.02,0.04,0.02,0,0.01],
[0,0.01,0,0,0.01,0.02,0,0.02,0],
[0,0.01,0,0,0,0,0.02,0,0],
[0.02,0.02,0.02,0,0,0,0,0.01,0.01],
[0,0.02,0.02,0,0,0,0,0.02,0.02],
[0.02,0.01,0.03,0.01,0.02,0.03,0.03,0.01,0.01],
[0.02,0,0.01,0.03,0.01,0.03,0.02,0.01,0.01],
[0,0,0.01,0.01,0.01,0.02,0.02,0.02,0],
[0.01,0.01,0.03,0.01,0.02,0.01,0.01,0.01,0.01],
[0.01,0.01,0.02,0,0,0.01,0.02,0.01,0.01],
[0.02,0.01,0.02,0.03,0.01,0.03,0.03,0.01,0.01],
[0.01,0,0.01,0.02,0.01,0.02,0.02,0.01,0.01],
[0.01,0.01,0.02,0.01,0.01,0.01,0.02,0.01,0.01],
[0.01,0.01,0.02,0.01,0.01,0.01,0.02,0.01,0.01],
[0.01,0.01,0.02,0.02,0.01,0.02,0.02,0.01,0.01],
[0.01,0.01,0.02,0.02,0.01,0.02,0.02,0.01,0.01],
[0.01,0.01,0.02,0.01,0.01,0.01,0.02,0.01,0.01],
[0.01,0.01,0.02,0.02,0.01,0.02,0.02,0.01,0.01],
[0.01,0.01,0.02,0.02,0.01,0.02,0.02,0.01,0.01],
[0.01,0.01,0.02,0.02,0.01,0.02,0.02,0.01,0.01],
[0.02,0,0,0,0,0.01,0.08,0.02,0.02],
[0,0,0.08,0,0,0,0,0,0],
[0.01,0,0,0,0,0,0.04,0,0],
[0,0,0,0,0.02,0.04,0,0,0],
[0,0,0.02,0.04,0,0.01,0.04,0.02,0],
[0.02,0.04,0.04,0,0,0,0.08,0.02,0.01],
[0.01,0.01,0.04,0.01,0.01,0.02,0.03,0.03,0.01],
[0,0.01,0.03,0,0,0.03,0.02,0,0.01],
[0,0.02,0,0,0.01,0.02,0.02,0.02,0],
[0.02,0.02,0.02,0.02,0.02,0.02,0.02,0.01,0],
[0.02,0.02,0.03,0.03,0,0.01,0.04,0.02,0],
[0.01,0.01,0.02,0.02,0.01,0.02,0.03,0.03,0.01],
[0,0.01,0.02,0,0.01,0.03,0.01,0.02,0.01],
[0.02,0.01,0.01,0.01,0.01,0.01,0.02,0.02,0],
[0.02,0.02,0.02,0.02,0.01,0.02,0.03,0.01,0.01],
[0.01,0.01,0.02,0.02,0.01,0.02,0.02,0.02,0.01],
[0.01,0.01,0.02,0.01,0.01,0.02,0.01,0.02,0.01],
[0.01,0.02,0.02,0.02,0.01,0.02,0.03,0.02,0.01],
[0.01,0.01,0.02,0.02,0.01,0.02,0.02,0.02,0.01],
[0.01,0.01,0.02,0.01,0.01,0.02,0.02,0.02,0.01],
[0.01,0.01,0.02,0.02,0.01,0.02,0.02,0.02,0.01],
[0,0,0,0.04,0,0.02,0.02,0.04,0],
[0,0.04,0.08,0.02,0.04,0,0.02,0,0],
[0,0.04,0,0,0.02,0.04,0,0.02,0],
[0.02,0.02,0.01,0.02,0,0,0.01,0.02,0],
[0,0,0,0.08,0.02,0.02,0.02,0.02,0.01],
[0.02,0.02,0.04,0.04,0.04,0,0.08,0,0],
[0.02,0.02,0.03,0.02,0.02,0.02,0.02,0.03,0],
[0,0.03,0.03,0.02,0.03,0.02,0.01,0.01,0.01],
[0.01,0.02,0,0.01,0.02,0.03,0.01,0.03,0],
[0.02,0.02,0.01,0.03,0.01,0.01,0.01,0.02,0.01],
[0.02,0.02,0.02,0.04,0.02,0.02,0.04,0.02,0],
[0.01,0.02,0.02,0.02,0.02,0.02,0.02,0.02,0.01],
[0.01,0.03,0.02,0.02,0.02,0.02,0.01,0.02,0.01],
[0.01,0.02,0,0.02,0.01,0.02,0.01,0.02,0],
[0.02,0.02,0.01,0.03,0.02,0.02,0.02,0.02,0],
[0.01,0.02,0.01,0.02,0.02,0.02,0.01,0.02,0.01],
[0.01,0.02,0.01,0.02,0.02,0.02,0.01,0.02,0.01],
[0.01,0.02,0.01,0.02,0.02,0.02,0.02,0.02,0],
[0.01,0.02,0.01,0.02,0.01,0.02,0.01,0.02,0.01],
[0.01,0.02,0.02,0.02,0.02,0.02,0.02,0.02,0.01],
[0.01,0.02,0.01,0.02,0.02,0.02,0.02,0.02,0.01],
[0,0,0.02,0.02,0,0,0.01,0,0.02],
[0,0.04,0.08,0,0.02,0,0,0,0.02],
[0,0,0,0.04,0.02,0.02,0,0,0],
[0.02,0,0,0,0,0.04,0.02,0.08,0.01],
[0.02,0,0.02,0,0.04,0.02,0.02,0.02,0],
[0.01,0.01,0.04,0,0.04,0,0,0.04,0],
[0.02,0.02,0.04,0.02,0.01,0.01,0.01,0,0.02],
[0,0.03,0.03,0.02,0.03,0.01,0,0.02,0.02],
[0.01,0.02,0,0.02,0.02,0.02,0.01,0.03,0.01],
[0.01,0.01,0.01,0,0.02,0.03,0.01,0.03,0],
[0.01,0.02,0.02,0.02,0.03,0.02,0.03,0.02,0],
[0.02,0.02,0.02,0.02,0.02,0.02,0.01,0.01,0.01],
[0.01,0.02,0.02,0.01,0.02,0.01,0,0.03,0.01],
[0.01,0.02,0,0.01,0.02,0.03,0.01,0.02,0.01],
[0.01,0.01,0.01,0.01,0.02,0.02,0.03,0.03,0],
[0.02,0.02,0.02,0.02,0.01,0.02,0.01,0.02,0.01],
[0.01,0.02,0.01,0.01,0.02,0.02,0.01,0.02,0.01],
[0.01,0.02,0.01,0.01,0.02,0.02,0.02,0.02,0.01],
[0.02,0.02,0.02,0.01,0.02,0.02,0.01,0.02,0.01],
[0.01,0.02,0.02,0.01,0.02,0.02,0.02,0.02,0.01],
[0.01,0.02,0.02,0.01,0.02,0.02,0.02,0.02,0.01],
[0.02,0.01,0.01,0,0.03,0.03,0.01,0.01,0.03],
[0.05,0.01,0.01,0.03,0.02,0.03,0.01,0,0.04],
[0.03,0.01,0,0.02,0.01,0.02,0.01,0,0.03],
[0.01,0,0,0,0.02,0,0.01,0.01,0.01],
[0.02,0.01,0.02,0,0,0.01,0.02,0,0],
[0.02,0,0.02,0.03,0,0,0,0.02,0.04],
[0.03,0.01,0.01,0.01,0.02,0.02,0.01,0.01,0.03],
[0.03,0.01,0.01,0.02,0.01,0.02,0.01,0.01,0.03],
[0.02,0.01,0.01,0.01,0.01,0.01,0.01,0.01,0.02],
[0.01,0.01,0.02,0.01,0.01,0.01,0.01,0.01,0.02],
[0.02,0.01,0.02,0.02,0,0.02,0.01,0.01,0.03],
[0.03,0.01,0.01,0.02,0.02,0.02,0.01,0.01,0.03],
[0.02,0.01,0.01,0.02,0.02,0.02,0.01,0.01,0.02],
[0.02,0.01,0.02,0.02,0.01,0.01,0.01,0.01,0.02],
[0.02,0.01,0.02,0.02,0.01,0.02,0.01,0.01,0.02],
[0.02,0.01,0.01,0.01,0.02,0.02,0.01,0.01,0.02],
[0.02,0.01,0.01,0.02,0.01,0.02,0.01,0.01,0.02],
[0.02,0.01,0.02,0.02,0.01,0.02,0.01,0.01,0.02],
[0.02,0.01,0.01,0.01,0.01,0.02,0.01,0.01,0.02],
[0.02,0.01,0.02,0.02,0.01,0.02,0.01,0.01,0.02],
[0.02,0.01,0.01,0.02,0.01,0.02,0.01,0.01,0.02],
[0.02,0.01,0.01,0.01,0.02,0.03,0.04,0.01,0.01],
[0.01,0.01,0,0.02,0.01,0.03,0.01,0.01,0.01],
[0.03,0.01,0,0,0,0.04,0.01,0.02,0.03],
[0.01,0,0,0,0.04,0,0.01,0.01,0],
[0.01,0.01,0.04,0,0,0,0,0.01,0],
[0,0.01,0.01,0.03,0,0,0,0.01,0.02],
[0.02,0.01,0.02,0.02,0.01,0.02,0.02,0.01,0.01],
[0.02,0.01,0.01,0.02,0.01,0.03,0.01,0.01,0.02],
[0.02,0.01,0.01,0.01,0.02,0.02,0.01,0.02,0.02],
[0.01,0.01,0.02,0.01,0.02,0.01,0.01,0.01,0.01],
[0.01,0.01,0.02,0.02,0,0.02,0.01,0.01,0.01],
[0.02,0.01,0.02,0.02,0.01,0.03,0.02,0.01,0.02],
[0.02,0.01,0.01,0.01,0.02,0.02,0.01,0.02,0.02],
[0.01,0.01,0.02,0.02,0.01,0.01,0.01,0.01,0.01],
[0.01,0.01,0.02,0.02,0.01,0.01,0.01,0.02,0.01],
[0.02,0.01,0.02,0.01,0.02,0.02,0.02,0.02,0.02],
[0.02,0.01,0.02,0.02,0.01,0.02,0.01,0.02,0.01],
[0.01,0.01,0.01,0.02,0.01,0.02,0.01,0.02,0.02],
[0.02,0.01,0.02,0.02,0.01,0.02,0.01,0.01,0.01],
[0.02,0.01,0.02,0.02,0.01,0.02,0.01,0.01,0.01],
[0.02,0.01,0.02,0.02,0.01,0.02,0.01,0.01,0.01],
[0.01,0,0.01,0.01,0.02,0.02,0.05,0.04,0.01],
[0.01,0,0.04,0.01,0.01,0.02,0.01,0,0],
[0,0.01,0,0,0,0.01,0.02,0.01,0],
[0,0.01,0,0,0.01,0.02,0.01,0,0],
[0.02,0.01,0.01,0.03,0,0,0.03,0.01,0],
[0.01,0.02,0.02,0,0,0,0.04,0.01,0.01],
[0.01,0.01,0.03,0.01,0.01,0.02,0.03,0.02,0.01],
[0.01,0.01,0.02,0.02,0.01,0.02,0.02,0.01,0.01],
[0,0.01,0.01,0,0.01,0.01,0.02,0.02,0],
[0.02,0.01,0.02,0.01,0.01,0.01,0.02,0.01,0.01],
[0.02,0.01,0.02,0.02,0,0.01,0.03,0.01,0.01],
[0.01,0.01,0.02,0.02,0.01,0.02,0.02,0.02,0.01],
[0.01,0.01,0.02,0.01,0.01,0.02,0.01,0.01,0.01],
[0.01,0.01,0.01,0.01,0.01,0.01,0.02,0.01,0.01],
[0.01,0.01,0.02,0.02,0.01,0.01,0.02,0.01,0.01],
[0.01,0.01,0.02,0.02,0.01,0.02,0.02,0.02,0.01],
[0.01,0.01,0.02,0.02,0.01,0.02,0.02,0.01,0.01],
[0.01,0.01,0.01,0.02,0.01,0.01,0.02,0.01,0.01],
[0.01,0.01,0.02,0.02,0.01,0.02,0.02,0.02,0.01],
[0.01,0.01,0.02,0.02,0.01,0.01,0.02,0.01,0.01],
[0.01,0.01,0.02,0.02,0.01,0.02,0.02,0.02,0.01],
[0.02,0,0.01,0.03,0,0.01,0.04,0.02,0.01],
[0,0.03,0.05,0.01,0.03,0.01,0.01,0,0],
[0,0.02,0,0,0.01,0.04,0.03,0.01,0],
[0.01,0.01,0,0.01,0.02,0.02,0,0.01,0],
[0,0,0.01,0.04,0.01,0.01,0.02,0.01,0],
[0.01,0.02,0.03,0.02,0.03,0,0.05,0.01,0],
[0.01,0.02,0.03,0.02,0.01,0.02,0.02,0.02,0.01],
[0,0.02,0.02,0.01,0.02,0.03,0.02,0.01,0.01],
[0.01,0.01,0,0.01,0.02,0.03,0.01,0.03,0],
[0.02,0.01,0.01,0.02,0.01,0.01,0.01,0.01,0.01],
[0.02,0.01,0.02,0.03,0.02,0.02,0.03,0.01,0],
[0.01,0.02,0.02,0.02,0.01,0.02,0.02,0.02,0.01],
[0.01,0.02,0.02,0.01,0.02,0.03,0.01,0.02,0.01],
[0.01,0.01,0.01,0.02,0.01,0.02,0.02,0.02,0],
[0.01,0.01,0.02,0.02,0.02,0.02,0.02,0.02,0.01],
[0.01,0.02,0.02,0.02,0.01,0.02,0.02,0.02,0.01],
[0.01,0.02,0.02,0.02,0.01,0.02,0.01,0.02,0.01],
[0.01,0.01,0.01,0.02,0.01,0.02,0.02,0.02,0],
[0.01,0.01,0.02,0.02,0.01,0.02,0.02,0.02,0.01],
[0.01,0.02,0.02,0.02,0.02,0.02,0.02,0.02,0.01],
[0.01,0.02,0.02,0.02,0.01,0.02,0.02,0.02,0.01],
[0,0,0.01,0.02,0,0.01,0.01,0.03,0.01],
[0,0.03,0.05,0.01,0.02,0,0.01,0,0.01],
[0,0.02,0,0.03,0.01,0.02,0,0.02,0],
[0.01,0.02,0,0.01,0,0.04,0.02,0.04,0.01],
[0.02,0.01,0.01,0.04,0.02,0.01,0.04,0.01,0],
[0.01,0.01,0.03,0.02,0.03,0,0.04,0.04,0],
[0.01,0.02,0.03,0.02,0.01,0.01,0.01,0.02,0.01],
[0,0.02,0.02,0.02,0.02,0.01,0.01,0.01,0.01],
[0.01,0.02,0,0.02,0.01,0.03,0.01,0.03,0.01],
[0.02,0.02,0.01,0.02,0.01,0.02,0.03,0.02,0.01],
[0.01,0.02,0.02,0.03,0.02,0.01,0.03,0.02,0],
[0.01,0.02,0.02,0.02,0.01,0.01,0.01,0.02,0.01],
[0.01,0.02,0.02,0.02,0.01,0.02,0.01,0.02,0.01],
[0.01,0.02,0,0.02,0.01,0.02,0.02,0.02,0.01],
[0.01,0.02,0.01,0.02,0.02,0.02,0.03,0.03,0],
[0.01,0.02,0.02,0.02,0.01,0.02,0.01,0.02,0.01],
[0.01,0.02,0.01,0.02,0.01,0.02,0.02,0.02,0.01],
[0.01,0.02,0.01,0.02,0.02,0.02,0.02,0.02,0],
[0.01,0.02,0.01,0.02,0.01,0.02,0.02,0.02,0.01],
[0.01,0.02,0.02,0.02,0.02,0.01,0.02,0.02,0.01],
[0.01,0.02,0.02,0.02,0.01,0.02,0.02,0.02,0.01],
[0.02,0.01,0.03,0.01,0.02,0.03,0.03,0.01,0.02],
[0.04,0.01,0.01,0.02,0.02,0.02,0.01,0.01,0.03],
[0.02,0.01,0,0.02,0.01,0.03,0.02,0.02,0.02],
[0.01,0.01,0,0,0.03,0.01,0.01,0.01,0.01],
[0.02,0.01,0.03,0,0,0.01,0.02,0.01,0.01],
[0.02,0.01,0.02,0.02,0,0,0.01,0.02,0.03],
[0.02,0.01,0.02,0.01,0.02,0.02,0.02,0.01,0.02],
[0.03,0.01,0.01,0.02,0.01,0.03,0.01,0.01,0.02],
[0.01,0.01,0.01,0.01,0.02,0.02,0.01,0.01,0.01],
[0.01,0.01,0.02,0.01,0.02,0.01,0.01,0.01,0.01],
[0.02,0.01,0.02,0.01,0,0.02,0.01,0.01,0.02],
[0.02,0.01,0.02,0.02,0.01,0.03,0.02,0.01,0.02],
[0.02,0.01,0.01,0.01,0.02,0.02,0.01,0.02,0.02],
[0.01,0.01,0.02,0.01,0.01,0.01,0.01,0.01,0.02],
[0.01,0.01,0.02,0.01,0.01,0.01,0.01,0.01,0.02],
[0.02,0.01,0.01,0.01,0.02,0.02,0.01,0.01,0.02],
[0.02,0.01,0.02,0.01,0.01,0.02,0.01,0.01,0.02],
[0.01,0.01,0.02,0.01,0.01,0.02,0.01,0.01,0.02],
[0.02,0.01,0.02,0.01,0.01,0.02,0.01,0.01,0.02],
[0.02,0.01,0.02,0.01,0.01,0.02,0.01,0.01,0.02],
[0.02,0.01,0.02,0.01,0.01,0.02,0.01,0.01,0.02],
[0.02,0.01,0.01,0.01,0.02,0.02,0.04,0.03,0.01],
[0.01,0.01,0.04,0.02,0.01,0.02,0.01,0.01,0.01],
[0.02,0.01,0,0,0,0.03,0.02,0.02,0.02],
[0.01,0.01,0,0,0.03,0.02,0.01,0.01,0],
[0.02,0.01,0.03,0.03,0,0,0.02,0.01,0],
[0.02,0.02,0.02,0.03,0,0,0.03,0.01,0.02],
[0.02,0.01,0.03,0.01,0.01,0.02,0.02,0.02,0.01],
[0.02,0.01,0.02,0.01,0.01,0.03,0.01,0.01,0.01],
[0.01,0.01,0.01,0,0.01,0.02,0.01,0.02,0.01],
[0.01,0.01,0.02,0.02,0.02,0.01,0.01,0.01,0.01],
[0.02,0.01,0.02,0.03,0,0.01,0.02,0.01,0.01],
[0.02,0.01,0.02,0.02,0.01,0.02,0.02,0.02,0.01],
[0.02,0.01,0.02,0.01,0.01,0.02,0.01,0.02,0.01],
[0.01,0.01,0.01,0.02,0.01,0.01,0.01,0.02,0.01],
[0.01,0.01,0.02,0.02,0.01,0.01,0.02,0.02,0.01],
[0.02,0.01,0.02,0.01,0.01,0.02,0.01,0.02,0.01],
[0.02,0.01,0.02,0.02,0.01,0.02,0.01,0.01,0.01],
[0.01,0.01,0.01,0.02,0.01,0.02,0.02,0.02,0.01],
[0.02,0.01,0.02,0.02,0.01,0.02,0.02,0.02,0.01],
[0.02,0.01,0.02,0.02,0.01,0.02,0.01,0.02,0.01],
[0.02,0.01,0.02,0.02,0.01,0.02,0.02,0.02,0.01],
[0.02,0,0.01,0.02,0.02,0.03,0.04,0.03,0.01],
[0.01,0.02,0.04,0.01,0.02,0.02,0.01,0,0.01],
[0,0.02,0,0,0.01,0.03,0.02,0.01,0],
[0.01,0.01,0.01,0.01,0.02,0.02,0.01,0.01,0],
[0.02,0.01,0.01,0.03,0.01,0.01,0.02,0.01,0],
[0.01,0.02,0.02,0.02,0.02,0,0.04,0.01,0.01],
[0.02,0.01,0.03,0.02,0.02,0.02,0.02,0.02,0.01],
[0.01,0.02,0.02,0.02,0.02,0.02,0.02,0.01,0.01],
[0.01,0.01,0.01,0.01,0.01,0.02,0.01,0.02,0],
[0.02,0.01,0.02,0.02,0.01,0.01,0.01,0.01,0.01],
[0.02,0.01,0.02,0.02,0.01,0.01,0.03,0.01,0.01],
[0.01,0.02,0.02,0.02,0.01,0.02,0.02,0.02,0.01],
[0.01,0.01,0.01,0.02,0.02,0.02,0.01,0.02,0.01],
[0.01,0.01,0.01,0.02,0.01,0.02,0.01,0.01,0.01],
[0.01,0.01,0.02,0.02,0.01,0.01,0.02,0.01,0.01],
[0.01,0.01,0.02,0.02,0.01,0.02,0.02,0.02,0.01],
[0.01,0.01,0.02,0.02,0.01,0.02,0.01,0.01,0.01],
[0.01,0.01,0.01,0.02,0.01,0.02,0.02,0.01,0.01],
[0.01,0.01,0.02,0.02,0.01,0.02,0.02,0.02,0.01],
[0.01,0.01,0.02,0.02,0.01,0.02,0.02,0.01,0.01],
[0.01,0.01,0.02,0.02,0.01,0.02,0.02,0.02,0.01],
[0.02,0,0.01,0.02,0,0.01,0.03,0.02,0.01],
[0,0.02,0.05,0.01,0.02,0.01,0.01,0,0.01],
[0.01,0.02,0,0.02,0.01,0.03,0.02,0.02,0],
[0.01,0.02,0,0.01,0.02,0.03,0.02,0.03,0.01],
[0.02,0.01,0.02,0.03,0.02,0.01,0.03,0.01,0],
[0.01,0.02,0.03,0.02,0.02,0,0.04,0.03,0],
[0.01,0.01,0.03,0.01,0.01,0.02,0.02,0.02,0.01],
[0,0.02,0.02,0.02,0.01,0.02,0.02,0.01,0.01],
[0.01,0.01,0,0.01,0.01,0.03,0.02,0.03,0.01],
[0.02,0.02,0.01,0.02,0.02,0.02,0.02,0.02,0.01],
[0.01,0.02,0.02,0.02,0.02,0.01,0.03,0.02,0],
[0.01,0.02,0.02,0.02,0.01,0.02,0.02,0.02,0.01],
[0.01,0.02,0.02,0.02,0.01,0.02,0.02,0.02,0.01],
[0.01,0.02,0.01,0.02,0.01,0.02,0.02,0.02,0.01],
[0.01,0.02,0.02,0.02,0.02,0.02,0.03,0.02,0.01],
[0.01,0.02,0.02,0.02,0.01,0.02,0.02,0.02,0.01],
[0.01,0.02,0.02,0.02,0.01,0.02,0.02,0.02,0.01],
[0.01,0.02,0.01,0.02,0.01,0.02,0.02,0.02,0.01],
[0.01,0.02,0.02,0.02,0.01,0.02,0.02,0.02,0.01],
[0.01,0.02,0.02,0.02,0.01,0.02,0.02,0.02,0.01],
[0.01,0.02,0.02,0.02,0.01,0.02,0.02,0.02,0.01],
[0.02,0.01,0.02,0.01,0.02,0.02,0.03,0.02,0.02],
[0.03,0.01,0.03,0.02,0.02,0.02,0.01,0.01,0.02],
[0.02,0.01,0,0.01,0.01,0.02,0.02,0.02,0.02],
[0.01,0.01,0,0,0.02,0.01,0.01,0.01,0.01],
[0.02,0.01,0.02,0.02,0,0.01,0.02,0.01,0.01],
[0.02,0.01,0.03,0.02,0,0,0.02,0.02,0.03],
[0.02,0.01,0.02,0.01,0.02,0.02,0.02,0.01,0.02],
[0.02,0.01,0.02,0.01,0.01,0.02,0.01,0.01,0.02],
[0.01,0.01,0.01,0.01,0.01,0.02,0.01,0.02,0.01],
[0.02,0.01,0.02,0.01,0.01,0.01,0.01,0.01,0.01],
[0.02,0.01,0.02,0.02,0,0.01,0.02,0.01,0.02],
[0.02,0.01,0.02,0.02,0.01,0.02,0.02,0.01,0.02],
[0.02,0.01,0.01,0.01,0.01,0.02,0.01,0.01,0.02],
[0.01,0.01,0.01,0.01,0.01,0.01,0.01,0.01,0.01],
[0.02,0.01,0.02,0.02,0.01,0.01,0.02,0.01,0.01],
[0.02,0.01,0.02,0.01,0.01,0.02,0.01,0.02,0.02],
[0.02,0.01,0.02,0.01,0.01,0.02,0.01,0.01,0.01],
[0.02,0.01,0.02,0.02,0.01,0.02,0.02,0.01,0.01],
[0.02,0.01,0.02,0.01,0.01,0.02,0.01,0.01,0.01],
[0.02,0.01,0.02,0.02,0.01,0.02,0.01,0.01,0.02],
[0.02,0.01,0.02,0.02,0.01,0.02,0.01,0.01,0.02],
[0.03,0.01,0.01,0.02,0.02,0.03,0.03,0.02,0.01],
[0.01,0.02,0.03,0.02,0.02,0.02,0.01,0.01,0.01],
[0.02,0.02,0,0,0.01,0.03,0.02,0.02,0.02],
[0.01,0.01,0.01,0.01,0.03,0.01,0.01,0.01,0],
[0.01,0.01,0.02,0.03,0.01,0.01,0.02,0.01,0],
[0.01,0.01,0.02,0.03,0.02,0,0.03,0.01,0.01],
[0.02,0.01,0.02,0.02,0.02,0.02,0.02,0.02,0.01],
[0.01,0.02,0.02,0.02,0.01,0.02,0.01,0.01,0.01],
[0.01,0.01,0.01,0.01,0.02,0.02,0.01,0.02,0.01],
[0.01,0.01,0.02,0.02,0.01,0.01,0.01,0.01,0.01],
[0.02,0.01,0.02,0.02,0.01,0.02,0.02,0.01,0.01],
[0.02,0.01,0.02,0.02,0.01,0.02,0.02,0.02,0.01],
[0.01,0.01,0.01,0.01,0.02,0.02,0.01,0.02,0.01],
[0.01,0.01,0.01,0.02,0.01,0.02,0.01,0.02,0.01],
[0.01,0.01,0.02,0.02,0.01,0.01,0.02,0.02,0.01],
[0.02,0.01,0.01,0.02,0.02,0.02,0.01,0.02,0.01],
[0.01,0.01,0.02,0.02,0.01,0.02,0.01,0.02,0.01],
[0.01,0.01,0.01,0.02,0.01,0.02,0.01,0.02,0.01],
[0.02,0.01,0.02,0.02,0.01,0.02,0.01,0.02,0.01],
[0.01,0.01,0.02,0.02,0.01,0.02,0.01,0.02,0.01],
[0.02,0.01,0.02,0.02,0.01,0.02,0.02,0.02,0.01],
[0.02,0,0.01,0.02,0.02,0.02,0.03,0.02,0.01],
[0.01,0.02,0.04,0.01,0.02,0.01,0.01,0,0.01],
[0.01,0.01,0,0.02,0.01,0.02,0.02,0.02,0],
[0.01,0.01,0.01,0.01,0.01,0.03,0.02,0.02,0.01],
[0.02,0.01,0.01,0.02,0.01,0.01,0.02,0.01,0],
[0.01,0.01,0.02,0.01,0.02,0,0.03,0.03,0.01],
[0.02,0.01,0.03,0.01,0.01,0.02,0.02,0.01,0.01],
[0.01,0.01,0.02,0.02,0.01,0.02,0.01,0.01,0.01],
[0.01,0.01,0,0.02,0.01,0.02,0.02,0.02,0],
[0.01,0.01,0.01,0.02,0.01,0.02,0.02,0.01,0.01],
[0.01,0.02,0.02,0.02,0.01,0.01,0.03,0.02,0],
[0.01,0.01,0.02,0.02,0.01,0.02,0.02,0.01,0.01],
[0.01,0.01,0.02,0.02,0.01,0.02,0.01,0.02,0.01],
[0.01,0.01,0.01,0.02,0.01,0.02,0.02,0.02,0.01],
[0.01,0.01,0.02,0.01,0.01,0.01,0.02,0.02,0.01],
[0.01,0.01,0.02,0.02,0.01,0.02,0.02,0.02,0.01],
[0.01,0.01,0.02,0.02,0.01,0.02,0.02,0.02,0.01],
[0.01,0.01,0.01,0.02,0.01,0.02,0.02,0.02,0.01],
[0.01,0.01,0.02,0.02,0.01,0.02,0.02,0.02,0.01],
[0.01,0.01,0.02,0.02,0.01,0.01,0.02,0.02,0.01],
[0.01,0.01,0.02,0.02,0.01,0.02,0.02,0.02,0.01],
[0.02,0.01,0.02,0.01,0.01,0.03,0.02,0.02,0.02],
[0.02,0.02,0.03,0.02,0.02,0.02,0.01,0.01,0.02],
[0.01,0.02,0,0.01,0.01,0.03,0.02,0.02,0.01],
[0.01,0.01,0.01,0.01,0.02,0.01,0.01,0.01,0.01],
[0.01,0.01,0.02,0.02,0.01,0.01,0.02,0.01,0.01],
[0.02,0.01,0.02,0.02,0.01,0,0.02,0.01,0.02],
[0.02,0.01,0.02,0.02,0.02,0.02,0.02,0.01,0.02],
[0.02,0.02,0.02,0.02,0.02,0.02,0.01,0.01,0.02],
[0.01,0.01,0.01,0.01,0.01,0.02,0.01,0.02,0.01],
[0.01,0.01,0.02,0.02,0.01,0.01,0.01,0.01,0.01],
[0.02,0.01,0.02,0.02,0.01,0.02,0.02,0.01,0.01],
[0.02,0.01,0.02,0.02,0.01,0.02,0.01,0.01,0.02],
[0.01,0.01,0.01,0.01,0.02,0.02,0.01,0.02,0.02],
[0.01,0.01,0.01,0.02,0.01,0.02,0.01,0.01,0.01],
[0.01,0.01,0.02,0.02,0.01,0.02,0.01,0.01,0.01],
[0.02,0.01,0.01,0.01,0.02,0.02,0.01,0.02,0.02],
[0.02,0.01,0.02,0.02,0.01,0.02,0.01,0.01,0.01],
[0.01,0.01,0.01,0.02,0.01,0.02,0.01,0.01,0.01],
[0.02,0.01,0.02,0.02,0.01,0.02,0.01,0.01,0.01],
[0.02,0.01,0.02,0.02,0.01,0.02,0.01,0.01,0.01],
[0.02,0.01,0.02,0.02,0.01,0.02,0.01,0.01,0.01],
[0.03,0.01,0.01,0.01,0.01,0.03,0.02,0.02,0.01],
[0.01,0.02,0.04,0.02,0.02,0.01,0.01,0.01,0.01],
[0.01,0.01,0,0.02,0.01,0.03,0.02,0.02,0.01],
[0.01,0.01,0.01,0.01,0.02,0.02,0.01,0.02,0.01],
[0.01,0.01,0.02,0.02,0.01,0.01,0.02,0.01,0],
[0.01,0.01,0.02,0.02,0.01,0,0.02,0.02,0.01],
[0.02,0.01,0.03,0.01,0.01,0.02,0.02,0.01,0.01],
[0.01,0.01,0.02,0.02,0.01,0.02,0.01,0.01,0.01],
[0.01,0.01,0.01,0.01,0.01,0.02,0.01,0.02,0.01],
[0.01,0.01,0.01,0.02,0.01,0.01,0.01,0.02,0.01],
[0.01,0.01,0.02,0.02,0.01,0.01,0.02,0.02,0.01],
[0.02,0.01,0.02,0.02,0.01,0.02,0.02,0.01,0.01],
[0.01,0.01,0.02,0.02,0.01,0.02,0.01,0.02,0.01],
[0.01,0.01,0.01,0.02,0.01,0.02,0.01,0.02,0.01],
[0.01,0.01,0.01,0.02,0.01,0.01,0.02,0.02,0.01],
[0.02,0.01,0.02,0.02,0.01,0.02,0.01,0.02,0.01],
[0.01,0.01,0.02,0.02,0.01,0.02,0.01,0.02,0.01],
[0.01,0.01,0.01,0.02,0.01,0.02,0.02,0.02,0.01],
[0.02,0.01,0.02,0.02,0.01,0.02,0.02,0.02,0.01],
[0.01,0.01,0.02,0.02,0.01,0.02,0.02,0.02,0.01],
[0.02,0.01,0.02,0.02,0.01,0.02,0.02,0.02,0.01],
[0.02,0.01,0.02,0.01,0.01,0.02,0.02,0.02,0.02],
[0.02,0.02,0.03,0.02,0.02,0.01,0.01,0,0.02],
[0.01,0.01,0,0.02,0.01,0.02,0.01,0.02,0.01],
[0.01,0.01,0.01,0.01,0.02,0.02,0.01,0.02,0.01],
[0.02,0.01,0.02,0.02,0.01,0.01,0.02,0.01,0],
[0.01,0.01,0.02,0.02,0.01,0,0.02,0.02,0.02],
[0.02,0.01,0.03,0.01,0.01,0.02,0.01,0.01,0.02],
[0.02,0.01,0.02,0.02,0.01,0.02,0.01,0.01,0.02],
[0.01,0.01,0.01,0.01,0.01,0.02,0.01,0.02,0.01],
[0.01,0.01,0.01,0.01,0.01,0.01,0.02,0.01,0.01],
[0.02,0.01,0.02,0.02,0.01,0.01,0.02,0.02,0.01],
[0.02,0.01,0.02,0.02,0.01,0.02,0.01,0.01,0.02],
[0.01,0.01,0.01,0.02,0.01,0.02,0.01,0.02,0.01],
[0.01,0.01,0.01,0.02,0.01,0.02,0.02,0.01,0.01],
[0.01,0.01,0.02,0.01,0.01,0.02,0.02,0.02,0.01],
[0.02,0.01,0.02,0.02,0.01,0.02,0.01,0.02,0.01],
[0.01,0.01,0.02,0.02,0.01,0.02,0.01,0.01,0.01],
[0.01,0.01,0.01,0.02,0.01,0.02,0.02,0.02,0.01],
[0.02,0.01,0.02,0.02,0.01,0.02,0.01,0.01,0.01],
[0.01,0.01,0.02,0.02,0.01,0.02,0.02,0.02,0.01],
[0.02,0.01,0.02,0.02,0.01,0.02,0.02,0.02,0.01]]
[[0.17,0.14,0.12,0.17,0.12,0.12,0.14,0.12,0.14],
[0.17,0.14,0.12,0.17,0.12,0.12,0.14,0.12,0.14],
[0.17,0.14,0.12,0.17,0.12,0.12,0.14,0.12,0.14],
[0.17,0.14,0.12,0.17,0.12,0.12,0.14,0.12,0.14],
[0.17,0.14,0.12,0.17,0.12,0.12,0.14,0.12,0.14],
[0.17,0.14,0.12,0.17,0.12,0.12,0.14,0.12,0.14],
[0.33,0.29,0.24,0.33,0.24,0.24,0.29,0.24,0.29],
[0.33,0.29,0.24,0.33,0.24,0.24,0.29,0.24,0.29],
[0.33,0.29,0.24,0.33,0.24,0.24,0.29,0.24,0.29],
[0.33,0.29,0.24,0.33,0.24,0.24,0.29,0.24,0.29],
[0.33,0.29,0.24,0.33,0.24,0.24,0.29,0.24,0.29],
[0.5,0.43,0.36,0.5,0.36,0.36,0.43,0.36,0.43],
[0.5,0.43,0.36,0.5,0.36,0.36,0.43,0.36,0.43],
[0.5,0.43,0.36,0.5,0.36,0.36,0.43,0.36,0.43],
[0.5,0.43,0.36,0.5,0.36,0.36,0.43,0.36,0.43],
[0.67,0.57,0.48,0.67,0.48,0.48,0.57,0.48,0.57],
[0.67,0.57,0.48,0.67,0.48,0.48,0.57,0.48,0.57],
[0.67,0.57,0.48,0.67,0.48,0.48,0.57,0.48,0.57],
[0.83,0.71,0.6,0.83,0.6,0.6,0.71,0.6,0.71],
[0.83,0.71,0.6,0.83,0.6,0.6,0.71,0.6,0.71],
[1,0.86,0.71,1,0.71,0.71,0.86,0.71,0.86],
[0.17,0.14,0.12,0.17,0.12,0.12,0.14,0.12,0.14],
[0.17,0.14,0.12,0.17,0.12,0.12,0.14,0.12,0.14],
[0.17,0.14,0.12,0.17,0.12,0.12,0.14,0.12,0.14],
[0.17,0.14,0.12,0.17,0.12,0.12,0.14,0.12,0.14],
[0.17,0.14,0.12,0.17,0.12,0.12,0.14,0.12,0.14],
[0.17,0.14,0.12,0.17,0.12,0.12,0.14,0.12,0.14],
[0.33,0.29,0.24,0.33,0.24,0.24,0.29,0.24,0.29],
[0.33,0.29,0.24,0.33,0.24,0.24,0.29,0.24,0.29],
[0.33,0.29,0.24,0.33,0.24,0.24,0.29,0.24,0.29],
[0.33,0.29,0.24,0.33,0.24,0.24,0.29,0.24,0.29],
[0.33,0.29,0.24,0.33,0.24,0.24,0.29,0.24,0.29],
[0.5,0.43,0.36,0.5,0.36,0.36,0.43,0.36,0.43],
[0.5,0.43,0.36,0.5,0.36,0.36,0.43,0.36,0.43],
[0.5,0.43,0.36,0.5,0.36,0.36,0.43,0.36,0.43],
[0.5,0.43,0.36,0.5,0.36,0.36,0.43,0.36,0.43],
[0.67,0.57,0.48,0.67,0.48,0.48,0.57,0.48,0.57],
[0.67,0.57,0.48,0.67,0.48,0.48,0.57,0.48,0.57],
[0.67,0.57,0.48,0.67,0.48,0.48,0.57,0.48,0.57],
[0.83,0.71,0.6,0.83,0.6,0.6,0.71,0.6,0.71],
[0.83,0.71,0.6,0.83,0.6,0.6,0.71,0.6,0.71],
[1,0.86,0.71,1,0.71,0.71,0.86,0.71,0.86],
[0.17,0.14,0.12,0.17,0.12,0.12,0.14,0.12,0.14],
[0.17,0.14,0.12,0.17,0.12,0.12,0.14,0.12,0.14],
[0.17,0.14,0.12,0.17,0.12,0.12,0.14,0.12,0.14],
[0.17,0.14,0.12,0.17,0.12,0.12,0.14,0.12,0.14],
[0.17,0.14,0.12,0.17,0.12,0.12,0.14,0.12,0.14],
[0.17,0.14,0.12,0.17,0.12,0.12,0.14,0.12,0.14],
[0.33,0.29,0.24,0.33,0.24,0.24,0.29,0.24,0.29],
[0.33,0.29,0.24,0.33,0.24,0.24,0.29,0.24,0.29],
[0.33,0.29,0.24,0.33,0.24,0.24,0.29,0.24,0.29],
[0.33,0.29,0.24,0.33,0.24,0.24,0.29,0.24,0.29],
[0.33,0.29,0.24,0.33,0.24,0.24,0.29,0.24,0.29],
[0.5,0.43,0.36,0.5,0.36,0.36,0.43,0.36,0.43],
[0.5,0.43,0.36,0.5,0.36,0.36,0.43,0.36,0.43],
[0.5,0.43,0.36,0.5,0.36,0.36,0.43,0.36,0.43],
[0.5,0.43,0.36,0.5,0.36,0.36,0.43,0.36,0.43],
[0.67,0.57,0.48,0.67,0.48,0.48,0.57,0.48,0.57],
[0.67,0.57,0.48,0.67,0.48,0.48,0.57,0.48,0.57],
[0.67,0.57,0.48,0.67,0.48,0.48,0.57,0.48,0.57],
[0.83,0.71,0.6,0.83,0.6,0.6,0.71,0.6,0.71],
[0.83,0.71,0.6,0.83,0.6,0.6,0.71,0.6,0.71],
[1,0.86,0.71,1,0.71,0.71,0.86,0.71,0.86],
[0.17,0.14,0.12,0.17,0.12,0.12,0.14,0.12,0.14],
[0.17,0.14,0.12,0.17,0.12,0.12,0.14,0.12,0.14],
[0.17,0.14,0.12,0.17,0.12,0.12,0.14,0.12,0.14],
[0.17,0.14,0.12,0.17,0.12,0.12,0.14,0.12,0.14],
[0.17,0.14,0.12,0.17,0.12,0.12,0.14,0.12,0.14],
[0.17,0.14,0.12,0.17,0.12,0.12,0.14,0.12,0.14],
[0.33,0.29,0.24,0.33,0.24,0.24,0.29,0.24,0.29],
[0.33,0.29,0.24,0.33,0.24,0.24,0.29,0.24,0.29],
[0.33,0.29,0.24,0.33,0.24,0.24,0.29,0.24,0.29],
[0.33,0.29,0.24,0.33,0.24,0.24,0.29,0.24,0.29],
[0.33,0.29,0.24,0.33,0.24,0.24,0.29,0.24,0.29],
[0.5,0.43,0.36,0.5,0.36,0.36,0.43,0.36,0.43],
[0.5,0.43,0.36,0.5,0.36,0.36,0.43,0.36,0.43],
[0.5,0.43,0.36,0.5,0.36,0.36,0.43,0.36,0.43],
[0.5,0.43,0.36,0.5,0.36,0.36,0.43,0.36,0.43],
[0.67,0.57,0.48,0.67,0.48,0.48,0.57,0.48,0.57],
[0.67,0.57,0.48,0.67,0.48,0.48,0.57,0.48,0.57],
[0.67,0.57,0.48,0.67,0.48,0.48,0.57,0.48,0.57],
[0.83,0.71,0.6,0.83,0.6,0.6,0.71,0.6,0.71],
[0.83,0.71,0.6,0.83,0.6,0.6,0.71,0.6,0.71],
[1,0.86,0.71,1,0.71,0.71,0.86,0.71,0.86],
[0.17,0.14,0.12,0.17,0.12,0.12,0.14,0.12,0.14],
[0.17,0.14,0.12,0.17,0.12,0.12,0.14,0.12,0.14],
[0.17,0.14,0.12,0.17,0.12,0.12,0.14,0.12,0.14],
[0.17,0.14,0.12,0.17,0.12,0.12,0.14,0.12,0.14],
[0.17,0.14,0.12,0.17,0.12,0.12,0.14,0.12,0.14],
[0.17,0.14,0.12,0.17,0.12,0.12,0.14,0.12,0.14],
[0.33,0.29,0.24,0.33,0.24,0.24,0.29,0.24,0.29],
[0.33,0.29,0.24,0.33,0.24,0.24,0.29,0.24,0.29],
[0.33,0.29,0.24,0.33,0.24,0.24,0.29,0.24,0.29],
[0.33,0.29,0.24,0.33,0.24,0.24,0.29,0.24,0.29],
[0.33,0.29,0.24,0.33,0.24,0.24,0.29,0.24,0.29],
[0.5,0.43,0.36,0.5,0.36,0.36,0.43,0.36,0.43],
[0.5,0.43,0.36,0.5,0.36,0.36,0.43,0.36,0.43],
[0.5,0.43,0.36,0.5,0.36,0.36,0.43,0.36,0.43],
[0.5,0.43,0.36,0.5,0.36,0.36,0.43,0.36,0.43],
[0.67,0.57,0.48,0.67,0.48,0.48,0.57,0.48,0.57],
[0.67,0.57,0.48,0.67,0.48,0.48,0.57,0.48,0.57],
[0.67,0.57,0.48,0.67,0.48,0.48,0.57,0.48,0.57],
[0.83,0.71,0.6,0.83,0.6,0.6,0.71,0.6,0.71],
[0.83,0.71,0.6,0.83,0.6,0.6,0.71,0.6,0.71],
[1,0.86,0.71,1,0.71,0.71,0.86,0.71,0.86],
[0.17,0.14,0.12,0.17,0.12,0.12,0.14,0.12,0.14],
[0.17,0.14,0.12,0.17,0.12,0.12,0.14,0.12,0.14],
[0.17,0.14,0.12,0.17,0.12,0.12,0.14,0.12,0.14],
[0.17,0.14,0.12,0.17,0.12,0.12,0.14,0.12,0.14],
[0.17,0.14,0.12,0.17,0.12,0.12,0.14,0.12,0.14],
[0.17,0.14,0.12,0.17,0.12,0.12,0.14,0.12,0.14],
[0.33,0.29,0.24,0.33,0.24,0.24,0.29,0.24,0.29],
[0.33,0.29,0.24,0.33,0.24,0.24,0.29,0.24,0.29],
[0.33,0.29,0.24,0.33,0.24,0.24,0.29,0.24,0.29],
[0.33,0.29,0.24,0.33,0.24,0.24,0.29,0.24,0.29],
[0.33,0.29,0.24,0.33,0.24,0.24,0.29,0.24,0.29],
[0.5,0.43,0.36,0.5,0.36,0.36,0.43,0.36,0.43],
[0.5,0.43,0.36,0.5,0.36,0.36,0.43,0.36,0.43],
[0.5,0.43,0.36,0.5,0.36,0.36,0.43,0.36,0.43],
[0.5,0.43,0.36,0.5,0.36,0.36,0.43,0.36,0.43],
[0.67,0.57,0.48,0.67,0.48,0.48,0.57,0.48,0.57],
[0.67,0.57,0.48,0.67,0.48,0.48,0.57,0.48,0.57],
[0.67,0.57,0.48,0.67,0.48,0.48,0.57,0.48,0.57],
[0.83,0.71,0.6,0.83,0.6,0.6,0.71,0.6,0.71],
[0.83,0.71,0.6,0.83,0.6,0.6,0.71,0.6,0.71],
[1,0.86,0.71,1,0.71,0.71,0.86,0.71,0.86],
[0.17,0.14,0.12,0.17,0.12,0.12,0.14,0.12,0.14],
[0.17,0.14,0.12,0.17,0.12,0.12,0.14,0.12,0.14],
[0.17,0.14,0.12,0.17,0.12,0.12,0.14,0.12,0.14],
[0.17,0.14,0.12,0.17,0.12,0.12,0.14,0.12,0.14],
[0.17,0.14,0.12,0.17,0.12,0.12,0.14,0.12,0.14],
[0.17,0.14,0.12,0.17,0.12,0.12,0.14,0.12,0.14],
[0.33,0.29,0.24,0.33,0.24,0.24,0.29,0.24,0.29],
[0.33,0.29,0.24,0.33,0.24,0.24,0.29,0.24,0.29],
[0.33,0.29,0.24,0.33,0.24,0.24,0.29,0.24,0.29],
[0.33,0.29,0.24,0.33,0.24,0.24,0.29,0.24,0.29],
[0.33,0.29,0.24,0.33,0.24,0.24,0.29,0.24,0.29],
[0.5,0.43,0.36,0.5,0.36,0.36,0.43,0.36,0.43],
[0.5,0.43,0.36,0.5,0.36,0.36,0.43,0.36,0.43],
[0.5,0.43,0.36,0.5,0.36,0.36,0.43,0.36,0.43],
[0.5,0.43,0.36,0.5,0.36,0.36,0.43,0.36,0.43],
[0.67,0.57,0.48,0.67,0.48,0.48,0.57,0.48,0.57],
[0.67,0.57,0.48,0.67,0.48,0.48,0.57,0.48,0.57],
[0.67,0.57,0.48,0.67,0.48,0.48,0.57,0.48,0.57],
[0.83,0.71,0.6,0.83,0.6,0.6,0.71,0.6,0.71],
[0.83,0.71,0.6,0.83,0.6,0.6,0.71,0.6,0.71],
[1,0.86,0.71,1,0.71,0.71,0.86,0.71,0.86],
[0.33,0.29,0.24,0.33,0.24,0.24,0.29,0.24,0.29],
[0.33,0.29,0.24,0.33,0.24,0.24,0.29,0.24,0.29],
[0.33,0.29,0.24,0.33,0.24,0.24,0.29,0.24,0.29],
[0.33,0.29,0.24,0.33,0.24,0.24,0.29,0.24,0.29],
[0.33,0.29,0.24,0.33,0.24,0.24,0.29,0.24,0.29],
[0.33,0.29,0.24,0.33,0.24,0.24,0.29,0.24,0.29],
[0.67,0.57,0.48,0.67,0.48,0.48,0.57,0.48,0.57],
[0.67,0.57,0.48,0.67,0.48,0.48,0.57,0.48,0.57],
[0.67,0.57,0.48,0.67,0.48,0.48,0.57,0.48,0.57],
[0.67,0.57,0.48,0.67,0.48,0.48,0.57,0.48,0.57],
[0.67,0.57,0.48,0.67,0.48,0.48,0.57,0.48,0.57],
[1,0.86,0.71,1,0.71,0.71,0.86,0.71,0.86],
[1,0.86,0.71,1,0.71,0.71,0.86,0.71,0.86],
[1,0.86,0.71,1,0.71,0.71,0.86,0.71,0.86],
[1,0.86,0.71,1,0.71,0.71,0.86,0.71,0.86],
[1.33,1.14,0.95,1.33,0.95,0.95,1.14,0.95,1.14],
[1.33,1.14,0.95,1.33,0.95,0.95,1.14,0.95,1.14],
[1.33,1.14,0.95,1.33,0.95,0.95,1.14,0.95,1.14],
[1.67,1.43,1.19,1.67,1.19,1.19,1.43,1.19,1.43],
[1.67,1.43,1.19,1.67,1.19,1.19,1.43,1.19,1.43],
[2,1.71,1.43,2,1.43,1.43,1.71,1.43,1.71],
[0.33,0.29,0.24,0.33,0.24,0.24,0.29,0.24,0.29],
[0.33,0.29,0.24,0.33,0.24,0.24,0.29,0.24,0.29],
[0.33,0.29,0.24,0.33,0.24,0.24,0.29,0.24,0.29],
[0.33,0.29,0.24,0.33,0.24,0.24,0.29,0.24,0.29],
[0.33,0.29,0.24,0.33,0.24,0.24,0.29,0.24,0.29],
[0.33,0.29,0.24,0.33,0.24,0.24,0.29,0.24,0.29],
[0.67,0.57,0.48,0.67,0.48,0.48,0.57,0.48,0.57],
[0.67,0.57,0.48,0.67,0.48,0.48,0.57,0.48,0.57],
[0.67,0.57,0.48,0.67,0.48,0.48,0.57,0.48,0.57],
[0.67,0.57,0.48,0.67,0.48,0.48,0.57,0.48,0.57],
[0.67,0.57,0.48,0.67,0.48,0.48,0.57,0.48,0.57],
[1,0.86,0.71,1,0.71,0.71,0.86,0.71,0.86],
[1,0.86,0.71,1,0.71,0.71,0.86,0.71,0.86],
[1,0.86,0.71,1,0.71,0.71,0.86,0.71,0.86],
[1,0.86,0.71,1,0.71,0.71,0.86,0.71,0.86],
[1.33,1.14,0.95,1.33,0.95,0.95,1.14,0.95,1.14],
[1.33,1.14,0.95,1.33,0.95,0.95,1.14,0.95,1.14],
[1.33,1.14,0.95,1.33,0.95,0.95,1.14,0.95,1.14],
[1.67,1.43,1.19,1.67,1.19,1.19,1.43,1.19,1.43],
[1.67,1.43,1.19,1.67,1.19,1.19,1.43,1.19,1.43],
[2,1.71,1.43,2,1.43,1.43,1.71,1.43,1.71],
[0.33,0.29,0.24,0.33,0.24,0.24,0.29,0.24,0.29],
[0.33,0.29,0.24,0.33,0.24,0.24,0.29,0.24,0.29],
[0.33,0.29,0.24,0.33,0.24,0.24,0.29,0.24,0.29],
[0.33,0.29,0.24,0.33,0.24,0.24,0.29,0.24,0.29],
[0.33,0.29,0.24,0.33,0.24,0.24,0.29,0.24,0.29],
[0.33,0.29,0.24,0.33,0.24,0.24,0.29,0.24,0.29],
[0.67,0.57,0.48,0.67,0.48,0.48,0.57,0.48,0.57],
[0.67,0.57,0.48,0.67,0.48,0.48,0.57,0.48,0.57],
[0.67,0.57,0.48,0.67,0.48,0.48,0.57,0.48,0.57],
[0.67,0.57,0.48,0.67,0.48,0.48,0.57,0.48,0.57],
[0.67,0.57,0.48,0.67,0.48,0.48,0.57,0.48,0.57],
[1,0.86,0.71,1,0.71,0.71,0.86,0.71,0.86],
[1,0.86,0.71,1,0.71,0.71,0.86,0.71,0.86],
[1,0.86,0.71,1,0.71,0.71,0.86,0.71,0.86],
[1,0.86,0.71,1,0.71,0.71,0.86,0.71,0.86],
[1.33,1.14,0.95,1.33,0.95,0.95,1.14,0.95,1.14],
[1.33,1.14,0.95,1.33,0.95,0.95,1.14,0.95,1.14],
[1.33,1.14,0.95,1.33,0.95,0.95,1.14,0.95,1.14],
[1.67,1.43,1.19,1.67,1.19,1.19,1.43,1.19,1.43],
[1.67,1.43,1.19,1.67,1.19,1.19,1.43,1.19,1.43],
[2,1.71,1.43,2,1.43,1.43,1.71,1.43,1.71],
[0.33,0.29,0.24,0.33,0.24,0.24,0.29,0.24,0.29],
[0.33,0.29,0.24,0.33,0.24,0.24,0.29,0.24,0.29],
[0.33,0.29,0.24,0.33,0.24,0.24,0.29,0.24,0.29],
[0.33,0.29,0.24,0.33,0.24,0.24,0.29,0.24,0.29],
[0.33,0.29,0.24,0.33,0.24,0.24,0.29,0.24,0.29],
[0.33,0.29,0.24,0.33,0.24,0.24,0.29,0.24,0.29],
[0.67,0.57,0.48,0.67,0.48,0.48,0.57,0.48,0.57],
[0.67,0.57,0.48,0.67,0.48,0.48,0.57,0.48,0.57],
[0.67,0.57,0.48,0.67,0.48,0.48,0.57,0.48,0.57],
[0.67,0.57,0.48,0.67,0.48,0.48,0.57,0.48,0.57],
[0.67,0.57,0.48,0.67,0.48,0.48,0.57,0.48,0.57],
[1,0.86,0.71,1,0.71,0.71,0.86,0.71,0.86],
[1,0.86,0.71,1,0.71,0.71,0.86,0.71,0.86],
[1,0.86,0.71,1,0.71,0.71,0.86,0.71,0.86],
[1,0.86,0.71,1,0.71,0.71,0.86,0.71,0.86],
[1.33,1.14,0.95,1.33,0.95,0.95,1.14,0.95,1.14],
[1.33,1.14,0.95,1.33,0.95,0.95,1.14,0.95,1.14],
[1.33,1.14,0.95,1.33,0.95,0.95,1.14,0.95,1.14],
[1.67,1.43,1.19,1.67,1.19,1.19,1.43,1.19,1.43],
[1.67,1.43,1.19,1.67,1.19,1.19,1.43,1.19,1.43],
[2,1.71,1.43,2,1.43,1.43,1.71,1.43,1.71],
[0.33,0.29,0.24,0.33,0.24,0.24,0.29,0.24,0.29],
[0.33,0.29,0.24,0.33,0.24,0.24,0.29,0.24,0.29],
[0.33,0.29,0.24,0.33,0.24,0.24,0.29,0.24,0.29],
[0.33,0.29,0.24,0.33,0.24,0.24,0.29,0.24,0.29],
[0.33,0.29,0.24,0.33,0.24,0.24,0.29,0.24,0.29],
[0.33,0.29,0.24,0.33,0.24,0.24,0.29,0.24,0.29],
[0.67,0.57,0.48,0.67,0.48,0.48,0.57,0.48,0.57],
[0.67,0.57,0.48,0.67,0.48,0.48,0.57,0.48,0.57],
[0.67,0.57,0.48,0.67,0.48,0.48,0.57,0.48,0.57],
[0.67,0.57,0.48,0.67,0.48,0.48,0.57,0.48,0.57],
[0.67,0.57,0.48,0.67,0.48,0.48,0.57,0.48,0.57],
[1,0.86,0.71,1,0.71,0.71,0.86,0.71,0.86],
[1,0.86,0.71,1,0.71,0.71,0.86,0.71,0.86],
[1,0.86,0.71,1,0.71,0.71,0.86,0.71,0.86],
[1,0.86,0.71,1,0.71,0.71,0.86,0.71,0.86],
[1.33,1.14,0.95,1.33,0.95,0.95,1.14,0.95,1.14],
[1.33,1.14,0.95,1.33,0.95,0.95,1.14,0.95,1.14],
[1.33,1.14,0.95,1.33,0.95,0.95,1.14,0.95,1.14],
[1.67,1.43,1.19,1.67,1.19,1.19,1.43,1.19,1.43],
[1.67,1.43,1.19,1.67,1.19,1.19,1.43,1.19,1.43],
[2,1.71,1.43,2,1.43,1.43,1.71,1.43,1.71],
[0.33,0.29,0.24,0.33,0.24,0.24,0.29,0.24,0.29],
[0.33,0.29,0.24,0.33,0.24,0.24,0.29,0.24,0.29],
[0.33,0.29,0.24,0.33,0.24,0.24,0.29,0.24,0.29],
[0.33,0.29,0.24,0.33,0.24,0.24,0.29,0.24,0.29],
[0.33,0.29,0.24,0.33,0.24,0.24,0.29,0.24,0.29],
[0.33,0.29,0.24,0.33,0.24,0.24,0.29,0.24,0.29],
[0.67,0.57,0.48,0.67,0.48,0.48,0.57,0.48,0.57],
[0.67,0.57,0.48,0.67,0.48,0.48,0.57,0.48,0.57],
[0.67,0.57,0.48,0.67,0.48,0.48,0.57,0.48,0.57],
[0.67,0.57,0.48,0.67,0.48,0.48,0.57,0.48,0.57],
[0.67,0.57,0.48,0.67,0.48,0.48,0.57,0.48,0.57],
[1,0.86,0.71,1,0.71,0.71,0.86,0.71,0.86],
[1,0.86,0.71,1,0.71,0.71,0.86,0.71,0.86],
[1,0.86,0.71,1,0.71,0.71,0.86,0.71,0.86],
[1,0.86,0.71,1,0.71,0.71,0.86,0.71,0.86],
[1.33,1.14,0.95,1.33,0.95,0.95,1.14,0.95,1.14],
[1.33,1.14,0.95,1.33,0.95,0.95,1.14,0.95,1.14],
[1.33,1.14,0.95,1.33,0.95,0.95,1.14,0.95,1.14],
[1.67,1.43,1.19,1.67,1.19,1.19,1.43,1.19,1.43],
[1.67,1.43,1.19,1.67,1.19,1.19,1.43,1.19,1.43],
[2,1.71,1.43,2,1.43,1.43,1.71,1.43,1.71],
[0.5,0.43,0.36,0.5,0.36,0.36,0.43,0.36,0.43],
[0.5,0.43,0.36,0.5,0.36,0.36,0.43,0.36,0.43],
[0.5,0.43,0.36,0.5,0.36,0.36,0.43,0.36,0.43],
[0.5,0.43,0.36,0.5,0.36,0.36,0.43,0.36,0.43],
[0.5,0.43,0.36,0.5,0.36,0.36,0.43,0.36,0.43],
[0.5,0.43,0.36,0.5,0.36,0.36,0.43,0.36,0.43],
[1,0.86,0.71,1,0.71,0.71,0.86,0.71,0.86],
[1,0.86,0.71,1,0.71,0.71,0.86,0.71,0.86],
[1,0.86,0.71,1,0.71,0.71,0.86,0.71,0.86],
[1,0.86,0.71,1,0.71,0.71,0.86,0.71,0.86],
[1,0.86,0.71,1,0.71,0.71,0.86,0.71,0.86],
[1.5,1.29,1.07,1.5,1.07,1.07,1.29,1.07,1.29],
[1.5,1.29,1.07,1.5,1.07,1.07,1.29,1.07,1.29],
[1.5,1.29,1.07,1.5,1.07,1.07,1.29,1.07,1.29],
[1.5,1.29,1.07,1.5,1.07,1.07,1.29,1.07,1.29],
[2,1.71,1.43,2,1.43,1.43,1.71,1.43,1.71],
[2,1.71,1.43,2,1.43,1.43,1.71,1.43,1.71],
[2,1.71,1.43,2,1.43,1.43,1.71,1.43,1.71],
[2.5,2.14,1.79,2.5,1.79,1.79,2.14,1.79,2.14],
[2.5,2.14,1.79,2.5,1.79,1.79,2.14,1.79,2.14],
[3,2.57,2.14,3,2.14,2.14,2.57,2.14,2.57],
[0.5,0.43,0.36,0.5,0.36,0.36,0.43,0.36,0.43],
[0.5,0.43,0.36,0.5,0.36,0.36,0.43,0.36,0.43],
[0.5,0.43,0.36,0.5,0.36,0.36,0.43,0.36,0.43],
[0.5,0.43,0.36,0.5,0.36,0.36,0.43,0.36,0.43],
[0.5,0.43,0.36,0.5,0.36,0.36,0.43,0.36,0.43],
[0.5,0.43,0.36,0.5,0.36,0.36,0.43,0.36,0.43],
[1,0.86,0.71,1,0.71,0.71,0.86,0.71,0.86],
[1,0.86,0.71,1,0.71,0.71,0.86,0.71,0.86],
[1,0.86,0.71,1,0.71,0.71,0.86,0.71,0.86],
[1,0.86,0.71,1,0.71,0.71,0.86,0.71,0.86],
[1,0.86,0.71,1,0.71,0.71,0.86,0.71,0.86],
[1.5,1.29,1.07,1.5,1.07,1.07,1.29,1.07,1.29],
[1.5,1.29,1.07,1.5,1.07,1.07,1.29,1.07,1.29],
[1.5,1.29,1.07,1.5,1.07,1.07,1.29,1.07,1.29],
[1.5,1.29,1.07,1.5,1.07,1.07,1.29,1.07,1.29],
[2,1.71,1.43,2,1.43,1.43,1.71,1.43,1.71],
[2,1.71,1.43,2,1.43,1.43,1.71,1.43,1.71],
[2,1.71,1.43,2,1.43,1.43,1.71,1.43,1.71],
[2.5,2.14,1.79,2.5,1.79,1.79,2.14,1.79,2.14],
[2.5,2.14,1.79,2.5,1.79,1.79,2.14,1.79,2.14],
[3,2.57,2.14,3,2.14,2.14,2.57,2.14,2.57],
[0.5,0.43,0.36,0.5,0.36,0.36,0.43,0.36,0.43],
[0.5,0.43,0.36,0.5,0.36,0.36,0.43,0.36,0.43],
[0.5,0.43,0.36,0.5,0.36,0.36,0.43,0.36,0.43],
[0.5,0.43,0.36,0.5,0.36,0.36,0.43,0.36,0.43],
[0.5,0.43,0.36,0.5,0.36,0.36,0.43,0.36,0.43],
[0.5,0.43,0.36,0.5,0.36,0.36,0.43,0.36,0.43],
[1,0.86,0.71,1,0.71,0.71,0.86,0.71,0.86],
[1,0.86,0.71,1,0.71,0.71,0.86,0.71,0.86],
[1,0.86,0.71,1,0.71,0.71,0.86,0.71,0.86],
[1,0.86,0.71,1,0.71,0.71,0.86,0.71,0.86],
[1,0.86,0.71,1,0.71,0.71,0.86,0.71,0.86],
[1.5,1.29,1.07,1.5,1.07,1.07,1.29,1.07,1.29],
[1.5,1.29,1.07,1.5,1.07,1.07,1.29,1.07,1.29],
[1.5,1.29,1.07,1.5,1.07,1.07,1.29,1.07,1.29],
[1.5,1.29,1.07,1.5,1.07,1.07,1.29,1.07,1.29],
[2,1.71,1.43,2,1.43,1.43,1.71,1.43,1.71],
[2,1.71,1.43,2,1.43,1.43,1.71,1.43,1.71],
[2,1.71,1.43,2,1.43,1.43,1.71,1.43,1.71],
[2.5,2.14,1.79,2.5,1.79,1.79,2.14,1.79,2.14],
[2.5,2.14,1.79,2.5,1.79,1.79,2.14,1.79,2.14],
[3,2.57,2.14,3,2.14,2.14,2.57,2.14,2.57],
[0.5,0.43,0.36,0.5,0.36,0.36,0.43,0.36,0.43],
[0.5,0.43,0.36,0.5,0.36,0.36,0.43,0.36,0.43],
[0.5,0.43,0.36,0.5,0.36,0.36,0.43,0.36,0.43],
[0.5,0.43,0.36,0.5,0.36,0.36,0.43,0.36,0.43],
[0.5,0.43,0.36,0.5,0.36,0.36,0.43,0.36,0.43],
[0.5,0.43,0.36,0.5,0.36,0.36,0.43,0.36,0.43],
[1,0.86,0.71,1,0.71,0.71,0.86,0.71,0.86],
[1,0.86,0.71,1,0.71,0.71,0.86,0.71,0.86],
[1,0.86,0.71,1,0.71,0.71,0.86,0.71,0.86],
[1,0.86,0.71,1,0.71,0.71,0.86,0.71,0.86],
[1,0.86,0.71,1,0.71,0.71,0.86,0.71,0.86],
[1.5,1.29,1.07,1.5,1.07,1.07,1.29,1.07,1.29],
[1.5,1.29,1.07,1.5,1.07,1.07,1.29,1.07,1.29],
[1.5,1.29,1.07,1.5,1.07,1.07,1.29,1.07,1.29],
[1.5,1.29,1.07,1.5,1.07,1.07,1.29,1.07,1.29],
[2,1.71,1.43,2,1.43,1.43,1.71,1.43,1.71],
[2,1.71,1.43,2,1.43,1.43,1.71,1.43,1.71],
[2,1.71,1.43,2,1.43,1.43,1.71,1.43,1.71],
[2.5,2.14,1.79,2.5,1.79,1.79,2.14,1.79,2.14],
[2.5,2.14,1.79,2.5,1.79,1.79,2.14,1.79,2.14],
[3,2.57,2.14,3,2.14,2.14,2.57,2.14,2.57],
[0.5,0.43,0.36,0.5,0.36,0.36,0.43,0.36,0.43],
[0.5,0.43,0.36,0.5,0.36,0.36,0.43,0.36,0.43],
[0.5,0.43,0.36,0.5,0.36,0.36,0.43,0.36,0.43],
[0.5,0.43,0.36,0.5,0.36,0.36,0.43,0.36,0.43],
[0.5,0.43,0.36,0.5,0.36,0.36,0.43,0.36,0.43],
[0.5,0.43,0.36,0.5,0.36,0.36,0.43,0.36,0.43],
[1,0.86,0.71,1,0.71,0.71,0.86,0.71,0.86],
[1,0.86,0.71,1,0.71,0.71,0.86,0.71,0.86],
[1,0.86,0.71,1,0.71,0.71,0.86,0.71,0.86],
[1,0.86,0.71,1,0.71,0.71,0.86,0.71,0.86],
[1,0.86,0.71,1,0.71,0.71,0.86,0.71,0.86],
[1.5,1.29,1.07,1.5,1.07,1.07,1.29,1.07,1.29],
[1.5,1.29,1.07,1.5,1.07,1.07,1.29,1.07,1.29],
[1.5,1.29,1.07,1.5,1.07,1.07,1.29,1.07,1.29],
[1.5,1.29,1.07,1.5,1.07,1.07,1.29,1.07,1.29],
[2,1.71,1.43,2,1.43,1.43,1.71,1.43,1.71],
[2,1.71,1.43,2,1.43,1.43,1.71,1.43,1.71],
[2,1.71,1.43,2,1.43,1.43,1.71,1.43,1.71],
[2.5,2.14,1.79,2.5,1.79,1.79,2.14,1.79,2.14],
[2.5,2.14,1.79,2.5,1.79,1.79,2.14,1.79,2.14],
[3,2.57,2.14,3,2.14,2.14,2.57,2.14,2.57],
[0.67,0.57,0.48,0.67,0.48,0.48,0.57,0.48,0.57],
[0.67,0.57,0.48,0.67,0.48,0.48,0.57,0.48,0.57],
[0.67,0.57,0.48,0.67,0.48,0.48,0.57,0.48,0.57],
[0.67,0.57,0.48,0.67,0.48,0.48,0.57,0.48,0.57],
[0.67,0.57,0.48,0.67,0.48,0.48,0.57,0.48,0.57],
[0.67,0.57,0.48,0.67,0.48,0.48,0.57,0.48,0.57],
[1.33,1.14,0.95,1.33,0.95,0.95,1.14,0.95,1.14],
[1.33,1.14,0.95,1.33,0.95,0.95,1.14,0.95,1.14],
[1.33,1.14,0.95,1.33,0.95,0.95,1.14,0.95,1.14],
[1.33,1.14,0.95,1.33,0.95,0.95,1.14,0.95,1.14],
[1.33,1.14,0.95,1.33,0.95,0.95,1.14,0.95,1.14],
[2,1.71,1.43,2,1.43,1.43,1.71,1.43,1.71],
[2,1.71,1.43,2,1.43,1.43,1.71,1.43,1.71],
[2,1.71,1.43,2,1.43,1.43,1.71,1.43,1.71],
[2,1.71,1.43,2,1.43,1.43,1.71,1.43,1.71],
[2.67,2.29,1.9,2.67,1.9,1.9,2.29,1.9,2.29],
[2.67,2.29,1.9,2.67,1.9,1.9,2.29,1.9,2.29],
[2.67,2.29,1.9,2.67,1.9,1.9,2.29,1.9,2.29],
[3.33,2.86,2.38,3.33,2.38,2.38,2.86,2.38,2.86],
[3.33,2.86,2.38,3.33,2.38,2.38,2.86,2.38,2.86],
[4,3.43,2.86,4,2.86,2.86,3.43,2.86,3.43],
[0.67,0.57,0.48,0.67,0.48,0.48,0.57,0.48,0.57],
[0.67,0.57,0.48,0.67,0.48,0.48,0.57,0.48,0.57],
[0.67,0.57,0.48,0.67,0.48,0.48,0.57,0.48,0.57],
[0.67,0.57,0.48,0.67,0.48,0.48,0.57,0.48,0.57],
[0.67,0.57,0.48,0.67,0.48,0.48,0.57,0.48,0.57],
[0.67,0.57,0.48,0.67,0.48,0.48,0.57,0.48,0.57],
[1.33,1.14,0.95,1.33,0.95,0.95,1.14,0.95,1.14],
[1.33,1.14,0.95,1.33,0.95,0.95,1.14,0.95,1.14],
[1.33,1.14,0.95,1.33,0.95,0.95,1.14,0.95,1.14],
[1.33,1.14,0.95,1.33,0.95,0.95,1.14,0.95,1.14],
[1.33,1.14,0.95,1.33,0.95,0.95,1.14,0.95,1.14],
[2,1.71,1.43,2,1.43,1.43,1.71,1.43,1.71],
[2,1.71,1.43,2,1.43,1.43,1.71,1.43,1.71],
[2,1.71,1.43,2,1.43,1.43,1.71,1.43,1.71],
[2,1.71,1.43,2,1.43,1.43,1.71,1.43,1.71],
[2.67,2.29,1.9,2.67,1.9,1.9,2.29,1.9,2.29],
[2.67,2.29,1.9,2.67,1.9,1.9,2.29,1.9,2.29],
[2.67,2.29,1.9,2.67,1.9,1.9,2.29,1.9,2.29],
[3.33,2.86,2.38,3.33,2.38,2.38,2.86,2.38,2.86],
[3.33,2.86,2.38,3.33,2.38,2.38,2.86,2.38,2.86],
[4,3.43,2.86,4,2.86,2.86,3.43,2.86,3.43],
[0.67,0.57,0.48,0.67,0.48,0.48,0.57,0.48,0.57],
[0.67,0.57,0.48,0.67,0.48,0.48,0.57,0.48,0.57],
[0.67,0.57,0.48,0.67,0.48,0.48,0.57,0.48,0.57],
[0.67,0.57,0.48,0.67,0.48,0.48,0.57,0.48,0.57],
[0.67,0.57,0.48,0.67,0.48,0.48,0.57,0.48,0.57],
[0.67,0.57,0.48,0.67,0.48,0.48,0.57,0.48,0.57],
[1.33,1.14,0.95,1.33,0.95,0.95,1.14,0.95,1.14],
[1.33,1.14,0.95,1.33,0.95,0.95,1.14,0.95,1.14],
[1.33,1.14,0.95,1.33,0.95,0.95,1.14,0.95,1.14],
[1.33,1.14,0.95,1.33,0.95,0.95,1.14,0.95,1.14],
[1.33,1.14,0.95,1.33,0.95,0.95,1.14,0.95,1.14],
[2,1.71,1.43,2,1.43,1.43,1.71,1.43,1.71],
[2,1.71,1.43,2,1.43,1.43,1.71,1.43,1.71],
[2,1.71,1.43,2,1.43,1.43,1.71,1.43,1.71],
[2,1.71,1.43,2,1.43,1.43,1.71,1.43,1.71],
[2.67,2.29,1.9,2.67,1.9,1.9,2.29,1.9,2.29],
[2.67,2.29,1.9,2.67,1.9,1.9,2.29,1.9,2.29],
[2.67,2.29,1.9,2.67,1.9,1.9,2.29,1.9,2.29],
[3.33,2.86,2.38,3.33,2.38,2.38,2.86,2.38,2.86],
[3.33,2.86,2.38,3.33,2.38,2.38,2.86,2.38,2.86],
[4,3.43,2.86,4,2.86,2.86,3.43,2.86,3.43],
[0.67,0.57,0.48,0.67,0.48,0.48,0.57,0.48,0.57],
[0.67,0.57,0.48,0.67,0.48,0.48,0.57,0.48,0.57],
[0.67,0.57,0.48,0.67,0.48,0.48,0.57,0.48,0.57],
[0.67,0.57,0.48,0.67,0.48,0.48,0.57,0.48,0.57],
[0.67,0.57,0.48,0.67,0.48,0.48,0.57,0.48,0.57],
[0.67,0.57,0.48,0.67,0.48,0.48,0.57,0.48,0.57],
[1.33,1.14,0.95,1.33,0.95,0.95,1.14,0.95,1.14],
[1.33,1.14,0.95,1.33,0.95,0.95,1.14,0.95,1.14],
[1.33,1.14,0.95,1.33,0.95,0.95,1.14,0.95,1.14],
[1.33,1.14,0.95,1.33,0.95,0.95,1.14,0.95,1.14],
[1.33,1.14,0.95,1.33,0.95,0.95,1.14,0.95,1.14],
[2,1.71,1.43,2,1.43,1.43,1.71,1.43,1.71],
[2,1.71,1.43,2,1.43,1.43,1.71,1.43,1.71],
[2,1.71,1.43,2,1.43,1.43,1.71,1.43,1.71],
[2,1.71,1.43,2,1.43,1.43,1.71,1.43,1.71],
[2.67,2.29,1.9,2.67,1.9,1.9,2.29,1.9,2.29],
[2.67,2.29,1.9,2.67,1.9,1.9,2.29,1.9,2.29],
[2.67,2.29,1.9,2.67,1.9,1.9,2.29,1.9,2.29],
[3.33,2.86,2.38,3.33,2.38,2.38,2.86,2.38,2.86],
[3.33,2.86,2.38,3.33,2.38,2.38,2.86,2.38,2.86],
[4,3.43,2.86,4,2.86,2.86,3.43,2.86,3.43],
[0.83,0.71,0.6,0.83,0.6,0.6,0.71,0.6,0.71],
[0.83,0.71,0.6,0.83,0.6,0.6,0.71,0.6,0.71],
[0.83,0.71,0.6,0.83,0.6,0.6,0.71,0.6,0.71],
[0.83,0.71,0.6,0.83,0.6,0.6,0.71,0.6,0.71],
[0.83,0.71,0.6,0.83,0.6,0.6,0.71,0.6,0.71],
[0.83,0.71,0.6,0.83,0.6,0.6,0.71,0.6,0.71],
[1.67,1.43,1.19,1.67,1.19,1.19,1.43,1.19,1.43],
[1.67,1.43,1.19,1.67,1.19,1.19,1.43,1.19,1.43],
[1.67,1.43,1.19,1.67,1.19,1.19,1.43,1.19,1.43],
[1.67,1.43,1.19,1.67,1.19,1.19,1.43,1.19,1.43],
[1.67,1.43,1.19,1.67,1.19,1.19,1.43,1.19,1.43],
[2.5,2.14,1.79,2.5,1.79,1.79,2.14,1.79,2.14],
[2.5,2.14,1.79,2.5,1.79,1.79,2.14,1.79,2.14],
[2.5,2.14,1.79,2.5,1.79,1.79,2.14,1.79,2.14],
[2.5,2.14,1.79,2.5,1.79,1.79,2.14,1.79,2.14],
[3.33,2.86,2.38,3.33,2.38,2.38,2.86,2.38,2.86],
[3.33,2.86,2.38,3.33,2.38,2.38,2.86,2.38,2.86],
[3.33,2.86,2.38,3.33,2.38,2.38,2.86,2.38,2.86],
[4.17,3.57,2.98,4.17,2.98,2.98,3.57,2.98,3.57],
[4.17,3.57,2.98,4.17,2.98,2.98,3.57,2.98,3.57],
[5,4.29,3.57,5,3.57,3.57,4.29,3.57,4.29],
[0.83,0.71,0.6,0.83,0.6,0.6,0.71,0.6,0.71],
[0.83,0.71,0.6,0.83,0.6,0.6,0.71,0.6,0.71],
[0.83,0.71,0.6,0.83,0.6,0.6,0.71,0.6,0.71],
[0.83,0.71,0.6,0.83,0.6,0.6,0.71,0.6,0.71],
[0.83,0.71,0.6,0.83,0.6,0.6,0.71,0.6,0.71],
[0.83,0.71,0.6,0.83,0.6,0.6,0.71,0.6,0.71],
[1.67,1.43,1.19,1.67,1.19,1.19,1.43,1.19,1.43],
[1.67,1.43,1.19,1.67,1.19,1.19,1.43,1.19,1.43],
[1.67,1.43,1.19,1.67,1.19,1.19,1.43,1.19,1.43],
[1.67,1.43,1.19,1.67,1.19,1.19,1.43,1.19,1.43],
[1.67,1.43,1.19,1.67,1.19,1.19,1.43,1.19,1.43],
[2.5,2.14,1.79,2.5,1.79,1.79,2.14,1.79,2.14],
[2.5,2.14,1.79,2.5,1.79,1.79,2.14,1.79,2.14],
[2.5,2.14,1.79,2.5,1.79,1.79,2.14,1.79,2.14],
[2.5,2.14,1.79,2.5,1.79,1.79,2.14,1.79,2.14],
[3.33,2.86,2.38,3.33,2.38,2.38,2.86,2.38,2.86],
[3.33,2.86,2.38,3.33,2.38,2.38,2.86,2.38,2.86],
[3.33,2.86,2.38,3.33,2.38,2.38,2.86,2.38,2.86],
[4.17,3.57,2.98,4.17,2.98,2.98,3.57,2.98,3.57],
[4.17,3.57,2.98,4.17,2.98,2.98,3.57,2.98,3.57],
[5,4.29,3.57,5,3.57,3.57,4.29,3.57,4.29],
[0.83,0.71,0.6,0.83,0.6,0.6,0.71,0.6,0.71],
[0.83,0.71,0.6,0.83,0.6,0.6,0.71,0.6,0.71],
[0.83,0.71,0.6,0.83,0.6,0.6,0.71,0.6,0.71],
[0.83,0.71,0.6,0.83,0.6,0.6,0.71,0.6,0.71],
[0.83,0.71,0.6,0.83,0.6,0.6,0.71,0.6,0.71],
[0.83,0.71,0.6,0.83,0.6,0.6,0.71,0.6,0.71],
[1.67,1.43,1.19,1.67,1.19,1.19,1.43,1.19,1.43],
[1.67,1.43,1.19,1.67,1.19,1.19,1.43,1.19,1.43],
[1.67,1.43,1.19,1.67,1.19,1.19,1.43,1.19,1.43],
[1.67,1.43,1.19,1.67,1.19,1.19,1.43,1.19,1.43],
[1.67,1.43,1.19,1.67,1.19,1.19,1.43,1.19,1.43],
[2.5,2.14,1.79,2.5,1.79,1.79,2.14,1.79,2.14],
[2.5,2.14,1.79,2.5,1.79,1.79,2.14,1.79,2.14],
[2.5,2.14,1.79,2.5,1.79,1.79,2.14,1.79,2.14],
[2.5,2.14,1.79,2.5,1.79,1.79,2.14,1.79,2.14],
[3.33,2.86,2.38,3.33,2.38,2.38,2.86,2.38,2.86],
[3.33,2.86,2.38,3.33,2.38,2.38,2.86,2.38,2.86],
[3.33,2.86,2.38,3.33,2.38,2.38,2.86,2.38,2.86],
[4.17,3.57,2.98,4.17,2.98,2.98,3.57,2.98,3.57],
[4.17,3.57,2.98,4.17,2.98,2.98,3.57,2.98,3.57],
[5,4.29,3.57,5,3.57,3.57,4.29,3.57,4.29],
[1,0.86,0.71,1,0.71,0.71,0.86,0.71,0.86],
[1,0.86,0.71,1,0.71,0.71,0.86,0.71,0.86],
[1,0.86,0.71,1,0.71,0.71,0.86,0.71,0.86],
[1,0.86,0.71,1,0.71,0.71,0.86,0.71,0.86],
[1,0.86,0.71,1,0.71,0.71,0.86,0.71,0.86],
[1,0.86,0.71,1,0.71,0.71,0.86,0.71,0.86],
[2,1.71,1.43,2,1.43,1.43,1.71,1.43,1.71],
[2,1.71,1.43,2,1.43,1.43,1.71,1.43,1.71],
[2,1.71,1.43,2,1.43,1.43,1.71,1.43,1.71],
[2,1.71,1.43,2,1.43,1.43,1.71,1.43,1.71],
[2,1.71,1.43,2,1.43,1.43,1.71,1.43,1.71],
[3,2.57,2.14,3,2.14,2.14,2.57,2.14,2.57],
[3,2.57,2.14,3,2.14,2.14,2.57,2.14,2.57],
[3,2.57,2.14,3,2.14,2.14,2.57,2.14,2.57],
[3,2.57,2.14,3,2.14,2.14,2.57,2.14,2.57],
[4,3.43,2.86,4,2.86,2.86,3.43,2.86,3.43],
[4,3.43,2.86,4,2.86,2.86,3.43,2.86,3.43],
[4,3.43,2.86,4,2.86,2.86,3.43,2.86,3.43],
[5,4.29,3.57,5,3.57,3.57,4.29,3.57,4.29],
[5,4.29,3.57,5,3.57,3.57,4.29,3.57,4.29],
[6,5.14,4.29,6,4.29,4.29,5.14,4.29,5.14],
[1,0.86,0.71,1,0.71,0.71,0.86,0.71,0.86],
[1,0.86,0.71,1,0.71,0.71,0.86,0.71,0.86],
[1,0.86,0.71,1,0.71,0.71,0.86,0.71,0.86],
[1,0.86,0.71,1,0.71,0.71,0.86,0.71,0.86],
[1,0.86,0.71,1,0.71,0.71,0.86,0.71,0.86],
[1,0.86,0.71,1,0.71,0.71,0.86,0.71,0.86],
[2,1.71,1.43,2,1.43,1.43,1.71,1.43,1.71],
[2,1.71,1.43,2,1.43,1.43,1.71,1.43,1.71],
[2,1.71,1.43,2,1.43,1.43,1.71,1.43,1.71],
[2,1.71,1.43,2,1.43,1.43,1.71,1.43,1.71],
[2,1.71,1.43,2,1.43,1.43,1.71,1.43,1.71],
[3,2.57,2.14,3,2.14,2.14,2.57,2.14,2.57],
[3,2.57,2.14,3,2.14,2.14,2.57,2.14,2.57],
[3,2.57,2.14,3,2.14,2.14,2.57,2.14,2.57],
[3,2.57,2.14,3,2.14,2.14,2.57,2.14,2.57],
[4,3.43,2.86,4,2.86,2.86,3.43,2.86,3.43],
[4,3.43,2.86,4,2.86,2.86,3.43,2.86,3.43],
[4,3.43,2.86,4,2.86,2.86,3.43,2.86,3.43],
[5,4.29,3.57,5,3.57,3.57,4.29,3.57,4.29],
[5,4.29,3.57,5,3.57,3.57,4.29,3.57,4.29],
[6,5.14,4.29,6,4.29,4.29,5.14,4.29,5.14],
[1.17,1,0.83,1.17,0.83,0.83,1,0.83,1],
[1.17,1,0.83,1.17,0.83,0.83,1,0.83,1],
[1.17,1,0.83,1.17,0.83,0.83,1,0.83,1],
[1.17,1,0.83,1.17,0.83,0.83,1,0.83,1],
[1.17,1,0.83,1.17,0.83,0.83,1,0.83,1],
[1.17,1,0.83,1.17,0.83,0.83,1,0.83,1],
[2.33,2,1.67,2.33,1.67,1.67,2,1.67,2],
[2.33,2,1.67,2.33,1.67,1.67,2,1.67,2],
[2.33,2,1.67,2.33,1.67,1.67,2,1.67,2],
[2.33,2,1.67,2.33,1.67,1.67,2,1.67,2],
[2.33,2,1.67,2.33,1.67,1.67,2,1.67,2],
[3.5,3,2.5,3.5,2.5,2.5,3,2.5,3],
[3.5,3,2.5,3.5,2.5,2.5,3,2.5,3],
[3.5,3,2.5,3.5,2.5,2.5,3,2.5,3],
[3.5,3,2.5,3.5,2.5,2.5,3,2.5,3],
[4.67,4,3.33,4.67,3.33,3.33,4,3.33,4],
[4.67,4,3.33,4.67,3.33,3.33,4,3.33,4],
[4.67,4,3.33,4.67,3.33,3.33,4,3.33,4],
[5.83,5,4.17,5.83,4.17,4.17,5,4.17,5],
[5.83,5,4.17,5.83,4.17,4.17,5,4.17,5],
[7,6,5,7,5,5,6,5,6]]
[1,1,1,1,1,1,2,2,2,2,2,3,3,3,3,4,4,4,5,5,6,1,1,1,1,1,1,2,2,2,2,2,3,3,3,3,4,4,4,5,5,6,1,1,1,1,1,1,2,2,2,2,2,3,3,3,3,4,4,4,5,5,6,1,1,1,1,1,1,2,2,2,2,2,3,3,3,3,4,4,4,5,5,6,1,1,1,1,1,1,2,2,2,2,2,3,3,3,3,4,4,4,5,5,6,1,1,1,1,1,1,2,2,2,2,2,3,3,3,3,4,4,4,5,5,6,1,1,1,1,1,1,2,2,2,2,2,3,3,3,3,4,4,4,5,5,6,2,2,2,2,2,2,4,4,4,4,4,6,6,6,6,8,8,8,10,10,12,2,2,2,2,2,2,4,4,4,4,4,6,6,6,6,8,8,8,10,10,12,2,2,2,2,2,2,4,4,4,4,4,6,6,6,6,8,8,8,10,10,12,2,2,2,2,2,2,4,4,4,4,4,6,6,6,6,8,8,8,10,10,12,2,2,2,2,2,2,4,4,4,4,4,6,6,6,6,8,8,8,10,10,12,2,2,2,2,2,2,4,4,4,4,4,6,6,6,6,8,8,8,10,10,12,3,3,3,3,3,3,6,6,6,6,6,9,9,9,9,12,12,12,15,15,18,3,3,3,3,3,3,6,6,6,6,6,9,9,9,9,12,12,12,15,15,18,3,3,3,3,3,3,6,6,6,6,6,9,9,9,9,12,12,12,15,15,18,3,3,3,3,3,3,6,6,6,6,6,9,9,9,9,12,12,12,15,15,18,3,3,3,3,3,3,6,6,6,6,6,9,9,9,9,12,12,12,15,15,18,4,4,4,4,4,4,8,8,8,8,8,12,12,12,12,16,16,16,20,20,24,4,4,4,4,4,4,8,8,8,8,8,12,12,12,12,16,16,16,20,20,24,4,4,4,4,4,4,8,8,8,8,8,12,12,12,12,16,16,16,20,20,24,4,4,4,4,4,4,8,8,8,8,8,12,12,12,12,16,16,16,20,20,24,5,5,5,5,5,5,10,10,10,10,10,15,15,15,15,20,20,20,25,25,30,5,5,5,5,5,5,10,10,10,10,10,15,15,15,15,20,20,20,25,25,30,5,5,5,5,5,5,10,10,10,10,10,15,15,15,15,20,20,20,25,25,30,6,6,6,6,6,6,12,12,12,12,12,18,18,18,18,24,24,24,30,30,36,6,6,6,6,6,6,12,12,12,12,12,18,18,18,18,24,24,24,30,30,36,7,7,7,7,7,7,14,14,14,14,14,21,21,21,21,28,28,28,35,35,42] 
[8.46,7.92,4.62,7.1,7.01,6.49,6.23,7.42,8.57] 
[0.02,0.01,0.02,0.02,0.01,0.02,0.02,0.02,0.01] 
[7,6,5,7,5,5,6,5,6] 
[2.03,2.13,2.12,2.16,1.96,2.12,2.13,1.93,2.04]