588
42
9
330000
[[0,0,0,0,0,0,0,0,0],
[0,0,0,0,0,0,0,0,0],
[0,0,0,0,0,0,0,0,0],
[0,0,0,0,0,0,0,0,0],
[0,0,0,0,0,0,0,0,0],
[0,0,0,0,0,0,0,0,0],
[1.55,29.26,1.46,5.85,11.96,7.18,0.03,12.15,32.89],
[2.78,13.99,1.26,1.75,0.01,3.35,0.56,0.09,4.62],
[0.82,9.72,26.5,6.96,5.15,0.01,6.41,0.02,8.57],
[9.99,5.38,11.76,3.59,4.03,26.79,5.95,0.62,0.12],
[16.25,0.79,0.2,0.79,16.94,31.28,32.08,0,1.14],
[4.27,15.35,0.91,2.93,8.17,10.3,0.49,7.46,16.79],
[3.41,8.03,14.65,3.48,3.31,2.15,3.38,0.11,12.99],
[5.3,5.25,13.74,3.7,3.08,18.13,12.36,0.51,5.12],
[9,5.49,9.01,1.8,8.47,19.42,16.14,0.38,0.59],
[5.81,13.18,12.13,5.24,6.01,8.94,2.27,5.29,14.19],
[4.28,6.46,9.84,2.49,2.34,12.09,9.77,0.56,11.35],
[6.01,4.47,9.68,2.59,8.3,14.33,13.34,0.47,5.05],
[5.07,9.98,9.11,3.93,5.1,12.03,7.84,3.98,11.53],
[5.77,6.46,7.59,1.95,7.3,10.88,10.37,0.61,11.67],
[6.98,8.54,7.32,3.42,7.37,12.01,8.4,3.19,10.93],
[0,0,0,0,0,0,0,0,0],
[0,0,0,0,0,0,0,0,0],
[0,0,0,0,0,0,0,0,0],
[0,0,0,0,0,0,0,0,0],
[0,0,0,0,0,0,0,0,0],
[0,0,0,0,0,0,0,0,0],
[4.23,10.22,4.38,11.66,3.38,5.41,0.09,4.99,0.73],
[0.2,5.28,0.07,13.01,0.07,5.58,0.22,8.32,5.88],
[2.31,12.75,6.2,17.11,2.38,0.55,0.13,16.36,0.68],
[6.66,0.21,0.72,0,0,1.34,1.23,0.23,7.8],
[0.39,0.01,0.66,2.71,17.82,6.34,0.43,12.25,1.62],
[3.58,15.23,2.59,8.24,2.62,3.66,0.11,4.58,3.03],
[1.22,6.55,3.73,10.13,1.9,5.26,0.34,8.68,3.04],
[8.6,9.74,3.2,11.51,1.66,0.69,0.64,12.36,7.2],
[3.63,0.17,1.38,1.77,11.68,7.07,0.62,7.2,3.91],
[2.53,10.63,6.25,9.61,4.46,3.63,0.23,7.16,2.14],
[6.74,6.52,2.75,8.02,1.97,3.51,0.48,8.24,5.24],
[7.02,7.74,2.29,7.7,7.81,5.09,0.43,9.91,5.17],
[5.45,8.54,5.48,9.12,4.66,2.72,0.36,8.14,3.94],
[6.59,5.97,2.09,6.1,5.92,4.99,0.37,7.53,4.09],
[5.39,7.19,4.42,7.3,6.28,4.3,0.3,7.16,3.3],
[0,0,0,0,0,0,0,0,0],
[0,0,0,0,0,0,0,0,0],
[0,0,0,0,0,0,0,0,0],
[0,0,0,0,0,0,0,0,0],
[0,0,0,0,0,0,0,0,0],
[0,0,0,0,0,0,0,0,0],
[1.2,0.01,4.68,15.74,0.07,0.91,16.25,12.2,4.03],
[2.23,15.96,9.55,0.01,1.39,0.49,2,13.89,17.23],
[7.53,0.01,9.37,33.78,0.41,2.53,2.31,0.91,0.58],
[1.08,1.13,1.98,30.89,0.16,0.95,0.67,16.99,25.35],
[1.57,25.35,0.34,0.01,1.86,2.6,3.56,0.61,28.58],
[1.19,10.37,13.94,10.25,1.18,0.49,8.36,8.71,19.73],
[3.77,10.33,6.31,22.88,1.71,2.76,1.44,7.49,9.76],
[3.84,0.84,4.7,21.58,0.55,1.29,1.16,14.56,19.85],
[0.9,21.21,1,20.89,0.99,3.42,3.86,9.6,18.01],
[3.03,10.06,9.34,17.19,1.94,1.84,7.42,5.88,16.73],
[2.56,6.91,4.28,16.62,1.88,1.89,1,11.18,15.16],
[3.64,17.28,3.35,16.09,0.76,2.36,2.63,12.33,14.74],
[2.39,7.81,7.57,14.73,2.4,1.42,5.72,10.33,16.22],
[2.78,14.75,3.24,13.16,1.49,2.17,2.51,9.77,13.35],
[2.86,12.64,6.11,12.86,1.92,1.74,5.22,10.03,15.82],
[0,0,0,0,0,0,0,0,0],
[0,0,0,0,0,0,0,0,0],
[0,0,0,0,0,0,0,0,0],
[0,0,0,0,0,0,0,0,0],
[0,0,0,0,0,0,0,0,0],
[0,0,0,0,0,0,0,0,0],
[2.23,16.76,18.48,5.25,21.58,23.6,29.8,0.03,0.53],
[0.12,8.45,1.45,2.74,0.97,3.98,3.84,1.86,1.73],
[4.68,0.09,0.09,1.43,9.42,0.72,2.65,8.69,0.86],
[5.28,14.91,7.03,2.51,4.23,1.51,0.05,4.93,1.13],
[8.12,8.49,9.59,2.46,17.46,9.33,36.21,23.87,1.02],
[1.9,8.87,9.84,7.85,18.08,11.93,15.3,1.42,0.87],
[2.71,5.11,0.78,4.1,4.91,2,2.2,4.36,0.91],
[3.33,10.76,4.21,1.36,13.31,0.79,2.05,13.45,1.98],
[13.3,8.1,5.61,1.66,8.73,9.74,23.24,11.97,2.15],
[2.3,5.95,7,9.92,12.43,8.6,12.49,2.91,0.62],
[2.27,8.18,4.58,2.76,10.4,2.22,1.69,9.86,1.38],
[8.92,7.2,3.83,1.32,10.47,6.98,15.52,11.9,3.37],
[2.32,9.81,6.77,7.64,12.25,6.51,10.72,7.67,1.12],
[6.82,6.28,3.8,2.84,8.53,8.23,13.45,9.14,2.54],
[6.73,7.84,6.2,7.64,11.15,8.96,15.46,7.37,2.28],
[0,0,0,0,0,0,0,0,0],
[0,0,0,0,0,0,0,0,0],
[0,0,0,0,0,0,0,0,0],
[0,0,0,0,0,0,0,0,0],
[0,0,0,0,0,0,0,0,0],
[0,0,0,0,0,0,0,0,0],
[7.96,4.84,12.65,0.84,0.47,0.08,0.56,0.06,0.33],
[2,0.2,20.61,7.64,8.08,5.95,0.49,1.55,19.97],
[20.1,0.18,20.03,7.72,0.76,12.2,0.11,6.3,6.99],
[11.09,3.35,0.78,6.96,0.87,0.02,5.41,3.46,9.16],
[2.1,2.35,10.13,16.53,14.15,0.16,19.78,3.25,14.15],
[9.3,4.02,11.41,7.35,4.4,3.57,0.35,0.87,15.24],
[10.51,0.38,13.55,5.12,4.24,17.78,0.25,3.15,10.1],
[10.84,2.87,11.24,4.9,0.54,8.44,4.18,3.39,16.1],
[12.01,1.93,9.15,8.51,7.67,0.08,9.9,2.24,7.95],
[9.58,3.75,11.08,5.1,3.25,15.02,0.24,2.13,10.3],
[7.33,2.82,9.2,4.87,3.68,17.2,2.83,2.28,12.18],
[9.59,1.93,10.09,8.5,6.24,5.99,6.68,3.24,11.11],
[7.95,6.23,8.79,5.7,3.38,17.34,2.5,1.71,10.49],
[7.2,2.13,9.91,6.76,5.86,14.59,5.07,2.44,9.79],
[8.53,5.2,8.8,6.38,4.85,16.34,4.12,2,9.31],
[0,0,0,0,0,0,0,0,0],
[0,0,0,0,0,0,0,0,0],
[0,0,0,0,0,0,0,0,0],
[0,0,0,0,0,0,0,0,0],
[0,0,0,0,0,0,0,0,0],
[0,0,0,0,0,0,0,0,0],
[3.95,15.35,8.86,6.2,2.88,2.9,1.31,4.84,0.35],
[0.35,10.22,0.14,2.4,24.29,34.03,0.43,1.86,0.12],
[6.48,13.01,8.49,0.46,1.13,0.53,0.11,6.92,12.7],
[22.38,0.24,0,0.01,0.32,3.51,6.96,2.88,0.04],
[7.22,0.03,14.1,10.08,7.26,1.79,13.42,20.1,2.35],
[3.65,8.69,6.75,3.16,12.54,18,0.66,6.47,0.18],
[3.55,7.8,5.02,2.61,13.46,20.21,0.5,3.46,7.72],
[11.21,7.66,5.55,0.37,1.36,3.6,4.14,9.51,8.04],
[11.26,0.23,9.54,6.98,6.07,1.86,7.14,10.25,1.79],
[3.54,9.66,5.89,2.49,9.74,15.36,0.51,4.8,6.35],
[7.59,5.56,4.9,2.33,9.04,13.56,2.76,6.79,7.29],
[7.55,5.35,7.68,6.31,6.77,2.41,4.78,9.4,5.47],
[7.88,8.27,4.99,2.12,7.49,11.52,2.6,5.98,7.18],
[5.72,4.26,6.04,8.12,9.12,10.59,3.69,7.1,5.47],
[6.32,7.03,6.6,6.51,7.53,9.86,3.14,6.92,5.81],
[0,0,0,0,0,0,0,0,0],
[0,0,0,0,0,0,0,0,0],
[0,0,0,0,0,0,0,0,0],
[0,0,0,0,0,0,0,0,0],
[0,0,0,0,0,0,0,0,0],
[0,0,0,0,0,0,0,0,0],
[1.88,14.69,14.47,11.66,1.08,3.43,7.84,14.74,1.34],
[4.26,0.09,23.32,0,17.58,6.37,0.11,0.76,3.81],
[8.2,5.15,15.85,1.14,0.01,4.26,0.08,15.68,2.33],
[0.33,0,2.9,6.09,0.25,0.25,0.06,1.84,8.82],
[9.25,1.34,0.06,22.98,8.24,5.22,24.57,30.89,13.26],
[2.21,9.09,12.95,7.65,9.54,3.42,4.68,12.56,1.93],
[4.37,3.04,13.3,0.8,11.43,3.62,0.19,8.66,6.08],
[4.59,3.34,7.98,3.06,0.21,2.32,0.05,15.27,4.41],
[5.22,0.95,2.27,11.5,6.62,4.41,15.62,16.79,7.51],
[3.36,11.67,10.69,5.1,9.1,2.78,3.22,10.58,4.27],
[3.12,2.94,9.08,2.04,7.96,2.41,0.13,12.65,4.9],
[9.59,2.33,5.32,8.18,5.39,3.41,11.98,15.73,5.3],
[2.84,11.15,8.03,6.31,7.46,2.11,2.54,11.37,3.72],
[7.32,2.21,7.04,6.41,8,3.85,10.08,12.57,6.52],
[6.95,9.13,6.48,7.66,7.13,3.14,8.79,12.54,5.46],
[13.99,0.71,15.4,0.13,3.48,0.05,1.66,1.86,4],
[0.19,1.88,0.39,1.84,12.15,0.34,0.64,0.01,8.28],
[2.83,21.78,4.06,0.86,10.95,22.85,0.27,6.09,9.95],
[1.14,4.09,31.6,0.33,0.25,29.65,11.57,3,0.36],
[21.85,0.03,1.81,6.27,2.06,0.79,22.38,8.99,9.29],
[0,0.41,0.01,0,2.38,4.77,0.08,0.32,8.08],
[4.84,13.21,5.39,6.33,9.89,4.31,0.77,6.08,11.33],
[1.25,8.23,1.6,4.95,7.72,7.78,0.55,3.73,9.56],
[2.3,8.66,13.07,8.04,3.82,17.61,4.74,5.55,4.17],
[7.72,2.66,12.25,2.77,1.49,12.83,13.42,4.01,4.86],
[9.22,0.31,0.63,2.18,13.06,12.82,14.15,5.07,6.7],
[3.56,13.37,4.27,4.51,9.32,7.67,0.69,4.88,9.01],
[2.21,5.94,7.95,5.51,4.72,10.75,2.97,3.54,8.38],
[5.81,6.4,8.41,6.39,3.1,13.34,10.19,5.49,4.94],
[5.93,2.42,7.46,2.04,8.47,13.62,10.82,4.19,4.61],
[3.65,10.36,7.91,6.43,6.86,9.74,2.36,5.36,7.42],
[4.92,5.61,6.06,4.94,3.98,10.2,7.58,3.97,7.32],
[5.72,5.58,6.03,4.57,8.1,13.06,8.4,4.55,4.78],
[5.5,8.31,6.49,6.13,6.38,8.85,6.21,5.7,6.88],
[5.62,5.59,4.73,3.84,7.79,10.31,6.64,3.69,7.01],
[6.19,7.25,5.34,5.1,8.09,9.72,5.61,4.86,6.56],
[1.43,2.53,18.48,0.99,0.23,1.1,22.51,0.06,3.48],
[0.05,2.93,0,2.4,1.2,0.11,0.17,1.02,0.51],
[2.93,0,7.72,25.63,0.03,1.79,5.25,0.03,34.36],
[6.52,11.81,4.87,23.87,1.16,0.24,1.26,8.53,18.24],
[16.76,8.04,7.64,0.41,0.56,0.09,0.7,0.52,12.65],
[22.31,4.47,1.88,5.58,4.44,0.36,11.42,11.86,9.37],
[2.15,3.41,6.16,10.21,1.21,2.19,9.87,5.83,2.7],
[1.17,7.58,4.45,11.62,0.76,2.19,1.96,7.64,12.12],
[3.4,6.21,9.33,16.97,1.19,1.58,2.76,7.02,17.53],
[9.94,7,5.02,13.31,0.61,0.87,1.27,6.55,11.13],
[13.61,8.54,3.18,2.4,6.87,2.99,4.29,7.18,10.11],
[1.92,10.24,6.78,11.25,1.56,1.94,7.09,5.38,9.82],
[2.07,6.95,5.64,13.41,1.81,3.35,1.69,6.67,11.03],
[6.6,6.84,7.16,13.28,1.15,1.09,1.92,11.04,13.7],
[10.43,9.7,3.63,9.3,5.07,4.2,3.69,6.82,9.72],
[2.57,9.25,6.7,11.75,2.87,2.58,5.9,5.73,10.12],
[4.94,6.49,5.14,10.76,1.99,2.43,1.41,8.36,9.97],
[7.9,11.34,5.39,10.56,3.67,3.28,3.39,9.6,11.85],
[4.39,8.1,6.06,10.85,3.29,2.02,4.67,8.24,9.31],
[6.34,9.34,4.2,9.05,3.32,3.21,2.71,7.82,9.52],
[5.62,9.26,5.13,9.66,3.73,2.82,4.98,7.89,9.44],
[10.58,5.58,2.23,12.15,20.67,11.09,0.12,6.7,23.46],
[8.16,3.38,13.16,7.68,0.13,6.16,1.19,0.53,4.44],
[1.05,25.63,0.44,18.79,6.37,0.04,0.3,19.03,0.53],
[35.2,21.58,7.3,0.08,0.01,0.91,0.42,0.21,0.79],
[6.73,0.08,1.84,13.62,2.44,1.46,2.9,34.61,9.5],
[0.99,5.75,5.38,28.5,1.57,7.03,5.88,0.05,10.72],
[7.36,5.64,12.09,7.08,10.14,8.29,15.44,4.65,9.57],
[3.29,9.87,5.13,9.33,2.17,2.35,2.39,7.45,6.64],
[12.14,15.74,3.85,14.47,4.42,1.31,1.89,7.08,0.92],
[14.24,8.53,3.3,13.07,1.82,1.6,1.17,12.21,9.62],
[5.38,12.47,3.46,14.41,6.46,6.46,13.34,14.37,9.87],
[4.63,9.78,10.84,8.12,7.89,5.04,9.58,6.64,10.82],
[9.01,10.31,4.97,13.9,3.24,2.02,1.8,5.86,4.29],
[8.95,10.57,3.59,13.17,5.62,1.21,1.84,11.28,8.87],
[11.73,11.98,3.54,14.12,3.89,6.81,10.84,10.75,8.14],
[8.38,10.6,8.83,12.02,6.24,4.62,8.67,5.36,8.45],
[7.57,8.53,4.46,12.25,5.34,1.76,1.72,9.13,7.54],
[9.36,12.26,3.4,13.57,5,4.91,7.79,10.44,7.88],
[7.55,10.03,7.12,11.04,6.73,3.75,7.6,8.02,9.28],
[8.26,9.95,4.11,12.7,4.61,4.77,7.15,8.49,7.07],
[8.57,10.18,6.59,11.64,6,5.39,9.43,7.91,8.63],
[1.46,0,0.47,2.21,6.37,25.99,10.26,0.15,17.11],
[6.44,3.35,0,0.01,2.06,0.27,9.03,0.2,8.04],
[13.06,2.33,11.52,1.5,27.68,0,0.12,4.65,0.1],
[1.67,2.74,0.6,7.57,1.75,18.24,5.28,10.9,1.96],
[5.41,0.14,6.48,2.16,0.04,10.04,23.6,13.42,11.33],
[0.86,1.01,13.94,17.35,0.38,0.08,31.44,0.34,1.98],
[5.74,7.72,10.44,2.46,7.55,13.15,10.13,0.15,8.39],
[7.01,2.9,9.34,3.76,10.49,3.37,3.31,1.62,8.29],
[12.27,1.78,7.85,3.44,10.61,7.25,2.08,5.22,2.81],
[7.64,6.36,4.45,3.43,2.09,9.73,10.36,10.88,7.21],
[5.17,3.68,6.81,7.54,10.65,4.55,18.76,12.04,5.7],
[8.09,5.16,9.01,6.61,10.15,8.35,6.26,1.03,9.39],
[8.98,2.32,6.21,3.82,7.95,8.82,3.11,3.17,5.43],
[9.16,5.98,6.18,2.51,8.61,7.31,6.25,8.28,8.55],
[11.5,4.36,5.91,6.04,6.87,7.34,13.42,9.48,4.79],
[7.77,4.23,7.89,6.44,7.8,10.19,5.67,2.3,7],
[7.53,4.75,5.91,3.27,8.44,10,5.88,6.19,7.7],
[10.31,4.43,6.48,4.84,9.11,7.35,9.64,7.53,6.54],
[7.24,7.15,6.92,5.98,7.66,10.67,7.06,4.88,8.06],
[8.77,3.82,6.43,4.64,8.13,11.1,8.76,5.91,6.25],
[9.09,5.99,6.97,6.48,7.87,11.53,8.95,4.85,6.79],
[10.81,1.79,3.78,1.81,2.1,1.86,1.51,0.08,0.02],
[2.31,9.33,21.06,8.49,6.06,0,0.7,7.41,0.03],
[12.45,0.35,0.18,1.96,0.14,11.09,0.63,8.08,21.65],
[12.25,6.7,3.95,0.49,0.32,0.79,2.08,7.41,2.42],
[20.8,0.07,1.34,4.23,4.26,8.36,1.28,0.7,19.28],
[11.05,2.67,3,1.36,0.99,1.34,0.12,29.72,0.82],
[4.49,9.94,8.34,5.37,3.67,1.28,1.34,3.14,0.24],
[5.03,4.48,11.11,3.73,12.13,15.11,0.75,6.3,10.06],
[8.86,5.06,10.48,2.81,0.77,5.24,0.9,9.57,8.16],
[11.34,2.56,1.91,2.63,1.55,3.56,5.23,2.71,8.96],
[13.47,1.4,9.47,10.6,8.7,3.38,11.43,11.34,7.53],
[5.39,6.05,7.89,4.75,8,10.06,0.95,5.21,7.43],
[5.78,4.97,10.7,3.42,7.85,15.57,0.93,7.22,7.7],
[10.22,4.55,7.57,2.62,1.36,4.83,4.08,6.65,9.77],
[10.59,2.21,9.06,6.62,6.37,2.41,7.38,8.59,5.59],
[5.73,7.2,8.19,3.71,6.41,13.52,0.98,5.59,7.41],
[7.73,4.6,8.42,3.09,6.52,13.19,3.03,5.87,8.42],
[9.58,3.66,8.62,6.89,6.15,3.7,5.4,9.12,7.11],
[7.21,7.43,6.98,3.52,5.89,12.84,2.92,4.75,7.91],
[7.72,3.91,9.27,6.64,7.58,11.25,4.35,7.94,6.79],
[7.32,6.6,7.96,5.86,6.57,11.91,3.8,6.69,6.88],
[0.39,21.45,6.44,4.96,8.08,10.49,3.3,8.61,4.47],
[1.53,9.72,18,13.52,31.13,9.55,4.53,9.64,7.18],
[15.18,0.14,0.04,4.29,12.55,0.05,1.3,28.5,1.16],
[2.29,30.26,0.73,0.11,5.64,2.42,0.29,1.57,16.13],
[14.36,24.5,0.63,7.14,1.71,0.67,11.66,18.54,0.73],
[3.75,13.11,7.33,28.05,18.12,3.13,27.08,32.89,8.78],
[2.52,10.39,8.26,6.3,13.14,8.79,3.07,6.53,4.4],
[5.93,4.69,10.53,6.31,14.65,14.84,1.96,12.75,3.66],
[5.84,10.43,8.18,1.49,6.22,2.12,0.53,10.32,6.45],
[8.43,18.28,0.97,3.53,2.45,1.34,4.94,6.72,6.91],
[6.06,12.7,5.33,12.17,6.62,3.45,13.2,17.34,7.64],
[4.55,7.35,8.03,5.15,10.42,11.05,2.28,9.63,3.14],
[4.04,8.87,8.92,3.82,9.96,9.65,1.24,8.3,5.53],
[8.86,11.17,5.41,3.09,4.11,2.43,3.4,9.91,5.94],
[6.6,13.67,5.24,7.74,5.1,2.58,9.21,10.82,7.81],
[3.6,9.61,7.3,3.78,8.3,8.51,1.74,7.24,4.67],
[6.55,9.86,6.59,4.61,7.38,7.01,3.1,8.63,5.27],
[7.98,9.99,5.81,6.21,5.53,2.52,7.18,11.86,6.25],
[6.2,10.26,5.84,4.69,6.67,6.7,2.93,7.71,4.87],
[6.46,9.16,6.84,6.72,7.76,6.76,6.21,10.39,5.7],
[6.6,9.59,6.22,6.46,7.11,6.68,5.42,9.33,5.18],
[7.3,3.05,11.34,0.99,1.88,0.6,12.04,1.06,2.5],
[0.1,4.77,0.24,4.23,11.45,0.43,0.32,0.77,7.23],
[1.92,14.48,11.59,14.53,7.71,12.16,2.89,3.8,17.21],
[6.92,5.97,16.04,14.27,0.58,18.15,6.01,4.31,14.11],
[12.98,5.07,3.82,5.51,2.47,0.77,12.75,7.78,7.4],
[14.81,2.35,1.19,3.66,2.38,4.3,8.29,6.82,17.44],
[3.2,7.95,4.74,8.49,7.39,2.78,5.96,6.39,8.82],
[1.3,8.13,5.07,9.19,7.82,5.14,1.29,5.01,9.79],
[3.54,8.2,11.06,11.58,3.32,12.51,3.59,4.81,13.08],
[7.98,5.4,8.04,8.82,1.63,8.19,8.78,5.81,8.84],
[11.43,5.38,2.01,3.7,8.21,8.33,9.73,7.02,10.54],
[2.65,11.16,6.32,8.94,7.58,4.95,4.62,5.24,10.65],
[2.6,6.6,7.21,9.44,5.06,8.26,2.34,4.32,10.17],
[5.46,7.34,7.98,9.59,3.02,9.02,6.66,7.11,10.64],
[9,7.45,5.36,6.51,5.59,9.93,7.84,5.63,10.12],
[3.22,9.91,7.62,9.13,5.97,6.97,4.46,5.09,10.32],
[4.31,6.24,5.96,8.19,4.52,7.31,5.1,5.58,9.45],
[6.92,9.25,6.08,7.84,5.59,9.5,6.42,6.41,10.94],
[4.43,8.54,6.53,8.69,5.84,6.19,5.93,6.62,9.33],
[5.85,8.02,4.87,7.03,6.03,7.7,5.21,5.37,9.92],
[5.69,8.78,5.52,7.84,6.28,7,5.91,6.28,9.79],
[5.41,2.9,9.53,11.08,15.39,10.45,16.16,4.08,11.94],
[5.03,2.11,8.67,3.86,1.15,4.72,0.6,0.54,2.3],
[3.82,17.14,4.21,14.98,4.57,1.41,2.87,13.2,20.42],
[17.71,11.62,12.08,15.05,0.85,1.08,0.64,4.93,10.15],
[8.58,5.93,3.82,7.79,1.22,1.28,1.45,20.59,7.46],
[12.4,3.43,6.96,14.31,2.25,3.87,17,7.43,6.71],
[5.62,5.44,8.55,7.7,7.05,6.23,12.33,4.17,6],
[3.57,8.46,5.46,9.45,2.3,2.53,1.95,7.33,9.7],
[8.67,12.27,8.35,12.56,4.01,1.67,2.22,7.53,12.28],
[10.63,7.39,6.37,12.57,1.25,1.7,1.03,10.59,7.77],
[9.88,8.05,5.05,9.5,7.74,5.5,10.88,11.24,6.29],
[4.61,10.39,7.45,9,5.58,4.44,8.58,6.2,9.79],
[6.75,8.35,7.4,11.38,3.32,2.62,1.61,5.83,8.63],
[7.74,9.17,6.68,11.63,4.28,1.54,1.75,10.5,10.31],
[10.66,8.09,6.27,11.44,5.36,6.4,8.53,8.66,6.65],
[6.58,9.74,7.86,10.3,5.22,4.31,7.33,5.42,9.13],
[6.69,7.22,6.54,10.24,4.37,2.17,1.44,8.17,8],
[8.45,9.92,6.2,11.08,5.35,5,6.73,9.37,8.74],
[6.45,8.91,6.9,9.71,5.68,3.57,6.08,7.49,8.37],
[7.39,8.1,6.16,10.1,4.76,4.61,5.7,7.65,7.28],
[7.23,8.7,6.59,9.68,5.73,5.1,8.12,7.31,7.76],
[5.41,3.62,2.48,6.12,10.38,13.4,6.19,5.24,13.69],
[4.9,2.24,8.64,5.34,1.12,5.14,4.63,0.27,4.34],
[6.94,13.49,9.48,17.06,13.85,0.02,0.15,9.52,0.27],
[19.46,11.09,6.67,5.62,1.08,15.49,2.81,8.42,2.67],
[4.07,0.08,3.24,14.14,1.86,10.22,12.15,17.65,6.97],
[0.62,6.11,7.11,15.74,0.78,4.24,15.82,0.17,5.39],
[6.07,4.9,11.14,4.62,6.31,8.58,9.42,3.22,7.44],
[4.74,6.45,7.72,10.32,6.6,2.99,2.39,4.78,8.42],
[11.57,9.86,6.66,10.26,6.51,6.28,1.71,7.19,2.43],
[10.82,5.9,4.27,9.26,1.94,10.64,6.55,10.43,9.4],
[3.93,8.47,4.17,12.4,6.83,7,11.98,9.46,9.32],
[6.02,7.63,9.64,8.1,7.42,5.52,6.09,4.54,11.27],
[8.62,6.91,6.5,10.19,5.45,6.22,2.32,5.19,5.95],
[8.64,7.53,5.06,10.27,5.82,6.93,4.23,8.91,10.34],
[10.34,8.07,4.61,11.01,4.63,9.36,9.39,8.52,7.92],
[8.08,8.18,8.72,9.13,6.05,7.04,5.65,4.85,9.07],
[7.2,6.44,5.47,9.98,6.11,7.21,4.06,7.01,9.04],
[8.82,8.33,5.08,11.12,6.07,7.55,6.86,8.21,8.52],
[7.31,8.53,7.32,9.22,6.29,7.58,6.17,6.34,9.95],
[7.67,7.01,5.48,10.37,5.71,8.4,6.37,6.6,7.97],
[8.22,8.15,6.87,9.57,5.99,8.55,7.33,6.26,9.04],
[10.83,1.25,3.72,4,8.09,13.93,10.48,0.08,11.03],
[3.26,4.73,14.22,5.89,3.06,0.2,4.81,4.26,5.07],
[8.5,1.19,8.76,1.16,17.23,7.24,0.32,12.57,13.51],
[12.3,9.15,2.01,4.09,0.88,10.15,2.7,6.22,1.47],
[10.4,0.07,3.25,2.25,2.6,6.16,12.92,11.45,10.55],
[5.88,3.54,15.61,15.71,0.51,1.17,22.34,17.93,1.02],
[6,9.34,8.76,6.12,7.75,8.77,6.96,1.95,6.45],
[4.8,4.49,11.68,3.37,11.19,10,2.08,6.84,9.4],
[9.44,5.38,8.25,2.44,7.33,7.2,1.38,7.84,5.99],
[9.14,5.49,2.96,2.59,1.78,6.54,7.74,7.44,6.03],
[9.77,2.87,8.52,9.33,8.78,3.99,14.4,12.08,4.73],
[6.18,6.15,8.42,5.93,9.75,9.9,4.51,4.61,9.19],
[6.76,5.22,9,3.17,8.35,11.55,2.07,5.96,6.65],
[8.58,6.4,5.97,2.09,5.73,6.05,4.95,7.85,7.4],
[10.25,4.55,7.52,7.05,6.17,5.16,10.43,9.19,4.07],
[7.02,6.85,7.74,5.17,7.75,10.95,4.03,4.51,7.59],
[6.91,5.56,7.15,2.72,7.9,10.32,4.53,6.5,7.04],
[9.06,5.3,7.79,5.91,7.65,5.45,7.67,9.05,5.69],
[7.04,7.94,6.55,4.55,7.38,10.21,5.34,5.31,7.56],
[7.59,4.88,8.52,5.48,7.91,10.21,6.77,7.72,5.69],
[7.74,7.08,7.64,6.12,7.61,10.37,7.03,6.5,6.34],
[8.83,19.62,3.53,6.51,4.04,11.18,1.72,6.35,3.19],
[1.31,6.35,13.06,7.53,15.64,6.24,4.67,5.73,5.1],
[9.26,0.18,0.21,6.1,9.35,6.94,1.88,14.27,11.87],
[6.16,15.15,1.99,0.25,4.87,3.07,2.1,8.26,8.2],
[11.92,15.49,1.93,11.25,5.78,4.44,11.21,10.43,10.84],
[14.16,6.57,3.76,15.49,9.91,1.61,16.93,20.9,8.19],
[4.07,10.74,7.92,5.61,7.99,7.95,2.61,5.07,3.68],
[4.78,3.01,11.64,5.56,10.85,13.04,2.69,8.2,7.1],
[7.7,6.34,9.5,2.92,5.91,4.04,1.6,9.1,8.05],
[7.28,12.39,2.03,4.6,4.31,3.11,6.81,7.63,7.62],
[10.51,8.85,5.72,11.1,7.14,3.12,11.92,13.08,7.74],
[5.24,6.85,8.17,5.12,7.8,11.08,2.22,6.77,5.88],
[5.15,5.69,10.12,3.71,8,10.99,2.21,7.2,6.5],
[8.37,8.13,6.93,4.71,5.14,3.68,5.11,8.35,7.76],
[8.11,9.39,6.24,7.07,5.73,2.72,8.52,10.24,6.94],
[5.36,7.77,8.13,3.88,6.56,10.61,2.02,6.44,5.89],
[6.34,7.09,7.84,4.8,6.9,9.16,4.59,7.21,6.7],
[8.72,7.15,6.94,6.71,6.13,3.28,6.8,10.1,7.28],
[6.28,8.48,6.83,4.7,6.01,9.5,3.86,6.59,6.21],
[7.06,6.54,8.03,6.39,7.17,8.51,6.03,8.79,6.5],
[6.9,7.8,7.06,6.06,6.38,9.27,5.17,8.03,6.09],
[11.72,2.56,7.56,9.78,10.26,8.21,12.75,4.85,10.77],
[4.12,3.21,7.41,3.65,10.17,4.47,0.8,0.51,5.05],
[2.57,15.83,9.46,10.49,12.15,8.23,2.25,9.21,13.74],
[12.12,8.56,13.34,13.39,0.6,12.24,4.54,3.29,11.73],
[9.67,5.61,2.55,6.63,1.81,1.97,12.21,14.88,6.43],
[12.17,2.29,5.94,9.57,1.65,4.03,16.9,6.33,11.67],
[7.2,8.14,7.53,7.77,8.79,5.48,8.94,5.45,8.99],
[3.07,8.17,7.26,7.65,9.58,5.47,1.47,5.27,8.08],
[6.42,10.46,9.77,10.24,5.78,9.15,2.94,5.48,11.43],
[9.46,6.07,7.33,9.58,1.77,6.21,7.79,7.88,8.09],
[9.38,6.23,3.93,7.12,8.37,8.4,12.57,9.11,7.9],
[5.3,10.57,7.81,8.06,8.94,5.78,6.5,6,10.17],
[5.54,7.54,8.27,8.91,6.58,7.07,2.18,4.27,8.68],
[6.75,8.19,7.37,9.13,5.27,6.72,5.61,7.74,9.74],
[9.42,6.9,6.31,8.71,5.66,9.32,9.97,6.81,8.34],
[6.44,9.8,8.55,8.71,7.01,6.83,5.85,5.1,9.82],
[5.99,6.65,6.89,8.07,6.31,5.93,4.48,6.13,8.32],
[7.42,8.49,6.59,8.65,6.63,8.48,7.9,7.09,9.51],
[6.61,8.79,7.23,8.2,6.93,5.98,6.64,6.52,9.01],
[6.66,7.37,6.37,7.88,6.89,7.41,6.68,5.88,8.49],
[7.06,8.37,6.78,8.03,7.12,7.24,7.89,6.35,8.97],
[3.77,2.41,6.38,8.07,10.48,10.16,11.75,4.78,9.13],
[3.61,2.1,8.54,3.62,1.11,5.74,3.32,0.41,2.92],
[5.33,13.14,7.04,12.93,9.24,1.07,2.19,9.13,15.21],
[13.45,7.79,13.55,10.89,0.97,13.57,2.93,6.76,6.93],
[7.64,4.24,5.83,12.11,1.3,9.16,8.97,13.73,8.09],
[9.95,4.09,6.14,10.51,1.61,3.4,15.44,6.21,4.51],
[5.15,5.08,8.64,5.63,5.34,6.94,9,3.57,5.43],
[3.85,7.06,6.88,9.45,4.82,2.99,2.54,5.59,9.78],
[9.1,9.28,8.85,10.21,5.06,6.28,2.55,7.55,9.93],
[9.18,5.78,8.36,10.59,1.4,10.18,5.68,8.79,7.87],
[8.9,6.84,5.13,9.73,7.79,7.03,10.74,8.75,7.06],
[5.33,9.02,7.49,8.21,6.01,4.71,6.45,5.12,9.98],
[6.89,6.65,8.19,9.5,4.44,5.63,2.54,5.45,8.12],
[7.89,7.28,7.3,10.41,4.54,6.9,4.25,8.79,10.5],
[10.12,6.49,7,9.92,5.55,9.61,8.52,7.5,6.64],
[6.75,8.36,8.21,8.62,5.36,6.18,5.82,5.24,8.85],
[6.63,6.02,7.34,9.47,4.91,6.39,3.83,6.79,8.52],
[8.59,7.67,6.61,10.12,6.04,7.86,6.69,8.14,8.65],
[6.54,8.08,7.42,8.76,5.65,6.65,6.02,6.41,8.7],
[7.36,6.42,6.83,9.24,5.45,7.65,5.94,6.6,7.54],
[7.42,7.59,6.94,8.69,5.88,7.73,7.19,6.42,7.96],
[8.13,2.59,5.86,4.77,8.23,9.36,9.42,3.84,9.63],
[3.57,4.49,11.6,11.21,2.06,4.19,3.41,3.73,3.42],
[5.69,9.79,10.55,11.74,11.86,5.64,0.38,10.34,11.14],
[15.82,9.69,4.61,4.5,0.76,12.91,1.88,5.68,1.83],
[10.22,0.06,2.17,9.44,2.24,6.88,9.28,12.63,9.69],
[5.03,8.88,10.68,12.84,1.03,2.94,15.91,13.32,4.16],
[5.44,6.68,9.25,6.96,6.04,7.04,7.56,3.35,5.8],
[3.97,6.22,9.82,10.15,8.23,7.48,1.77,6.91,9.52],
[9.28,8.98,7.26,7.41,5.52,7.95,1.32,7.22,5.58],
[11.16,4.79,3.07,6.74,1.57,8.49,5.88,7.96,8.03],
[8.96,7.16,6.2,10.73,6.54,5.33,10.8,11.19,7.47],
[5.07,7.27,8.77,8.07,7.72,7.35,5.01,5.46,10.28],
[6.91,6.95,7.8,8.45,6.45,9.07,1.78,5.96,7.05],
[8.72,6.91,5.21,7.54,4.54,6.95,3.85,8.37,9.04],
[10.5,7.21,5.79,9.76,4.68,7.24,8.28,8.86,6.36],
[6.89,8.32,7.97,7.75,6.4,8.53,4.52,5.15,8.94],
[7.15,6.13,6.15,8.13,6.29,8.4,3.58,7.02,8.21],
[8.88,7.6,6.43,9.56,5.8,6.59,6.16,9.13,7.46],
[7.05,8.28,6.68,7.61,6.28,8.16,5.14,6.15,9.01],
[7.58,6.74,6.97,9.39,6.16,8.62,5.52,7.84,7.19],
[7.6,8.11,7.1,8.57,6.17,8.54,6.37,6.98,8.14],
[12.4,16.2,3,9.21,5.93,12.29,6.99,4.53,7.7],
[2.75,4.58,10.15,5.36,11.79,4.27,4.62,3.87,5.08],
[9.45,0.91,7.16,4.15,13.57,6.78,1.41,12.1,10.85],
[8.99,11.3,1.36,3.03,3.26,7.03,2.07,6.08,6.92],
[8.1,12.03,2.42,7.82,5.16,4.11,11.87,10.83,7.49],
[11.31,4.78,10.45,15.37,7.55,1.18,19.71,14.58,5.47],
[6.52,10.36,8.33,6.43,8.88,9.79,6.42,3.75,5.57],
[5.6,3.38,11.7,4.38,11.11,10.58,2.62,6.85,7.26],
[9.63,5.38,8.52,3.13,7.27,5.92,1.56,7.9,7.7],
[7.4,10.99,2.62,4.73,3.91,4.77,6.69,7.74,6.23],
[8.87,7.63,6.12,9.97,7.6,3.68,13.83,13.04,5.76],
[7.14,6.98,8.58,5.73,9.35,10.24,4.63,5.7,7.06],
[6.88,5.24,8.98,3.62,8.15,9.83,2.25,6.13,6.51],
[8.46,7.91,6.09,4.26,6.41,4.89,4.67,8.63,7.07],
[8.46,8.32,5.9,7.28,5.75,4.55,10.42,9.96,5.75],
[7.54,7.39,7.88,4.86,7.53,9.67,4.01,5.44,6.6],
[6.78,6.84,7.1,4.26,7.55,8.46,4.41,7.3,6.3],
[8.64,6.77,6.91,6.33,6.94,4.79,8.1,9.79,6.64],
[7.31,8.42,6.61,5.08,7.04,8.64,5.16,6.48,6.4],
[7.25,6.15,7.78,5.87,7.54,8.73,7.3,8.4,6.07],
[7.62,7.61,7.11,6.22,7.23,8.94,7.24,7.54,6.13],
[9.78,2.11,5.83,8.52,7.87,7.98,9.89,6.23,8.43],
[3.15,3.5,8.69,3.2,7.65,6.24,2.52,0.46,5.96],
[4.25,12.37,8.69,9.76,11.52,6.25,2.06,7.04,11.77],
[10.13,6.58,12.51,10.22,0.73,15.17,4.33,5.21,8.82],
[7.88,4.79,4.56,9.32,1.52,9.4,12.33,11.21,6.53],
[11.7,3.17,5.16,7.89,1.29,3.31,14.33,6.34,9.32],
[6.61,7.36,8.31,6.17,6.9,6.34,7.17,5.03,7.98],
[3.31,7.05,8,7.74,8.78,5.78,2.08,4.36,8.52],
[7.28,8.42,9.85,9.02,5.54,9.52,2.85,5.88,10.07],
[8.6,5.13,8.08,8.84,1.66,10.98,8.33,7.3,7.62],
[8.81,5.97,4.32,7.72,8.16,9.06,12.03,7.94,7.78],
[5.55,9.33,7.85,7.48,7.96,6.11,5.35,5.32,10.24],
[5.9,6.41,8.84,7.99,6.13,8.12,2.58,4.31,8.27],
[7.01,6.85,7.75,8.75,4.81,8.85,6.07,7.05,9.95],
[9.3,5.93,6.8,8.12,5.67,10.54,9.45,6.61,7.71],
[6.6,8.68,8.82,7.7,6.33,7.81,4.96,5.17,9.4],
[6.02,5.8,7.62,7.87,5.85,7.96,5.16,5.54,8.6],
[7.82,7.05,6.86,8.42,6.6,9.25,7.51,6.76,9.3],
[6.57,8.11,7.76,7.68,6.3,7.75,6.25,6.02,9.02],
[6.8,6.19,6.97,7.64,6.65,8.79,6.53,5.55,8.37],
[7.18,7.54,7.14,7.54,6.68,8.7,7.16,6.05,8.76],
[6.11,1.96,6.6,6.14,8.22,7.74,10.88,4.2,7.25],
[3.1,3.46,9.6,9.1,2.19,5.56,2.87,2.8,2.67],
[5.24,11.43,8,9.77,8.98,6.33,1.66,8.85,15.79],
[11.92,8.08,10.26,8.2,0.73,13.57,2.22,5.29,5.71],
[9.55,3.46,4.61,9.3,1.68,6.88,8.12,10.57,8.6],
[8.98,6.8,8.28,9.84,1.37,2.57,14.07,11.93,3.59],
[4.76,6.34,7.75,6.84,5.17,6.19,7.3,3.46,4.65],
[3.7,6.63,7.99,9.35,6.47,6.44,2.07,6.55,9.35],
[7.81,8.68,8.22,7.99,4.56,8.85,2,7.43,9.56],
[9.71,5.43,6.65,8.26,1.26,9.15,5.58,7.16,7.31],
[9.98,6.67,6.01,8.88,7.2,5.67,9.88,10.09,6.04],
[4.71,8.35,7.27,7.81,6.52,6.35,5.25,5.41,8.98],
[5.94,6.59,8.08,8.49,5.42,8.21,2.11,5.92,7.89],
[8.08,6.87,6.6,8.26,3.81,7.69,4.06,8.44,9.4],
[9.88,6.62,6.98,8.91,5.36,8.13,7.72,8.03,5.8],
[6,8.33,7.58,7.65,5.77,7.7,4.71,5.27,8.38],
[6.72,5.88,6.93,8.34,5.32,7.72,3.63,6.89,7.89],
[8.43,7.29,6.83,9.02,5.84,7.51,6.05,8.78,7.7],
[6.5,7.99,6.76,7.67,5.76,7.46,5.2,6.22,8.12],
[7.21,6.35,7.11,8.76,5.86,8.13,5.32,7.47,6.91],
[7.04,7.69,6.88,8.1,6.02,8,6.27,6.83,7.37],
[9.42,12.25,4.44,7.43,7.23,9.61,7.22,5.01,7.96],
[2.85,4.03,9.83,8.63,9.15,5.01,3.49,3.29,4.02],
[7.4,7.47,10.2,9.62,10.22,6.34,1.43,11.9,10.74],
[11.9,13.33,3.53,3.99,2.45,9.69,1.57,5.19,7.07],
[7.98,9.52,1.84,9.7,3.92,5.28,9.01,13.88,8.2],
[10.88,7.33,8.02,15.02,5.68,3.01,14.95,11.4,8.76],
[5.55,8.11,8.96,7.2,8.01,7.83,7.16,4.37,5.62],
[4.62,5.15,10.27,8.31,8.93,8.29,2.31,7.12,7.86],
[8.97,9.33,7.75,6.53,5.71,7.19,1.52,7.61,8.03],
[8.84,10.55,2.72,7.2,3.07,6.67,5.33,8.48,7.68],
[8.98,9.09,4.87,11.01,6.12,5.07,11.15,12.32,7.73],
[5.83,7.41,8.79,7.47,8.09,8.13,5.17,6.24,8.38],
[6.59,7.15,8.03,7.2,6.71,8.45,1.99,6.22,7.11],
[8.1,9.23,5.51,7.4,5.14,6.13,3.84,8.86,8.57],
[9.35,9.65,4.87,9.31,4.66,6.48,8.74,9.69,7.44],
[6.89,8.42,7.99,6.93,6.57,8.25,4.5,5.74,7.91],
[6.58,7.67,6.31,7.49,6.31,7.57,3.64,7.54,7.42],
[8.52,8.74,6.05,8.89,5.6,6.15,6.82,9.7,8.23],
[6.81,8.82,6.66,7.19,6.22,7.6,5.1,6.87,7.78],
[7.22,7.59,6.7,8.57,6.24,8.04,6.2,8.33,7.35],
[7.33,8.43,6.76,8.12,6.21,8.08,6.72,7.71,7.65],
[9.2,1.89,6.67,6.81,6.58,6.42,9.17,6.01,6.87],
[3,3.8,8.79,7.31,8.49,6.63,2.3,2.24,5.73],
[4.25,10.63,8.32,7.85,10.06,7.96,1.64,7.51,12.66],
[9.73,6.72,10,8.18,0.58,13.76,3.48,4.3,8.05],
[10.52,4.34,3.92,7.56,2.02,7.67,10.28,9.39,7.72],
[9.92,5.86,6.73,7.97,1.2,2.73,12.75,10.03,7.46],
[5.82,7.89,7.6,6.68,6.88,5.94,6.06,4.59,6.96],
[3.33,6.7,8.01,7.83,9.48,7.87,1.8,5.44,8.74],
[6.57,8.1,9.13,7.44,4.85,9.88,2.34,6.12,9.54],
[9.21,5.06,6.67,7.27,1.55,9.93,7.51,6.25,7.75],
[9.64,6.35,5.09,7.44,7.73,7.58,11.12,8.89,7.17],
[5.02,8.74,7.38,7.07,8.16,7.15,4.52,5.44,9.42],
[5.29,6.38,8.5,7.48,6.66,9.35,2.2,4.9,8.03],
[7.38,6.66,7.08,7.29,4.12,8.83,5.51,7.04,9.2],
[9.21,6.29,6.84,7.58,5.54,9.09,8.66,7.02,7.22],
[5.95,8.61,8.12,7.01,6.57,8.58,4.19,5.13,8.84],
[6.27,5.75,7.15,7.23,6.12,8.59,4.68,5.79,8.06],
[7.77,6.97,6.95,7.8,6.35,8.48,6.85,7.4,8.43],
[6.57,8.07,7.12,6.91,6.38,8.13,5.53,5.88,8.46],
[6.76,6.23,7.05,7.52,6.88,8.85,5.91,6.32,7.68],
[6.94,7.7,6.98,7.23,6.75,8.68,6.42,6.32,8.09],
[7.73,10.28,5.51,7.17,8.03,8.83,8.71,4.62,6.37],
[2.54,3.4,8.99,7.36,7.37,5.38,2.9,2.65,3.22],
[6.25,9.63,8.16,8.82,8.18,7.6,1.91,11.28,13.46],
[9.55,10.81,8.73,6.66,2.33,11.05,1.82,5.37,7.8],
[8.22,8.88,3.7,8.89,3.21,5.81,7.73,12.89,7.33],
[11.25,5.9,6.65,12.02,5.78,2.92,14.68,11.34,7.05],
[4.92,7.58,7.75,7,7.23,6.9,6.82,4.22,4.66],
[4.07,5.94,8.67,8.02,7.32,7.33,2.24,7.07,8],
[7.68,9.33,8.25,7.04,4.96,8.57,1.85,7.73,9.7],
[8.15,9.16,5.79,7.84,2.69,7.73,4.96,8.31,7.07],
[9.36,7.83,4.93,9.51,6.79,5.61,10.44,11.2,6.58],
[5.26,8.16,7.55,7.34,7.14,7.35,5.11,6.17,7.7],
[5.73,7.04,8.25,7.34,5.81,8.07,2.05,6.15,7.48],
[7.72,8.76,6.42,7.79,4.49,7.26,3.77,8.87,8.67],
[8.88,8.25,6.08,8.71,5.22,7.58,8.23,8.92,6.65],
[6.06,8.43,7.65,6.98,6.04,7.88,4.48,5.75,7.52],
[6.32,7.23,6.92,7.58,5.53,7.38,3.46,7.36,7.21],
[8.22,8.24,6.35,8.54,5.65,7.32,6.56,9.31,7.96],
[6.39,8.48,6.71,7.28,5.79,7.39,4.94,6.81,7.24],
[6.98,7.12,6.86,8.16,5.98,7.95,5.83,7.94,6.94],
[6.95,8.01,6.63,7.82,6.1,7.97,6.48,7.45,7.01],
[9.2,9.53,5.63,7.06,6.71,7.84,7.66,5.63,6.46],
[2.52,3.97,8.82,6.17,10.3,5.97,2.45,2.23,5.23],
[5.42,9.07,7.96,7.45,9.79,8.1,1.76,9.49,11.22],
[8.14,9.63,8.55,6.83,1.99,11.49,3.05,4.48,8.61],
[8.96,8.01,3.27,7.68,3.63,6.93,10.33,11.07,7.01],
[10.87,5.16,5.65,10.02,4.82,2.81,14.26,10.17,8.65],
[5.5,8.66,7.76,6.73,7.85,6.45,5.82,5.02,6.54],
[3.67,6.1,8.58,6.98,9.46,7.96,1.95,5.99,7.7],
[6.74,8.66,9.02,6.64,5.45,9.11,2.22,6.55,9.36],
[7.9,8.16,5.91,6.99,2.91,8.6,7.04,7.18,7.32],
[9.19,7.06,4.32,8.17,7.25,7.31,11.37,9.94,7.23],
[5.24,8.56,7.56,6.78,8.19,7.61,4.46,6.14,8.25],
[5.21,6.86,8.6,6.62,6.84,8.72,2.19,5.24,7.66],
[7.12,8.07,6.85,7,4.97,8.18,5.23,7.6,8.47],
[8.45,7.59,6.08,7.63,5.41,8.43,8.93,7.84,7.36],
[5.91,8.64,8.12,6.54,6.62,8.34,4.08,5.57,8.03],
[5.94,6.88,7.12,6.74,6.33,8.01,4.53,6.34,7.44],
[7.69,7.64,6.52,7.56,6.19,8.05,7.18,8.06,8.27],
[6.34,8.44,7.02,6.7,6.35,7.84,5.33,6.4,7.66],
[6.64,6.84,6.87,7.19,6.81,8.43,6.28,6.91,7.51],
[6.85,7.93,6.75,7.12,6.66,8.42,6.58,6.93,7.63]]
[[0,0,0,0,0,0,0,0,0],
[0,0,0,0,0,0,0,0,0],
[0,0,0,0,0,0,0,0,0],
[0,0,0,0,0,0,0,0,0],
[0,0,0,0,0,0,0,0,0],
[0,0,0,0,0,0,0,0,0],
[0.02,0,0,0.02,0,0.01,0.04,0.01,0.02],
[0,0,0.01,0.02,0.04,0.01,0.02,0,0],
[0,0,0.01,0.02,0.01,0.02,0,0.01,0],
[0.02,0,0.02,0.01,0,0,0,0,0.01],
[0,0,0.02,0.01,0.02,0.02,0.04,0.02,0.02],
[0.01,0,0.01,0.04,0.02,0,0.02,0,0.02],
[0,0,0,0.01,0.02,0.01,0.02,0,0],
[0.01,0,0.02,0.01,0.01,0.01,0,0,0.01],
[0.01,0,0.01,0,0.01,0.02,0.04,0.01,0.01],
[0.01,0,0.01,0.03,0.02,0.01,0.02,0,0.02],
[0.01,0,0.02,0.01,0.02,0.01,0.02,0,0.01],
[0.01,0,0.02,0.01,0.01,0.02,0.03,0.02,0.01],
[0.01,0,0.01,0.02,0.01,0.01,0.02,0,0.01],
[0.01,0,0.01,0.01,0.02,0.01,0.03,0.02,0.01],
[0.01,0,0.01,0.02,0.01,0.01,0.03,0.01,0.01],
[0,0,0,0,0,0,0,0,0],
[0,0,0,0,0,0,0,0,0],
[0,0,0,0,0,0,0,0,0],
[0,0,0,0,0,0,0,0,0],
[0,0,0,0,0,0,0,0,0],
[0,0,0,0,0,0,0,0,0],
[0.02,0,0,0,0,0.04,0,0.02,0.04],
[0.04,0,0,0.02,0,0.04,0,0.04,0],
[0,0,0,0,0.04,0,0,0.02,0],
[0.08,0,0.01,0.02,0.04,0,0.01,0,0.02],
[0.02,0.04,0,0.02,0,0,0.02,0.04,0.01],
[0.02,0,0,0.01,0,0.03,0,0.02,0.03],
[0.04,0,0,0.01,0.04,0.03,0,0.02,0],
[0.04,0,0,0.01,0.03,0,0,0.01,0.02],
[0.04,0.02,0,0.04,0.03,0,0.02,0.03,0.01],
[0.03,0,0,0.01,0.03,0.02,0,0.02,0.02],
[0.04,0,0,0.01,0.03,0.02,0,0.02,0.02],
[0.03,0.02,0,0.04,0.02,0,0.02,0.02,0.02],
[0.03,0,0.01,0.01,0.02,0.02,0,0.01,0.02],
[0.03,0.01,0,0.03,0.02,0.02,0.02,0.03,0.02],
[0.03,0.01,0.01,0.02,0.02,0.01,0.01,0.02,0.02],
[0,0,0,0,0,0,0,0,0],
[0,0,0,0,0,0,0,0,0],
[0,0,0,0,0,0,0,0,0],
[0,0,0,0,0,0,0,0,0],
[0,0,0,0,0,0,0,0,0],
[0,0,0,0,0,0,0,0,0],
[0,0,0,0.02,0.01,0,0,0,0],
[0,0,0.02,0,0,0.02,0.08,0,0.02],
[0,0.01,0.02,0.04,0,0,0.08,0,0],
[0,0,0.04,0.02,0,0.04,0.02,0.02,0],
[0.02,0.02,0,0,0,0.04,0.01,0,0],
[0,0.01,0.01,0.01,0.01,0.02,0.04,0,0.01],
[0,0.01,0.01,0.03,0,0.01,0.05,0,0.01],
[0,0,0.02,0.02,0,0.04,0.04,0.01,0],
[0.01,0.01,0.03,0.01,0,0.03,0.02,0.01,0.01],
[0,0.02,0.01,0.02,0.01,0.02,0.04,0,0.01],
[0,0.01,0.02,0.02,0,0.03,0.04,0.01,0.01],
[0.01,0.01,0.02,0.02,0,0.03,0.03,0.01,0.01],
[0,0.02,0.02,0.02,0.01,0.03,0.03,0,0.01],
[0.01,0.01,0.02,0.02,0,0.02,0.03,0.01,0.01],
[0,0.01,0.02,0.01,0.01,0.02,0.03,0.01,0.01],
[0,0,0,0,0,0,0,0,0],
[0,0,0,0,0,0,0,0,0],
[0,0,0,0,0,0,0,0,0],
[0,0,0,0,0,0,0,0,0],
[0,0,0,0,0,0,0,0,0],
[0,0,0,0,0,0,0,0,0],
[0.04,0,0.04,0.01,0.02,0,0.02,0.02,0.01],
[0,0,0.01,0.01,0,0,0,0.02,0],
[0.04,0.01,0.02,0.02,0.04,0.01,0,0.04,0.02],
[0,0.01,0.08,0,0.04,0,0.02,0.04,0.01],
[0.04,0.04,0.08,0,0.02,0,0.08,0.02,0],
[0.02,0,0.02,0,0.01,0,0.01,0.01,0.01],
[0.04,0,0.01,0.01,0.04,0.01,0,0.02,0.01],
[0.02,0,0.04,0.01,0.03,0,0.01,0.03,0.01],
[0.04,0.02,0.05,0,0.02,0,0.04,0.02,0],
[0.03,0,0.03,0.01,0.03,0.01,0.01,0.02,0.01],
[0.03,0,0.03,0.01,0.03,0.01,0.01,0.02,0.01],
[0.03,0.02,0.04,0.01,0.02,0,0.03,0.02,0.01],
[0.03,0,0.03,0.01,0.02,0.01,0.02,0.02,0.01],
[0.03,0.02,0.03,0.01,0.03,0.01,0.02,0.02,0.01],
[0.03,0.01,0.03,0.01,0.02,0.01,0.02,0.02,0.01],
[0,0,0,0,0,0,0,0,0],
[0,0,0,0,0,0,0,0,0],
[0,0,0,0,0,0,0,0,0],
[0,0,0,0,0,0,0,0,0],
[0,0,0,0,0,0,0,0,0],
[0,0,0,0,0,0,0,0,0],
[0.02,0.02,0.02,0.02,0.02,0,0,0.02,0],
[0.02,0,0.04,0,0.02,0,0.02,0,0.02],
[0.02,0,0.04,0,0.02,0,0,0.02,0],
[0,0,0,0,0.02,0.04,0,0.02,0.01],
[0.02,0,0.02,0.04,0,0,0,0.02,0.01],
[0.01,0.01,0.02,0.02,0.01,0,0.01,0.01,0.01],
[0.04,0,0.03,0,0.01,0,0.02,0.01,0.01],
[0.01,0,0.04,0,0.01,0.02,0,0.04,0],
[0.01,0,0.01,0.04,0.01,0.02,0,0.01,0],
[0.03,0.01,0.02,0.02,0.01,0,0.02,0.01,0.01],
[0.04,0,0.03,0,0.01,0.02,0.02,0.04,0.01],
[0.01,0,0.03,0.04,0.01,0.02,0.01,0.03,0],
[0.03,0.01,0.03,0.02,0.01,0.02,0.02,0.03,0.01],
[0.03,0,0.02,0.03,0.01,0.01,0.02,0.03,0.01],
[0.02,0.01,0.02,0.03,0.01,0.01,0.02,0.02,0.01],
[0,0,0,0,0,0,0,0,0],
[0,0,0,0,0,0,0,0,0],
[0,0,0,0,0,0,0,0,0],
[0,0,0,0,0,0,0,0,0],
[0,0,0,0,0,0,0,0,0],
[0,0,0,0,0,0,0,0,0],
[0,0.01,0,0.04,0,0.04,0,0.01,0],
[0,0.02,0.01,0.04,0.01,0.04,0,0.02,0.02],
[0,0.08,0.02,0.04,0,0.01,0,0.04,0.02],
[0.04,0.04,0,0.08,0,0,0,0,0.04],
[0.02,0,0,0,0.01,0.02,0.04,0.02,0.04],
[0,0.02,0,0.03,0.01,0.03,0,0.02,0.01],
[0,0.04,0.01,0.03,0.01,0.02,0,0.02,0.01],
[0.03,0.04,0.01,0.04,0,0,0,0.03,0.02],
[0.02,0.03,0,0.05,0.01,0.01,0.02,0.01,0.03],
[0,0.03,0.01,0.03,0.02,0.02,0,0.02,0.01],
[0.02,0.03,0.01,0.04,0.01,0.02,0,0.02,0.02],
[0.02,0.03,0.01,0.04,0.01,0.01,0.02,0.02,0.02],
[0.02,0.03,0.01,0.03,0.01,0.02,0,0.02,0.02],
[0.02,0.02,0.01,0.04,0.01,0.02,0.02,0.02,0.02],
[0.01,0.02,0.01,0.03,0.01,0.02,0.01,0.02,0.02],
[0,0,0,0,0,0,0,0,0],
[0,0,0,0,0,0,0,0,0],
[0,0,0,0,0,0,0,0,0],
[0,0,0,0,0,0,0,0,0],
[0,0,0,0,0,0,0,0,0],
[0,0,0,0,0,0,0,0,0],
[0.02,0,0.02,0,0,0.08,0.04,0.04,0.02],
[0,0.02,0.02,0.02,0.04,0.02,0.02,0.08,0],
[0,0.04,0,0,0.04,0.01,0.04,0.04,0.04],
[0,0,0,0.01,0,0.01,0.02,0,0.04],
[0.04,0,0,0.02,0,0,0.01,0,0],
[0.02,0.02,0.01,0.01,0.03,0.04,0.02,0.04,0.01],
[0,0.02,0.01,0.01,0.03,0.02,0.02,0.04,0.03],
[0,0.03,0,0,0.03,0,0.02,0.03,0.03],
[0.02,0,0,0.02,0,0,0.01,0,0.03],
[0.02,0.02,0.01,0.01,0.02,0.03,0.03,0.03,0.02],
[0,0.02,0.01,0.01,0.02,0.02,0.02,0.03,0.02],
[0.02,0.02,0,0.02,0.02,0,0.02,0.03,0.02],
[0.02,0.02,0.01,0.01,0.02,0.02,0.03,0.03,0.02],
[0.02,0.02,0.01,0.02,0.02,0.01,0.01,0.03,0.02],
[0.02,0.01,0.01,0.01,0.01,0.02,0.02,0.03,0.02],
[0.02,0,0.04,0.02,0.02,0.02,0.04,0,0],
[0.02,0,0.01,0,0.08,0.02,0,0,0.02],
[0.02,0,0,0.08,0,0.02,0.02,0.02,0],
[0.04,0,0.01,0.02,0.02,0,0.04,0.01,0],
[0.04,0,0.02,0.01,0.02,0,0,0.01,0],
[0.01,0.02,0,0.02,0,0.02,0.08,0,0],
[0.01,0,0.02,0.01,0.03,0.02,0.02,0.01,0.03],
[0.02,0,0,0.03,0.03,0.02,0.01,0.02,0.01],
[0.02,0,0,0.04,0.02,0.01,0.02,0.01,0.01],
[0.03,0,0.02,0.02,0.02,0,0.02,0,0.01],
[0.02,0.02,0.01,0.01,0.01,0.02,0.03,0.02,0.01],
[0.01,0,0.01,0.02,0.02,0.01,0.02,0.01,0.03],
[0.02,0,0,0.02,0.03,0.02,0.02,0.01,0.01],
[0.02,0,0.01,0.03,0.02,0.01,0.01,0.01,0.01],
[0.02,0.01,0.01,0.02,0.02,0.01,0.03,0.02,0.01],
[0.02,0,0.01,0.02,0.02,0.01,0.02,0.01,0.02],
[0.02,0,0.01,0.02,0.02,0.01,0.01,0.01,0.01],
[0.02,0.01,0.01,0.02,0.01,0.01,0.02,0.02,0.01],
[0.02,0,0.01,0.02,0.02,0.01,0.02,0.01,0.02],
[0.02,0.01,0.01,0.02,0.02,0.01,0.02,0.02,0.01],
[0.02,0.01,0.01,0.02,0.02,0.01,0.02,0.02,0.02],
[0,0.02,0,0.01,0,0,0.02,0,0.01],
[0.02,0,0,0,0.02,0.02,0.04,0.04,0.02],
[0.01,0,0.02,0,0.02,0.04,0,0,0],
[0.02,0.01,0,0.08,0,0.02,0.04,0.04,0],
[0,0.02,0.02,0,0.02,0,0,0.01,0.02],
[0.01,0.04,0.02,0.02,0.01,0.01,0.04,0.02,0],
[0.01,0.01,0,0.01,0.01,0.02,0.02,0.02,0.02],
[0.02,0,0.01,0.01,0.02,0.02,0.03,0.02,0.01],
[0.01,0,0.01,0.04,0.02,0.02,0.03,0.02,0],
[0.03,0.01,0.02,0.03,0.02,0.02,0.02,0.02,0.02],
[0.02,0.02,0.01,0.01,0.01,0.02,0.02,0.02,0.01],
[0.01,0.01,0.01,0.01,0.01,0.02,0.02,0.01,0.02],
[0.02,0,0.01,0.02,0.02,0.02,0.03,0.02,0.01],
[0.02,0.01,0.02,0.02,0.02,0.02,0.02,0.01,0.01],
[0.02,0.01,0.02,0.02,0.01,0.01,0.02,0.02,0.01],
[0.01,0.01,0.01,0.02,0.02,0.02,0.02,0.02,0.01],
[0.02,0.01,0.01,0.02,0.02,0.02,0.02,0.02,0.01],
[0.02,0.01,0.02,0.02,0.01,0.02,0.02,0.01,0.01],
[0.02,0.01,0.01,0.02,0.02,0.02,0.02,0.02,0.02],
[0.02,0.01,0.02,0.02,0.02,0.02,0.02,0.02,0.01],
[0.01,0.01,0.02,0.02,0.01,0.02,0.02,0.02,0.01],
[0.01,0.04,0.04,0,0.01,0,0,0,0.01],
[0.02,0.02,0,0,0.02,0,0.02,0.02,0],
[0,0.01,0,0.02,0,0.02,0.02,0,0],
[0.02,0.01,0,0.04,0.04,0,0.02,0.08,0.04],
[0.02,0,0,0,0,0.04,0.02,0,0],
[0.04,0,0.08,0,0.01,0,0.04,0.01,0],
[0.02,0.02,0.02,0.01,0.02,0,0.01,0.01,0],
[0.01,0.01,0.01,0.01,0.01,0.02,0.03,0.01,0.01],
[0.02,0,0.02,0.02,0.02,0.01,0.03,0.03,0.02],
[0.02,0,0.04,0.02,0.02,0.02,0.03,0.03,0.02],
[0.02,0.02,0.04,0,0.01,0.02,0.03,0.01,0],
[0.01,0.02,0.02,0.01,0.01,0.01,0.02,0.01,0.01],
[0.02,0.01,0.01,0.02,0.02,0.01,0.02,0.02,0.01],
[0.01,0,0.03,0.02,0.02,0.02,0.02,0.02,0.01],
[0.02,0.02,0.04,0.01,0.02,0.02,0.03,0.02,0.01],
[0.01,0.01,0.02,0.01,0.02,0.01,0.02,0.02,0.01],
[0.02,0.01,0.02,0.01,0.01,0.02,0.02,0.02,0.01],
[0.02,0.01,0.03,0.01,0.01,0.01,0.02,0.02,0.01],
[0.01,0.01,0.02,0.01,0.01,0.01,0.02,0.01,0.01],
[0.02,0.01,0.03,0.01,0.01,0.01,0.02,0.02,0.01],
[0.02,0.01,0.03,0.01,0.01,0.01,0.02,0.01,0.01],
[0.01,0,0,0,0,0,0.04,0,0.02],
[0.08,0.02,0,0,0.04,0,0.02,0.04,0],
[0,0.01,0.02,0.04,0,0,0,0,0.02],
[0.08,0,0,0,0,0.02,0,0.02,0],
[0.04,0.01,0.08,0,0,0,0.04,0.04,0],
[0.02,0,0.02,0.04,0.01,0,0,0.01,0.01],
[0.03,0.01,0.02,0.01,0.02,0,0.03,0.02,0.01],
[0.03,0.01,0.02,0.02,0.02,0,0.01,0.02,0.01],
[0.03,0,0.03,0.02,0.02,0.01,0,0.03,0.01],
[0.04,0,0.04,0,0.02,0.02,0.02,0.02,0],
[0.02,0.02,0.04,0.02,0.01,0,0.04,0.02,0],
[0.02,0.01,0.02,0.02,0.01,0,0.02,0.01,0.01],
[0.03,0.01,0.02,0.01,0.02,0.01,0.01,0.03,0.01],
[0.03,0,0.03,0.01,0.02,0.01,0.01,0.03,0.01],
[0.03,0.01,0.03,0.02,0.01,0.01,0.02,0.01,0],
[0.03,0.01,0.02,0.02,0.02,0.01,0.01,0.02,0.01],
[0.03,0.01,0.03,0.01,0.02,0.01,0.01,0.03,0.01],
[0.02,0.01,0.03,0.02,0.01,0.01,0.02,0.02,0.01],
[0.03,0,0.03,0.01,0.02,0.01,0.02,0.02,0.01],
[0.03,0.01,0.02,0.02,0.02,0.01,0.02,0.02,0.01],
[0.02,0.01,0.03,0.02,0.01,0.01,0.02,0.02,0.01],
[0,0,0,0.02,0,0.02,0.01,0.01,0.02],
[0.02,0,0.01,0.04,0.01,0.02,0.02,0.02,0.04],
[0,0.02,0.04,0,0.02,0.01,0,0,0.01],
[0,0.02,0.02,0.08,0,0,0,0.01,0],
[0.08,0,0.02,0,0.02,0.02,0,0,0],
[0,0,0,0.08,0,0,0.08,0,0],
[0.01,0.01,0.01,0.02,0.01,0.02,0.01,0.02,0.02],
[0.02,0.01,0.02,0.03,0.01,0.02,0.02,0.01,0.02],
[0.01,0.03,0.02,0.04,0.02,0.01,0,0.02,0.01],
[0.04,0.02,0.02,0.04,0.02,0.02,0,0.01,0.02],
[0.03,0,0.02,0.04,0.01,0.01,0.03,0.02,0.02],
[0.01,0.01,0.01,0.02,0.01,0.01,0.01,0.02,0.01],
[0.02,0.02,0.02,0.03,0.01,0.01,0.01,0.02,0.01],
[0.02,0.02,0.02,0.02,0.02,0.01,0,0.03,0.01],
[0.02,0.01,0.01,0.04,0.01,0.01,0.02,0.01,0.01],
[0.01,0.02,0.01,0.03,0.01,0.01,0.01,0.02,0.01],
[0.02,0.01,0.02,0.03,0.01,0.01,0.01,0.02,0.01],
[0.02,0.01,0.02,0.03,0.01,0.01,0.01,0.02,0.01],
[0.02,0.01,0.01,0.02,0.01,0.01,0.01,0.02,0.01],
[0.02,0.01,0.01,0.03,0.01,0.02,0.02,0.02,0.01],
[0.02,0.01,0.01,0.03,0.01,0.01,0.02,0.02,0.01],
[0,0.02,0,0,0,0,0.02,0.02,0.02],
[0.01,0,0.02,0.04,0,0,0.01,0.02,0],
[0.04,0.08,0.01,0.02,0,0.01,0,0,0.01],
[0.02,0.04,0,0,0.04,0.01,0.02,0,0.08],
[0,0,0,0.02,0.02,0,0,0,0.02],
[0,0,0,0,0,0.02,0,0.04,0],
[0.01,0.01,0.01,0.02,0,0.04,0.02,0.02,0.02],
[0.02,0.03,0.01,0.02,0.02,0.02,0.01,0.04,0.01],
[0.02,0.04,0.01,0.02,0.02,0,0.02,0.03,0.03],
[0.02,0.02,0,0.03,0.02,0,0.02,0,0.03],
[0.02,0,0,0.01,0.01,0.01,0.02,0.02,0.02],
[0.01,0.02,0.01,0.02,0.02,0.03,0.01,0.03,0.01],
[0.01,0.03,0.01,0.02,0.02,0.02,0.01,0.03,0.02],
[0.02,0.03,0,0.02,0.02,0,0.01,0.02,0.02],
[0.02,0.02,0,0.03,0.01,0.01,0.01,0.01,0.03],
[0.01,0.02,0.01,0.02,0.02,0.02,0.02,0.02,0.02],
[0.02,0.02,0.01,0.02,0.02,0.01,0.01,0.02,0.02],
[0.02,0.02,0,0.03,0.01,0.01,0.02,0.02,0.02],
[0.02,0.02,0.01,0.02,0.02,0.02,0.01,0.02,0.02],
[0.02,0.02,0.01,0.03,0.01,0.02,0.01,0.02,0.02],
[0.02,0.02,0.01,0.02,0.01,0.02,0.02,0.02,0.02],
[0.01,0.01,0.02,0.02,0.01,0.01,0.02,0,0.01],
[0.01,0,0,0,0.04,0.01,0.03,0.02,0.01],
[0.01,0,0.01,0.04,0.01,0.02,0.02,0.01,0],
[0.02,0,0,0.04,0.01,0.01,0.03,0.02,0.01],
[0.02,0.01,0.01,0,0.01,0.01,0,0,0.01],
[0,0.02,0.01,0.01,0,0.01,0.04,0.01,0],
[0.01,0.01,0.01,0.01,0.02,0.01,0.02,0.01,0.02],
[0.01,0,0.01,0.02,0.02,0.01,0.02,0.02,0.01],
[0.01,0,0.01,0.03,0.01,0.02,0.03,0.01,0.01],
[0.02,0.01,0.02,0.02,0.01,0.01,0.01,0.01,0.01],
[0.02,0.02,0.01,0.01,0.01,0.02,0.02,0.01,0.01],
[0.01,0.01,0.01,0.02,0.02,0.02,0.02,0.01,0.02],
[0.01,0,0.01,0.02,0.02,0.02,0.03,0.02,0.01],
[0.02,0.01,0.02,0.02,0.01,0.02,0.02,0.01,0.01],
[0.02,0.01,0.02,0.02,0.01,0.02,0.02,0.02,0.01],
[0.01,0.01,0.01,0.02,0.02,0.01,0.02,0.01,0.02],
[0.01,0.01,0.01,0.02,0.02,0.02,0.02,0.01,0.01],
[0.01,0.01,0.01,0.02,0.01,0.02,0.02,0.01,0.01],
[0.01,0.01,0.01,0.02,0.02,0.01,0.02,0.01,0.02],
[0.01,0.01,0.01,0.02,0.01,0.02,0.02,0.02,0.01],
[0.01,0.01,0.01,0.02,0.01,0.02,0.02,0.01,0.01],
[0,0.02,0.04,0,0,0,0.02,0,0],
[0.01,0.01,0,0,0.04,0.02,0.02,0.02,0.01],
[0.01,0,0.01,0.02,0.01,0.02,0.01,0,0],
[0.01,0,0,0.04,0.04,0.01,0.02,0.04,0.02],
[0.02,0.01,0.01,0,0.01,0.02,0.01,0.01,0.01],
[0.02,0.04,0.04,0.02,0,0,0.03,0.02,0],
[0.01,0.01,0.02,0.01,0.02,0.01,0.02,0.02,0.01],
[0.01,0.01,0.01,0.01,0.02,0.02,0.02,0.02,0.01],
[0.01,0,0.01,0.03,0.02,0.01,0.02,0.02,0.01],
[0.03,0.01,0.03,0.02,0.02,0.02,0.02,0.02,0.01],
[0.02,0.02,0.03,0.01,0.01,0.02,0.03,0.01,0],
[0.01,0.01,0.02,0.01,0.02,0.02,0.02,0.01,0.02],
[0.02,0,0.01,0.02,0.02,0.02,0.02,0.02,0.01],
[0.02,0.01,0.02,0.02,0.02,0.02,0.02,0.02,0.01],
[0.02,0.02,0.03,0.02,0.02,0.01,0.02,0.02,0.01],
[0.02,0.01,0.01,0.02,0.02,0.01,0.02,0.02,0.02],
[0.02,0.01,0.02,0.01,0.02,0.02,0.02,0.02,0.01],
[0.02,0.01,0.02,0.02,0.02,0.01,0.02,0.02,0.01],
[0.02,0.01,0.02,0.01,0.02,0.01,0.02,0.02,0.01],
[0.02,0.01,0.02,0.01,0.02,0.01,0.02,0.02,0.01],
[0.02,0.01,0.02,0.01,0.02,0.01,0.02,0.02,0.01],
[0,0.03,0.02,0,0.01,0,0.02,0,0.01],
[0.04,0.01,0,0,0.02,0,0.04,0.02,0],
[0,0,0.01,0.02,0,0.01,0.01,0,0.02],
[0.04,0,0,0.04,0.02,0.01,0.01,0.04,0.03],
[0.02,0,0.05,0,0,0.04,0.02,0.02,0],
[0.02,0,0.04,0.02,0,0,0.03,0,0],
[0.02,0.02,0.02,0.01,0.01,0,0.03,0.01,0.01],
[0.02,0.01,0.02,0.01,0.01,0.01,0.02,0.01,0.01],
[0.02,0,0.02,0.03,0.02,0.01,0.02,0.02,0.02],
[0.03,0,0.03,0.02,0.02,0.02,0.02,0.03,0.01],
[0.02,0.01,0.04,0.01,0.01,0.02,0.03,0.01,0],
[0.01,0.01,0.02,0.01,0.01,0.01,0.02,0.01,0.01],
[0.02,0.01,0.02,0.02,0.02,0.01,0.02,0.02,0.02],
[0.02,0,0.03,0.02,0.01,0.02,0.02,0.02,0.02],
[0.02,0.01,0.03,0.02,0.01,0.02,0.02,0.02,0.01],
[0.02,0.01,0.02,0.02,0.01,0.01,0.02,0.02,0.01],
[0.02,0.01,0.02,0.01,0.01,0.01,0.02,0.02,0.01],
[0.02,0.01,0.03,0.02,0.01,0.01,0.02,0.02,0.01],
[0.02,0.01,0.02,0.01,0.01,0.01,0.02,0.02,0.01],
[0.02,0.01,0.02,0.02,0.01,0.01,0.02,0.02,0.01],
[0.02,0.01,0.02,0.02,0.01,0.01,0.02,0.02,0.01],
[0,0,0.01,0.01,0,0.01,0.02,0.01,0.01],
[0.04,0.01,0,0.02,0.02,0.01,0.01,0.02,0.02],
[0,0.02,0.02,0.02,0.01,0,0,0,0.01],
[0.04,0.01,0.02,0.04,0,0.01,0,0.01,0],
[0.04,0.01,0.04,0,0.01,0.01,0.03,0.02,0],
[0.01,0,0.02,0.04,0,0,0.05,0.01,0.01],
[0.02,0.01,0.01,0.01,0.01,0.01,0.02,0.01,0.01],
[0.02,0.01,0.01,0.02,0.01,0.01,0.01,0.02,0.01],
[0.02,0.02,0.02,0.03,0.02,0.01,0,0.03,0.01],
[0.04,0.01,0.03,0.02,0.02,0.01,0.01,0.01,0.01],
[0.03,0.01,0.03,0.02,0.01,0.01,0.03,0.01,0.01],
[0.01,0.01,0.01,0.02,0.01,0.01,0.01,0.02,0.01],
[0.02,0.01,0.02,0.02,0.02,0.01,0.01,0.02,0.01],
[0.02,0.01,0.02,0.02,0.02,0.01,0.01,0.03,0.01],
[0.03,0.01,0.02,0.02,0.01,0.01,0.02,0.01,0.01],
[0.02,0.01,0.02,0.02,0.02,0.01,0.01,0.02,0.01],
[0.03,0.01,0.02,0.02,0.02,0.01,0.01,0.02,0.01],
[0.02,0.01,0.02,0.02,0.01,0.01,0.02,0.02,0.01],
[0.02,0.01,0.02,0.02,0.02,0.01,0.01,0.02,0.01],
[0.02,0.01,0.02,0.02,0.01,0.01,0.02,0.02,0.01],
[0.02,0.01,0.02,0.02,0.01,0.01,0.02,0.02,0.01],
[0,0.01,0,0.01,0,0.02,0.02,0.01,0.01],
[0.01,0,0.01,0.03,0.01,0.01,0.01,0.04,0.02],
[0.02,0.04,0.02,0.02,0.02,0,0,0,0],
[0.02,0.02,0.01,0.04,0.02,0.01,0.02,0,0.04],
[0.05,0,0.01,0.01,0.01,0.01,0,0,0.01],
[0,0,0,0.05,0,0.01,0.04,0.02,0],
[0.01,0.01,0.01,0.02,0.01,0.03,0.02,0.02,0.02],
[0.01,0.02,0.02,0.02,0.01,0.01,0.01,0.03,0.01],
[0.02,0.03,0.01,0.03,0.02,0.01,0.01,0.02,0.02],
[0.04,0.01,0.01,0.03,0.02,0.01,0.01,0,0.02],
[0.03,0,0.01,0.03,0.01,0.01,0.02,0.01,0.01],
[0.01,0.02,0.01,0.02,0.01,0.02,0.02,0.02,0.01],
[0.02,0.02,0.01,0.03,0.02,0.01,0.01,0.03,0.02],
[0.03,0.02,0.01,0.02,0.02,0.01,0.01,0.03,0.02],
[0.02,0.01,0.01,0.03,0.01,0.01,0.02,0.01,0.02],
[0.02,0.02,0.01,0.02,0.02,0.02,0.02,0.02,0.02],
[0.02,0.01,0.01,0.02,0.01,0.01,0.01,0.03,0.02],
[0.02,0.02,0.01,0.03,0.01,0.01,0.02,0.02,0.01],
[0.02,0.01,0.01,0.02,0.01,0.01,0.01,0.02,0.01],
[0.02,0.01,0.01,0.03,0.01,0.01,0.02,0.02,0.01],
[0.02,0.01,0.01,0.02,0.01,0.01,0.02,0.02,0.01],
[0.02,0.02,0.03,0.02,0.01,0.01,0.02,0,0.01],
[0.01,0.01,0,0,0.04,0.02,0.02,0.02,0.01],
[0.01,0,0.01,0.03,0.01,0.02,0.02,0.01,0],
[0.02,0,0.01,0.03,0.03,0.01,0.02,0.03,0.02],
[0.02,0.01,0.01,0.01,0.01,0.02,0.02,0.01,0.01],
[0.02,0.03,0.03,0.02,0,0.01,0.04,0.02,0],
[0.01,0.01,0.02,0.01,0.02,0.01,0.02,0.01,0.01],
[0.01,0.01,0.01,0.02,0.02,0.01,0.02,0.02,0.01],
[0.02,0,0.01,0.03,0.02,0.01,0.02,0.02,0.01],
[0.02,0.01,0.02,0.02,0.02,0.01,0.02,0.02,0.01],
[0.02,0.02,0.02,0.01,0.01,0.02,0.03,0.01,0.01],
[0.01,0.01,0.01,0.02,0.02,0.01,0.02,0.01,0.02],
[0.02,0,0.01,0.02,0.02,0.01,0.02,0.02,0.01],
[0.02,0.01,0.02,0.02,0.01,0.01,0.02,0.01,0.01],
[0.02,0.01,0.02,0.01,0.01,0.01,0.02,0.02,0.01],
[0.02,0.01,0.01,0.02,0.02,0.01,0.02,0.01,0.02],
[0.02,0.01,0.02,0.01,0.02,0.01,0.02,0.01,0.01],
[0.02,0.01,0.02,0.02,0.01,0.01,0.02,0.02,0.01],
[0.02,0.01,0.02,0.01,0.02,0.01,0.02,0.01,0.01],
[0.02,0.01,0.02,0.01,0.02,0.01,0.02,0.02,0.01],
[0.02,0.01,0.02,0.01,0.02,0.01,0.02,0.01,0.01],
[0,0.02,0.03,0,0.01,0,0.02,0,0.01],
[0.04,0.01,0,0,0.03,0.02,0.03,0.03,0.01],
[0.01,0,0.02,0.02,0.01,0.02,0.01,0,0.02],
[0.04,0,0,0.04,0.03,0.01,0.02,0.03,0.02],
[0.02,0.01,0.04,0,0.01,0.03,0.02,0.02,0.01],
[0.02,0.03,0.03,0.02,0,0,0.02,0.02,0],
[0.02,0.01,0.02,0.01,0.02,0.01,0.02,0.02,0.01],
[0.02,0.01,0.01,0.01,0.02,0.01,0.02,0.02,0.01],
[0.02,0,0.02,0.02,0.02,0.01,0.02,0.02,0.02],
[0.03,0.01,0.03,0.02,0.02,0.02,0.02,0.02,0.01],
[0.02,0.02,0.03,0.02,0.01,0.02,0.02,0.02,0],
[0.01,0.01,0.02,0.01,0.01,0.01,0.02,0.01,0.01],
[0.02,0,0.01,0.02,0.02,0.01,0.02,0.02,0.02],
[0.02,0,0.02,0.02,0.02,0.02,0.01,0.02,0.02],
[0.02,0.01,0.02,0.02,0.01,0.01,0.02,0.02,0.01],
[0.02,0.01,0.02,0.02,0.02,0.01,0.02,0.02,0.01],
[0.02,0.01,0.02,0.01,0.02,0.02,0.02,0.02,0.01],
[0.02,0.01,0.02,0.02,0.01,0.01,0.02,0.02,0.01],
[0.02,0.01,0.02,0.01,0.02,0.01,0.02,0.02,0.01],
[0.02,0.01,0.02,0.02,0.02,0.01,0.02,0.02,0.01],
[0.02,0.01,0.02,0.02,0.01,0.01,0.02,0.02,0.01],
[0,0.02,0.02,0.01,0.01,0.01,0.02,0.01,0.01],
[0.03,0.01,0,0.02,0.02,0.01,0.03,0.02,0.02],
[0,0.02,0.02,0.02,0.01,0.01,0.02,0,0.02],
[0.03,0.01,0.02,0.04,0.02,0.01,0.01,0.03,0.03],
[0.03,0.01,0.04,0.01,0.01,0.03,0.02,0.02,0],
[0.02,0,0.03,0.03,0,0,0.04,0.01,0.01],
[0.01,0.01,0.01,0.01,0.01,0.01,0.02,0.01,0.01],
[0.01,0.01,0.01,0.02,0.01,0.01,0.02,0.01,0.02],
[0.01,0.01,0.02,0.03,0.02,0.01,0.01,0.02,0.02],
[0.03,0.01,0.03,0.03,0.02,0.02,0.01,0.02,0.02],
[0.02,0.01,0.03,0.02,0.01,0.02,0.03,0.01,0.01],
[0.01,0.01,0.01,0.02,0.01,0.01,0.02,0.01,0.01],
[0.02,0.01,0.01,0.02,0.02,0.01,0.02,0.02,0.02],
[0.02,0.01,0.02,0.02,0.02,0.01,0.01,0.02,0.02],
[0.02,0.01,0.03,0.02,0.01,0.01,0.02,0.01,0.01],
[0.01,0.01,0.01,0.02,0.01,0.01,0.02,0.02,0.02],
[0.02,0.01,0.02,0.02,0.02,0.01,0.02,0.02,0.02],
[0.02,0.01,0.02,0.02,0.01,0.01,0.02,0.02,0.02],
[0.02,0.01,0.02,0.02,0.01,0.01,0.02,0.02,0.01],
[0.02,0.01,0.02,0.02,0.01,0.01,0.02,0.02,0.01],
[0.02,0.01,0.02,0.02,0.01,0.01,0.02,0.02,0.01],
[0.01,0.01,0.01,0.01,0,0.02,0.02,0.01,0.01],
[0.03,0.01,0.01,0.02,0.02,0.01,0.01,0.03,0.02],
[0.02,0.03,0.02,0.02,0.02,0,0,0,0.01],
[0.03,0.02,0.02,0.03,0.02,0.01,0.02,0.01,0.03],
[0.04,0.01,0.03,0.01,0.01,0.01,0.02,0.02,0.01],
[0.01,0,0.02,0.04,0,0.01,0.04,0.02,0.01],
[0.02,0.01,0.02,0.01,0.01,0.02,0.02,0.02,0.01],
[0.02,0.02,0.01,0.02,0.02,0.01,0.01,0.02,0.01],
[0.02,0.02,0.02,0.02,0.02,0.01,0.01,0.03,0.02],
[0.03,0.01,0.02,0.02,0.02,0.01,0.02,0.01,0.02],
[0.03,0.01,0.02,0.02,0.01,0.01,0.03,0.01,0.01],
[0.02,0.01,0.01,0.02,0.01,0.01,0.01,0.02,0.01],
[0.02,0.01,0.01,0.02,0.02,0.01,0.01,0.03,0.02],
[0.03,0.02,0.02,0.02,0.02,0.01,0.01,0.02,0.01],
[0.03,0.01,0.02,0.02,0.01,0.01,0.02,0.01,0.01],
[0.02,0.01,0.01,0.02,0.02,0.01,0.01,0.02,0.01],
[0.02,0.01,0.02,0.02,0.02,0.01,0.01,0.02,0.01],
[0.02,0.02,0.02,0.02,0.01,0.01,0.02,0.02,0.01],
[0.02,0.01,0.02,0.02,0.02,0.01,0.01,0.02,0.01],
[0.02,0.01,0.01,0.02,0.01,0.01,0.02,0.02,0.01],
[0.02,0.01,0.02,0.02,0.01,0.01,0.02,0.02,0.01],
[0.01,0.02,0.03,0.02,0.01,0.01,0.02,0,0.01],
[0.03,0.01,0,0,0.03,0.01,0.02,0.03,0.01],
[0.01,0,0.02,0.03,0.01,0.01,0.01,0.01,0.02],
[0.03,0,0.01,0.03,0.03,0.01,0.02,0.02,0.02],
[0.02,0.01,0.03,0.01,0.01,0.03,0.02,0.01,0.01],
[0.02,0.02,0.02,0.02,0,0.01,0.04,0.02,0.01],
[0.02,0.01,0.02,0.01,0.02,0.01,0.02,0.01,0.01],
[0.02,0.01,0.01,0.02,0.02,0.01,0.02,0.02,0.01],
[0.02,0,0.01,0.03,0.02,0.01,0.02,0.02,0.02],
[0.03,0.01,0.03,0.02,0.02,0.02,0.02,0.02,0.01],
[0.02,0.02,0.02,0.01,0.01,0.02,0.02,0.02,0.01],
[0.01,0.01,0.02,0.02,0.02,0.01,0.02,0.01,0.02],
[0.02,0,0.01,0.02,0.02,0.01,0.02,0.02,0.01],
[0.02,0,0.02,0.02,0.01,0.01,0.02,0.02,0.01],
[0.02,0.01,0.02,0.02,0.01,0.01,0.02,0.02,0.01],
[0.02,0.01,0.01,0.02,0.02,0.01,0.02,0.02,0.01],
[0.02,0.01,0.02,0.02,0.02,0.01,0.02,0.02,0.01],
[0.02,0.01,0.02,0.02,0.01,0.01,0.02,0.02,0.01],
[0.02,0.01,0.02,0.02,0.02,0.01,0.02,0.01,0.01],
[0.02,0.01,0.02,0.02,0.01,0.01,0.02,0.02,0.01],
[0.02,0.01,0.02,0.02,0.01,0.01,0.02,0.02,0.01],
[0,0.02,0.03,0.01,0.01,0.01,0.02,0.01,0.01],
[0.03,0.01,0,0.02,0.02,0.02,0.02,0.03,0.02],
[0.01,0.01,0.02,0.02,0.01,0.01,0.01,0,0.02],
[0.03,0.01,0.01,0.04,0.03,0.01,0.01,0.02,0.03],
[0.03,0.01,0.03,0.01,0.01,0.03,0.02,0.01,0.01],
[0.01,0.02,0.02,0.03,0,0.01,0.04,0.01,0.01],
[0.01,0.01,0.01,0.01,0.01,0.01,0.02,0.01,0.01],
[0.02,0.01,0.01,0.02,0.02,0.02,0.02,0.02,0.02],
[0.02,0.01,0.02,0.03,0.02,0.01,0.01,0.02,0.02],
[0.03,0.01,0.02,0.02,0.02,0.02,0.01,0.02,0.02],
[0.02,0.02,0.02,0.02,0.01,0.02,0.02,0.01,0.01],
[0.01,0.01,0.01,0.01,0.01,0.01,0.02,0.01,0.02],
[0.02,0.01,0.01,0.02,0.02,0.01,0.01,0.02,0.02],
[0.02,0.01,0.02,0.02,0.02,0.01,0.01,0.02,0.02],
[0.02,0.01,0.02,0.02,0.01,0.01,0.02,0.02,0.01],
[0.02,0.01,0.01,0.02,0.02,0.01,0.01,0.02,0.02],
[0.02,0.01,0.02,0.02,0.02,0.02,0.01,0.02,0.02],
[0.02,0.01,0.02,0.02,0.01,0.01,0.02,0.02,0.02],
[0.02,0.01,0.02,0.02,0.02,0.01,0.01,0.02,0.02],
[0.02,0.01,0.02,0.02,0.01,0.01,0.02,0.02,0.02],
[0.02,0.01,0.02,0.02,0.01,0.01,0.02,0.02,0.01],
[0.01,0.02,0.01,0.01,0.01,0.02,0.02,0.01,0.01],
[0.02,0.01,0.01,0.02,0.01,0.01,0.02,0.03,0.01],
[0.02,0.02,0.01,0.02,0.02,0.01,0.02,0,0.02],
[0.03,0.01,0.01,0.03,0.02,0.01,0.02,0.02,0.03],
[0.03,0.01,0.03,0.01,0.01,0.02,0.02,0.01,0.01],
[0.01,0,0.02,0.03,0,0.01,0.03,0.01,0.01],
[0.01,0.01,0.01,0.01,0.01,0.02,0.02,0.02,0.01],
[0.02,0.01,0.01,0.02,0.02,0.02,0.02,0.02,0.01],
[0.02,0.02,0.01,0.02,0.02,0.01,0.02,0.02,0.02],
[0.03,0.01,0.02,0.02,0.02,0.01,0.02,0.02,0.02],
[0.02,0.01,0.02,0.02,0.01,0.01,0.02,0.01,0.01],
[0.01,0.01,0.01,0.01,0.01,0.01,0.02,0.02,0.01],
[0.02,0.01,0.01,0.02,0.02,0.01,0.02,0.02,0.02],
[0.02,0.01,0.02,0.02,0.02,0.01,0.01,0.02,0.02],
[0.02,0.01,0.02,0.02,0.01,0.01,0.02,0.01,0.02],
[0.01,0.01,0.01,0.02,0.02,0.01,0.02,0.02,0.02],
[0.02,0.01,0.02,0.02,0.02,0.01,0.02,0.02,0.02],
[0.02,0.01,0.02,0.02,0.01,0.01,0.02,0.02,0.02],
[0.02,0.01,0.02,0.02,0.01,0.01,0.02,0.02,0.01],
[0.02,0.01,0.02,0.02,0.01,0.01,0.02,0.02,0.01],
[0.02,0.01,0.02,0.02,0.01,0.01,0.02,0.02,0.01],
[0.01,0.02,0.02,0.02,0.01,0.01,0.02,0.01,0.01],
[0.02,0.01,0,0.01,0.03,0.02,0.02,0.02,0.02],
[0.01,0.01,0.02,0.03,0.01,0.01,0.01,0.01,0.01],
[0.03,0.01,0.01,0.03,0.03,0.01,0.01,0.02,0.02],
[0.03,0.01,0.03,0.01,0.01,0.02,0.01,0.01,0.01],
[0.01,0.02,0.02,0.03,0,0.01,0.04,0.01,0.01],
[0.01,0.01,0.01,0.01,0.02,0.01,0.02,0.01,0.01],
[0.01,0.01,0.01,0.02,0.02,0.01,0.01,0.02,0.02],
[0.02,0.01,0.01,0.03,0.02,0.01,0.01,0.02,0.02],
[0.03,0.01,0.02,0.02,0.02,0.01,0.01,0.01,0.01],
[0.02,0.01,0.02,0.02,0.01,0.02,0.03,0.02,0.01],
[0.01,0.01,0.01,0.02,0.01,0.01,0.02,0.01,0.02],
[0.02,0.01,0.01,0.02,0.02,0.01,0.02,0.02,0.02],
[0.02,0.01,0.02,0.02,0.02,0.01,0.01,0.02,0.01],
[0.02,0.01,0.02,0.02,0.01,0.01,0.02,0.02,0.01],
[0.01,0.01,0.01,0.02,0.02,0.01,0.02,0.02,0.02],
[0.02,0.01,0.02,0.02,0.02,0.01,0.01,0.02,0.01],
[0.02,0.01,0.02,0.02,0.01,0.01,0.02,0.02,0.01],
[0.02,0.01,0.02,0.02,0.02,0.01,0.02,0.01,0.01],
[0.02,0.01,0.02,0.02,0.01,0.01,0.02,0.02,0.01],
[0.02,0.01,0.02,0.02,0.01,0.01,0.02,0.01,0.01],
[0,0.02,0.02,0.01,0.01,0.02,0.02,0.01,0.01],
[0.03,0.01,0,0.01,0.02,0.02,0.02,0.03,0.02],
[0.01,0.02,0.01,0.02,0.02,0.01,0.01,0,0.02],
[0.03,0.01,0.01,0.04,0.03,0.01,0.02,0.02,0.03],
[0.04,0.01,0.02,0.01,0.01,0.02,0.01,0.01,0.01],
[0.01,0.02,0.02,0.03,0,0.01,0.03,0.02,0.01],
[0.01,0.01,0.01,0.01,0.01,0.02,0.02,0.02,0.01],
[0.02,0.01,0.01,0.02,0.02,0.02,0.01,0.02,0.02],
[0.02,0.01,0.01,0.03,0.02,0.01,0.02,0.02,0.02],
[0.03,0.01,0.02,0.02,0.02,0.01,0.01,0.01,0.02],
[0.02,0.01,0.02,0.02,0.01,0.01,0.02,0.02,0.01],
[0.01,0.01,0.01,0.01,0.01,0.02,0.02,0.02,0.02],
[0.02,0.01,0.01,0.02,0.02,0.01,0.02,0.02,0.02],
[0.02,0.01,0.02,0.02,0.02,0.01,0.01,0.02,0.02],
[0.02,0.01,0.02,0.02,0.01,0.01,0.02,0.02,0.01],
[0.02,0.01,0.01,0.02,0.02,0.01,0.02,0.02,0.02],
[0.02,0.01,0.01,0.02,0.02,0.01,0.01,0.02,0.02],
[0.02,0.01,0.02,0.02,0.01,0.01,0.02,0.02,0.02],
[0.02,0.01,0.01,0.02,0.02,0.01,0.02,0.02,0.02],
[0.02,0.01,0.01,0.02,0.01,0.01,0.02,0.02,0.02],
[0.02,0.01,0.02,0.02,0.01,0.01,0.02,0.02,0.01],
[0.01,0.01,0.02,0.01,0.01,0.01,0.02,0.01,0.01],
[0.02,0.01,0,0.01,0.02,0.02,0.02,0.02,0.02],
[0.01,0.01,0.01,0.03,0.02,0.01,0.01,0.01,0.02],
[0.02,0.01,0.01,0.03,0.02,0.01,0.02,0.02,0.02],
[0.03,0.01,0.02,0.01,0.01,0.02,0.01,0.01,0.01],
[0.01,0.02,0.01,0.03,0,0.01,0.04,0.02,0.01],
[0.01,0.01,0.01,0.01,0.01,0.02,0.02,0.01,0.01],
[0.02,0.01,0.01,0.02,0.02,0.02,0.01,0.02,0.02],
[0.02,0.01,0.01,0.03,0.02,0.01,0.02,0.02,0.02],
[0.03,0.01,0.02,0.02,0.02,0.01,0.02,0.01,0.02],
[0.02,0.01,0.02,0.02,0.01,0.01,0.02,0.02,0.01],
[0.01,0.01,0.01,0.02,0.01,0.01,0.02,0.02,0.02],
[0.02,0.01,0.01,0.02,0.02,0.01,0.02,0.02,0.02],
[0.02,0.01,0.02,0.02,0.02,0.01,0.01,0.02,0.02],
[0.02,0.01,0.02,0.02,0.01,0.01,0.02,0.02,0.01],
[0.02,0.01,0.01,0.02,0.02,0.01,0.02,0.02,0.02],
[0.02,0.01,0.01,0.02,0.02,0.01,0.01,0.02,0.02],
[0.02,0.01,0.02,0.02,0.01,0.01,0.02,0.02,0.01],
[0.02,0.01,0.01,0.02,0.02,0.01,0.02,0.02,0.01],
[0.02,0.01,0.01,0.02,0.01,0.01,0.02,0.02,0.01],
[0.02,0.01,0.01,0.02,0.01,0.01,0.02,0.02,0.01]]
[[0.17,0.17,0.12,0.12,0.12,0.17,0.14,0.17,0.14],
[0.17,0.17,0.12,0.12,0.12,0.17,0.14,0.17,0.14],
[0.17,0.17,0.12,0.12,0.12,0.17,0.14,0.17,0.14],
[0.17,0.17,0.12,0.12,0.12,0.17,0.14,0.17,0.14],
[0.17,0.17,0.12,0.12,0.12,0.17,0.14,0.17,0.14],
[0.17,0.17,0.12,0.12,0.12,0.17,0.14,0.17,0.14],
[0.33,0.33,0.24,0.24,0.24,0.33,0.29,0.33,0.29],
[0.33,0.33,0.24,0.24,0.24,0.33,0.29,0.33,0.29],
[0.33,0.33,0.24,0.24,0.24,0.33,0.29,0.33,0.29],
[0.33,0.33,0.24,0.24,0.24,0.33,0.29,0.33,0.29],
[0.33,0.33,0.24,0.24,0.24,0.33,0.29,0.33,0.29],
[0.5,0.5,0.36,0.36,0.36,0.5,0.43,0.5,0.43],
[0.5,0.5,0.36,0.36,0.36,0.5,0.43,0.5,0.43],
[0.5,0.5,0.36,0.36,0.36,0.5,0.43,0.5,0.43],
[0.5,0.5,0.36,0.36,0.36,0.5,0.43,0.5,0.43],
[0.67,0.67,0.48,0.48,0.48,0.67,0.57,0.67,0.57],
[0.67,0.67,0.48,0.48,0.48,0.67,0.57,0.67,0.57],
[0.67,0.67,0.48,0.48,0.48,0.67,0.57,0.67,0.57],
[0.83,0.83,0.6,0.6,0.6,0.83,0.71,0.83,0.71],
[0.83,0.83,0.6,0.6,0.6,0.83,0.71,0.83,0.71],
[1,1,0.71,0.71,0.71,1,0.86,1,0.86],
[0.17,0.17,0.12,0.12,0.12,0.17,0.14,0.17,0.14],
[0.17,0.17,0.12,0.12,0.12,0.17,0.14,0.17,0.14],
[0.17,0.17,0.12,0.12,0.12,0.17,0.14,0.17,0.14],
[0.17,0.17,0.12,0.12,0.12,0.17,0.14,0.17,0.14],
[0.17,0.17,0.12,0.12,0.12,0.17,0.14,0.17,0.14],
[0.17,0.17,0.12,0.12,0.12,0.17,0.14,0.17,0.14],
[0.33,0.33,0.24,0.24,0.24,0.33,0.29,0.33,0.29],
[0.33,0.33,0.24,0.24,0.24,0.33,0.29,0.33,0.29],
[0.33,0.33,0.24,0.24,0.24,0.33,0.29,0.33,0.29],
[0.33,0.33,0.24,0.24,0.24,0.33,0.29,0.33,0.29],
[0.33,0.33,0.24,0.24,0.24,0.33,0.29,0.33,0.29],
[0.5,0.5,0.36,0.36,0.36,0.5,0.43,0.5,0.43],
[0.5,0.5,0.36,0.36,0.36,0.5,0.43,0.5,0.43],
[0.5,0.5,0.36,0.36,0.36,0.5,0.43,0.5,0.43],
[0.5,0.5,0.36,0.36,0.36,0.5,0.43,0.5,0.43],
[0.67,0.67,0.48,0.48,0.48,0.67,0.57,0.67,0.57],
[0.67,0.67,0.48,0.48,0.48,0.67,0.57,0.67,0.57],
[0.67,0.67,0.48,0.48,0.48,0.67,0.57,0.67,0.57],
[0.83,0.83,0.6,0.6,0.6,0.83,0.71,0.83,0.71],
[0.83,0.83,0.6,0.6,0.6,0.83,0.71,0.83,0.71],
[1,1,0.71,0.71,0.71,1,0.86,1,0.86],
[0.17,0.17,0.12,0.12,0.12,0.17,0.14,0.17,0.14],
[0.17,0.17,0.12,0.12,0.12,0.17,0.14,0.17,0.14],
[0.17,0.17,0.12,0.12,0.12,0.17,0.14,0.17,0.14],
[0.17,0.17,0.12,0.12,0.12,0.17,0.14,0.17,0.14],
[0.17,0.17,0.12,0.12,0.12,0.17,0.14,0.17,0.14],
[0.17,0.17,0.12,0.12,0.12,0.17,0.14,0.17,0.14],
[0.33,0.33,0.24,0.24,0.24,0.33,0.29,0.33,0.29],
[0.33,0.33,0.24,0.24,0.24,0.33,0.29,0.33,0.29],
[0.33,0.33,0.24,0.24,0.24,0.33,0.29,0.33,0.29],
[0.33,0.33,0.24,0.24,0.24,0.33,0.29,0.33,0.29],
[0.33,0.33,0.24,0.24,0.24,0.33,0.29,0.33,0.29],
[0.5,0.5,0.36,0.36,0.36,0.5,0.43,0.5,0.43],
[0.5,0.5,0.36,0.36,0.36,0.5,0.43,0.5,0.43],
[0.5,0.5,0.36,0.36,0.36,0.5,0.43,0.5,0.43],
[0.5,0.5,0.36,0.36,0.36,0.5,0.43,0.5,0.43],
[0.67,0.67,0.48,0.48,0.48,0.67,0.57,0.67,0.57],
[0.67,0.67,0.48,0.48,0.48,0.67,0.57,0.67,0.57],
[0.67,0.67,0.48,0.48,0.48,0.67,0.57,0.67,0.57],
[0.83,0.83,0.6,0.6,0.6,0.83,0.71,0.83,0.71],
[0.83,0.83,0.6,0.6,0.6,0.83,0.71,0.83,0.71],
[1,1,0.71,0.71,0.71,1,0.86,1,0.86],
[0.17,0.17,0.12,0.12,0.12,0.17,0.14,0.17,0.14],
[0.17,0.17,0.12,0.12,0.12,0.17,0.14,0.17,0.14],
[0.17,0.17,0.12,0.12,0.12,0.17,0.14,0.17,0.14],
[0.17,0.17,0.12,0.12,0.12,0.17,0.14,0.17,0.14],
[0.17,0.17,0.12,0.12,0.12,0.17,0.14,0.17,0.14],
[0.17,0.17,0.12,0.12,0.12,0.17,0.14,0.17,0.14],
[0.33,0.33,0.24,0.24,0.24,0.33,0.29,0.33,0.29],
[0.33,0.33,0.24,0.24,0.24,0.33,0.29,0.33,0.29],
[0.33,0.33,0.24,0.24,0.24,0.33,0.29,0.33,0.29],
[0.33,0.33,0.24,0.24,0.24,0.33,0.29,0.33,0.29],
[0.33,0.33,0.24,0.24,0.24,0.33,0.29,0.33,0.29],
[0.5,0.5,0.36,0.36,0.36,0.5,0.43,0.5,0.43],
[0.5,0.5,0.36,0.36,0.36,0.5,0.43,0.5,0.43],
[0.5,0.5,0.36,0.36,0.36,0.5,0.43,0.5,0.43],
[0.5,0.5,0.36,0.36,0.36,0.5,0.43,0.5,0.43],
[0.67,0.67,0.48,0.48,0.48,0.67,0.57,0.67,0.57],
[0.67,0.67,0.48,0.48,0.48,0.67,0.57,0.67,0.57],
[0.67,0.67,0.48,0.48,0.48,0.67,0.57,0.67,0.57],
[0.83,0.83,0.6,0.6,0.6,0.83,0.71,0.83,0.71],
[0.83,0.83,0.6,0.6,0.6,0.83,0.71,0.83,0.71],
[1,1,0.71,0.71,0.71,1,0.86,1,0.86],
[0.17,0.17,0.12,0.12,0.12,0.17,0.14,0.17,0.14],
[0.17,0.17,0.12,0.12,0.12,0.17,0.14,0.17,0.14],
[0.17,0.17,0.12,0.12,0.12,0.17,0.14,0.17,0.14],
[0.17,0.17,0.12,0.12,0.12,0.17,0.14,0.17,0.14],
[0.17,0.17,0.12,0.12,0.12,0.17,0.14,0.17,0.14],
[0.17,0.17,0.12,0.12,0.12,0.17,0.14,0.17,0.14],
[0.33,0.33,0.24,0.24,0.24,0.33,0.29,0.33,0.29],
[0.33,0.33,0.24,0.24,0.24,0.33,0.29,0.33,0.29],
[0.33,0.33,0.24,0.24,0.24,0.33,0.29,0.33,0.29],
[0.33,0.33,0.24,0.24,0.24,0.33,0.29,0.33,0.29],
[0.33,0.33,0.24,0.24,0.24,0.33,0.29,0.33,0.29],
[0.5,0.5,0.36,0.36,0.36,0.5,0.43,0.5,0.43],
[0.5,0.5,0.36,0.36,0.36,0.5,0.43,0.5,0.43],
[0.5,0.5,0.36,0.36,0.36,0.5,0.43,0.5,0.43],
[0.5,0.5,0.36,0.36,0.36,0.5,0.43,0.5,0.43],
[0.67,0.67,0.48,0.48,0.48,0.67,0.57,0.67,0.57],
[0.67,0.67,0.48,0.48,0.48,0.67,0.57,0.67,0.57],
[0.67,0.67,0.48,0.48,0.48,0.67,0.57,0.67,0.57],
[0.83,0.83,0.6,0.6,0.6,0.83,0.71,0.83,0.71],
[0.83,0.83,0.6,0.6,0.6,0.83,0.71,0.83,0.71],
[1,1,0.71,0.71,0.71,1,0.86,1,0.86],
[0.17,0.17,0.12,0.12,0.12,0.17,0.14,0.17,0.14],
[0.17,0.17,0.12,0.12,0.12,0.17,0.14,0.17,0.14],
[0.17,0.17,0.12,0.12,0.12,0.17,0.14,0.17,0.14],
[0.17,0.17,0.12,0.12,0.12,0.17,0.14,0.17,0.14],
[0.17,0.17,0.12,0.12,0.12,0.17,0.14,0.17,0.14],
[0.17,0.17,0.12,0.12,0.12,0.17,0.14,0.17,0.14],
[0.33,0.33,0.24,0.24,0.24,0.33,0.29,0.33,0.29],
[0.33,0.33,0.24,0.24,0.24,0.33,0.29,0.33,0.29],
[0.33,0.33,0.24,0.24,0.24,0.33,0.29,0.33,0.29],
[0.33,0.33,0.24,0.24,0.24,0.33,0.29,0.33,0.29],
[0.33,0.33,0.24,0.24,0.24,0.33,0.29,0.33,0.29],
[0.5,0.5,0.36,0.36,0.36,0.5,0.43,0.5,0.43],
[0.5,0.5,0.36,0.36,0.36,0.5,0.43,0.5,0.43],
[0.5,0.5,0.36,0.36,0.36,0.5,0.43,0.5,0.43],
[0.5,0.5,0.36,0.36,0.36,0.5,0.43,0.5,0.43],
[0.67,0.67,0.48,0.48,0.48,0.67,0.57,0.67,0.57],
[0.67,0.67,0.48,0.48,0.48,0.67,0.57,0.67,0.57],
[0.67,0.67,0.48,0.48,0.48,0.67,0.57,0.67,0.57],
[0.83,0.83,0.6,0.6,0.6,0.83,0.71,0.83,0.71],
[0.83,0.83,0.6,0.6,0.6,0.83,0.71,0.83,0.71],
[1,1,0.71,0.71,0.71,1,0.86,1,0.86],
[0.17,0.17,0.12,0.12,0.12,0.17,0.14,0.17,0.14],
[0.17,0.17,0.12,0.12,0.12,0.17,0.14,0.17,0.14],
[0.17,0.17,0.12,0.12,0.12,0.17,0.14,0.17,0.14],
[0.17,0.17,0.12,0.12,0.12,0.17,0.14,0.17,0.14],
[0.17,0.17,0.12,0.12,0.12,0.17,0.14,0.17,0.14],
[0.17,0.17,0.12,0.12,0.12,0.17,0.14,0.17,0.14],
[0.33,0.33,0.24,0.24,0.24,0.33,0.29,0.33,0.29],
[0.33,0.33,0.24,0.24,0.24,0.33,0.29,0.33,0.29],
[0.33,0.33,0.24,0.24,0.24,0.33,0.29,0.33,0.29],
[0.33,0.33,0.24,0.24,0.24,0.33,0.29,0.33,0.29],
[0.33,0.33,0.24,0.24,0.24,0.33,0.29,0.33,0.29],
[0.5,0.5,0.36,0.36,0.36,0.5,0.43,0.5,0.43],
[0.5,0.5,0.36,0.36,0.36,0.5,0.43,0.5,0.43],
[0.5,0.5,0.36,0.36,0.36,0.5,0.43,0.5,0.43],
[0.5,0.5,0.36,0.36,0.36,0.5,0.43,0.5,0.43],
[0.67,0.67,0.48,0.48,0.48,0.67,0.57,0.67,0.57],
[0.67,0.67,0.48,0.48,0.48,0.67,0.57,0.67,0.57],
[0.67,0.67,0.48,0.48,0.48,0.67,0.57,0.67,0.57],
[0.83,0.83,0.6,0.6,0.6,0.83,0.71,0.83,0.71],
[0.83,0.83,0.6,0.6,0.6,0.83,0.71,0.83,0.71],
[1,1,0.71,0.71,0.71,1,0.86,1,0.86],
[0.33,0.33,0.24,0.24,0.24,0.33,0.29,0.33,0.29],
[0.33,0.33,0.24,0.24,0.24,0.33,0.29,0.33,0.29],
[0.33,0.33,0.24,0.24,0.24,0.33,0.29,0.33,0.29],
[0.33,0.33,0.24,0.24,0.24,0.33,0.29,0.33,0.29],
[0.33,0.33,0.24,0.24,0.24,0.33,0.29,0.33,0.29],
[0.33,0.33,0.24,0.24,0.24,0.33,0.29,0.33,0.29],
[0.67,0.67,0.48,0.48,0.48,0.67,0.57,0.67,0.57],
[0.67,0.67,0.48,0.48,0.48,0.67,0.57,0.67,0.57],
[0.67,0.67,0.48,0.48,0.48,0.67,0.57,0.67,0.57],
[0.67,0.67,0.48,0.48,0.48,0.67,0.57,0.67,0.57],
[0.67,0.67,0.48,0.48,0.48,0.67,0.57,0.67,0.57],
[1,1,0.71,0.71,0.71,1,0.86,1,0.86],
[1,1,0.71,0.71,0.71,1,0.86,1,0.86],
[1,1,0.71,0.71,0.71,1,0.86,1,0.86],
[1,1,0.71,0.71,0.71,1,0.86,1,0.86],
[1.33,1.33,0.95,0.95,0.95,1.33,1.14,1.33,1.14],
[1.33,1.33,0.95,0.95,0.95,1.33,1.14,1.33,1.14],
[1.33,1.33,0.95,0.95,0.95,1.33,1.14,1.33,1.14],
[1.67,1.67,1.19,1.19,1.19,1.67,1.43,1.67,1.43],
[1.67,1.67,1.19,1.19,1.19,1.67,1.43,1.67,1.43],
[2,2,1.43,1.43,1.43,2,1.71,2,1.71],
[0.33,0.33,0.24,0.24,0.24,0.33,0.29,0.33,0.29],
[0.33,0.33,0.24,0.24,0.24,0.33,0.29,0.33,0.29],
[0.33,0.33,0.24,0.24,0.24,0.33,0.29,0.33,0.29],
[0.33,0.33,0.24,0.24,0.24,0.33,0.29,0.33,0.29],
[0.33,0.33,0.24,0.24,0.24,0.33,0.29,0.33,0.29],
[0.33,0.33,0.24,0.24,0.24,0.33,0.29,0.33,0.29],
[0.67,0.67,0.48,0.48,0.48,0.67,0.57,0.67,0.57],
[0.67,0.67,0.48,0.48,0.48,0.67,0.57,0.67,0.57],
[0.67,0.67,0.48,0.48,0.48,0.67,0.57,0.67,0.57],
[0.67,0.67,0.48,0.48,0.48,0.67,0.57,0.67,0.57],
[0.67,0.67,0.48,0.48,0.48,0.67,0.57,0.67,0.57],
[1,1,0.71,0.71,0.71,1,0.86,1,0.86],
[1,1,0.71,0.71,0.71,1,0.86,1,0.86],
[1,1,0.71,0.71,0.71,1,0.86,1,0.86],
[1,1,0.71,0.71,0.71,1,0.86,1,0.86],
[1.33,1.33,0.95,0.95,0.95,1.33,1.14,1.33,1.14],
[1.33,1.33,0.95,0.95,0.95,1.33,1.14,1.33,1.14],
[1.33,1.33,0.95,0.95,0.95,1.33,1.14,1.33,1.14],
[1.67,1.67,1.19,1.19,1.19,1.67,1.43,1.67,1.43],
[1.67,1.67,1.19,1.19,1.19,1.67,1.43,1.67,1.43],
[2,2,1.43,1.43,1.43,2,1.71,2,1.71],
[0.33,0.33,0.24,0.24,0.24,0.33,0.29,0.33,0.29],
[0.33,0.33,0.24,0.24,0.24,0.33,0.29,0.33,0.29],
[0.33,0.33,0.24,0.24,0.24,0.33,0.29,0.33,0.29],
[0.33,0.33,0.24,0.24,0.24,0.33,0.29,0.33,0.29],
[0.33,0.33,0.24,0.24,0.24,0.33,0.29,0.33,0.29],
[0.33,0.33,0.24,0.24,0.24,0.33,0.29,0.33,0.29],
[0.67,0.67,0.48,0.48,0.48,0.67,0.57,0.67,0.57],
[0.67,0.67,0.48,0.48,0.48,0.67,0.57,0.67,0.57],
[0.67,0.67,0.48,0.48,0.48,0.67,0.57,0.67,0.57],
[0.67,0.67,0.48,0.48,0.48,0.67,0.57,0.67,0.57],
[0.67,0.67,0.48,0.48,0.48,0.67,0.57,0.67,0.57],
[1,1,0.71,0.71,0.71,1,0.86,1,0.86],
[1,1,0.71,0.71,0.71,1,0.86,1,0.86],
[1,1,0.71,0.71,0.71,1,0.86,1,0.86],
[1,1,0.71,0.71,0.71,1,0.86,1,0.86],
[1.33,1.33,0.95,0.95,0.95,1.33,1.14,1.33,1.14],
[1.33,1.33,0.95,0.95,0.95,1.33,1.14,1.33,1.14],
[1.33,1.33,0.95,0.95,0.95,1.33,1.14,1.33,1.14],
[1.67,1.67,1.19,1.19,1.19,1.67,1.43,1.67,1.43],
[1.67,1.67,1.19,1.19,1.19,1.67,1.43,1.67,1.43],
[2,2,1.43,1.43,1.43,2,1.71,2,1.71],
[0.33,0.33,0.24,0.24,0.24,0.33,0.29,0.33,0.29],
[0.33,0.33,0.24,0.24,0.24,0.33,0.29,0.33,0.29],
[0.33,0.33,0.24,0.24,0.24,0.33,0.29,0.33,0.29],
[0.33,0.33,0.24,0.24,0.24,0.33,0.29,0.33,0.29],
[0.33,0.33,0.24,0.24,0.24,0.33,0.29,0.33,0.29],
[0.33,0.33,0.24,0.24,0.24,0.33,0.29,0.33,0.29],
[0.67,0.67,0.48,0.48,0.48,0.67,0.57,0.67,0.57],
[0.67,0.67,0.48,0.48,0.48,0.67,0.57,0.67,0.57],
[0.67,0.67,0.48,0.48,0.48,0.67,0.57,0.67,0.57],
[0.67,0.67,0.48,0.48,0.48,0.67,0.57,0.67,0.57],
[0.67,0.67,0.48,0.48,0.48,0.67,0.57,0.67,0.57],
[1,1,0.71,0.71,0.71,1,0.86,1,0.86],
[1,1,0.71,0.71,0.71,1,0.86,1,0.86],
[1,1,0.71,0.71,0.71,1,0.86,1,0.86],
[1,1,0.71,0.71,0.71,1,0.86,1,0.86],
[1.33,1.33,0.95,0.95,0.95,1.33,1.14,1.33,1.14],
[1.33,1.33,0.95,0.95,0.95,1.33,1.14,1.33,1.14],
[1.33,1.33,0.95,0.95,0.95,1.33,1.14,1.33,1.14],
[1.67,1.67,1.19,1.19,1.19,1.67,1.43,1.67,1.43],
[1.67,1.67,1.19,1.19,1.19,1.67,1.43,1.67,1.43],
[2,2,1.43,1.43,1.43,2,1.71,2,1.71],
[0.33,0.33,0.24,0.24,0.24,0.33,0.29,0.33,0.29],
[0.33,0.33,0.24,0.24,0.24,0.33,0.29,0.33,0.29],
[0.33,0.33,0.24,0.24,0.24,0.33,0.29,0.33,0.29],
[0.33,0.33,0.24,0.24,0.24,0.33,0.29,0.33,0.29],
[0.33,0.33,0.24,0.24,0.24,0.33,0.29,0.33,0.29],
[0.33,0.33,0.24,0.24,0.24,0.33,0.29,0.33,0.29],
[0.67,0.67,0.48,0.48,0.48,0.67,0.57,0.67,0.57],
[0.67,0.67,0.48,0.48,0.48,0.67,0.57,0.67,0.57],
[0.67,0.67,0.48,0.48,0.48,0.67,0.57,0.67,0.57],
[0.67,0.67,0.48,0.48,0.48,0.67,0.57,0.67,0.57],
[0.67,0.67,0.48,0.48,0.48,0.67,0.57,0.67,0.57],
[1,1,0.71,0.71,0.71,1,0.86,1,0.86],
[1,1,0.71,0.71,0.71,1,0.86,1,0.86],
[1,1,0.71,0.71,0.71,1,0.86,1,0.86],
[1,1,0.71,0.71,0.71,1,0.86,1,0.86],
[1.33,1.33,0.95,0.95,0.95,1.33,1.14,1.33,1.14],
[1.33,1.33,0.95,0.95,0.95,1.33,1.14,1.33,1.14],
[1.33,1.33,0.95,0.95,0.95,1.33,1.14,1.33,1.14],
[1.67,1.67,1.19,1.19,1.19,1.67,1.43,1.67,1.43],
[1.67,1.67,1.19,1.19,1.19,1.67,1.43,1.67,1.43],
[2,2,1.43,1.43,1.43,2,1.71,2,1.71],
[0.33,0.33,0.24,0.24,0.24,0.33,0.29,0.33,0.29],
[0.33,0.33,0.24,0.24,0.24,0.33,0.29,0.33,0.29],
[0.33,0.33,0.24,0.24,0.24,0.33,0.29,0.33,0.29],
[0.33,0.33,0.24,0.24,0.24,0.33,0.29,0.33,0.29],
[0.33,0.33,0.24,0.24,0.24,0.33,0.29,0.33,0.29],
[0.33,0.33,0.24,0.24,0.24,0.33,0.29,0.33,0.29],
[0.67,0.67,0.48,0.48,0.48,0.67,0.57,0.67,0.57],
[0.67,0.67,0.48,0.48,0.48,0.67,0.57,0.67,0.57],
[0.67,0.67,0.48,0.48,0.48,0.67,0.57,0.67,0.57],
[0.67,0.67,0.48,0.48,0.48,0.67,0.57,0.67,0.57],
[0.67,0.67,0.48,0.48,0.48,0.67,0.57,0.67,0.57],
[1,1,0.71,0.71,0.71,1,0.86,1,0.86],
[1,1,0.71,0.71,0.71,1,0.86,1,0.86],
[1,1,0.71,0.71,0.71,1,0.86,1,0.86],
[1,1,0.71,0.71,0.71,1,0.86,1,0.86],
[1.33,1.33,0.95,0.95,0.95,1.33,1.14,1.33,1.14],
[1.33,1.33,0.95,0.95,0.95,1.33,1.14,1.33,1.14],
[1.33,1.33,0.95,0.95,0.95,1.33,1.14,1.33,1.14],
[1.67,1.67,1.19,1.19,1.19,1.67,1.43,1.67,1.43],
[1.67,1.67,1.19,1.19,1.19,1.67,1.43,1.67,1.43],
[2,2,1.43,1.43,1.43,2,1.71,2,1.71],
[0.5,0.5,0.36,0.36,0.36,0.5,0.43,0.5,0.43],
[0.5,0.5,0.36,0.36,0.36,0.5,0.43,0.5,0.43],
[0.5,0.5,0.36,0.36,0.36,0.5,0.43,0.5,0.43],
[0.5,0.5,0.36,0.36,0.36,0.5,0.43,0.5,0.43],
[0.5,0.5,0.36,0.36,0.36,0.5,0.43,0.5,0.43],
[0.5,0.5,0.36,0.36,0.36,0.5,0.43,0.5,0.43],
[1,1,0.71,0.71,0.71,1,0.86,1,0.86],
[1,1,0.71,0.71,0.71,1,0.86,1,0.86],
[1,1,0.71,0.71,0.71,1,0.86,1,0.86],
[1,1,0.71,0.71,0.71,1,0.86,1,0.86],
[1,1,0.71,0.71,0.71,1,0.86,1,0.86],
[1.5,1.5,1.07,1.07,1.07,1.5,1.29,1.5,1.29],
[1.5,1.5,1.07,1.07,1.07,1.5,1.29,1.5,1.29],
[1.5,1.5,1.07,1.07,1.07,1.5,1.29,1.5,1.29],
[1.5,1.5,1.07,1.07,1.07,1.5,1.29,1.5,1.29],
[2,2,1.43,1.43,1.43,2,1.71,2,1.71],
[2,2,1.43,1.43,1.43,2,1.71,2,1.71],
[2,2,1.43,1.43,1.43,2,1.71,2,1.71],
[2.5,2.5,1.79,1.79,1.79,2.5,2.14,2.5,2.14],
[2.5,2.5,1.79,1.79,1.79,2.5,2.14,2.5,2.14],
[3,3,2.14,2.14,2.14,3,2.57,3,2.57],
[0.5,0.5,0.36,0.36,0.36,0.5,0.43,0.5,0.43],
[0.5,0.5,0.36,0.36,0.36,0.5,0.43,0.5,0.43],
[0.5,0.5,0.36,0.36,0.36,0.5,0.43,0.5,0.43],
[0.5,0.5,0.36,0.36,0.36,0.5,0.43,0.5,0.43],
[0.5,0.5,0.36,0.36,0.36,0.5,0.43,0.5,0.43],
[0.5,0.5,0.36,0.36,0.36,0.5,0.43,0.5,0.43],
[1,1,0.71,0.71,0.71,1,0.86,1,0.86],
[1,1,0.71,0.71,0.71,1,0.86,1,0.86],
[1,1,0.71,0.71,0.71,1,0.86,1,0.86],
[1,1,0.71,0.71,0.71,1,0.86,1,0.86],
[1,1,0.71,0.71,0.71,1,0.86,1,0.86],
[1.5,1.5,1.07,1.07,1.07,1.5,1.29,1.5,1.29],
[1.5,1.5,1.07,1.07,1.07,1.5,1.29,1.5,1.29],
[1.5,1.5,1.07,1.07,1.07,1.5,1.29,1.5,1.29],
[1.5,1.5,1.07,1.07,1.07,1.5,1.29,1.5,1.29],
[2,2,1.43,1.43,1.43,2,1.71,2,1.71],
[2,2,1.43,1.43,1.43,2,1.71,2,1.71],
[2,2,1.43,1.43,1.43,2,1.71,2,1.71],
[2.5,2.5,1.79,1.79,1.79,2.5,2.14,2.5,2.14],
[2.5,2.5,1.79,1.79,1.79,2.5,2.14,2.5,2.14],
[3,3,2.14,2.14,2.14,3,2.57,3,2.57],
[0.5,0.5,0.36,0.36,0.36,0.5,0.43,0.5,0.43],
[0.5,0.5,0.36,0.36,0.36,0.5,0.43,0.5,0.43],
[0.5,0.5,0.36,0.36,0.36,0.5,0.43,0.5,0.43],
[0.5,0.5,0.36,0.36,0.36,0.5,0.43,0.5,0.43],
[0.5,0.5,0.36,0.36,0.36,0.5,0.43,0.5,0.43],
[0.5,0.5,0.36,0.36,0.36,0.5,0.43,0.5,0.43],
[1,1,0.71,0.71,0.71,1,0.86,1,0.86],
[1,1,0.71,0.71,0.71,1,0.86,1,0.86],
[1,1,0.71,0.71,0.71,1,0.86,1,0.86],
[1,1,0.71,0.71,0.71,1,0.86,1,0.86],
[1,1,0.71,0.71,0.71,1,0.86,1,0.86],
[1.5,1.5,1.07,1.07,1.07,1.5,1.29,1.5,1.29],
[1.5,1.5,1.07,1.07,1.07,1.5,1.29,1.5,1.29],
[1.5,1.5,1.07,1.07,1.07,1.5,1.29,1.5,1.29],
[1.5,1.5,1.07,1.07,1.07,1.5,1.29,1.5,1.29],
[2,2,1.43,1.43,1.43,2,1.71,2,1.71],
[2,2,1.43,1.43,1.43,2,1.71,2,1.71],
[2,2,1.43,1.43,1.43,2,1.71,2,1.71],
[2.5,2.5,1.79,1.79,1.79,2.5,2.14,2.5,2.14],
[2.5,2.5,1.79,1.79,1.79,2.5,2.14,2.5,2.14],
[3,3,2.14,2.14,2.14,3,2.57,3,2.57],
[0.5,0.5,0.36,0.36,0.36,0.5,0.43,0.5,0.43],
[0.5,0.5,0.36,0.36,0.36,0.5,0.43,0.5,0.43],
[0.5,0.5,0.36,0.36,0.36,0.5,0.43,0.5,0.43],
[0.5,0.5,0.36,0.36,0.36,0.5,0.43,0.5,0.43],
[0.5,0.5,0.36,0.36,0.36,0.5,0.43,0.5,0.43],
[0.5,0.5,0.36,0.36,0.36,0.5,0.43,0.5,0.43],
[1,1,0.71,0.71,0.71,1,0.86,1,0.86],
[1,1,0.71,0.71,0.71,1,0.86,1,0.86],
[1,1,0.71,0.71,0.71,1,0.86,1,0.86],
[1,1,0.71,0.71,0.71,1,0.86,1,0.86],
[1,1,0.71,0.71,0.71,1,0.86,1,0.86],
[1.5,1.5,1.07,1.07,1.07,1.5,1.29,1.5,1.29],
[1.5,1.5,1.07,1.07,1.07,1.5,1.29,1.5,1.29],
[1.5,1.5,1.07,1.07,1.07,1.5,1.29,1.5,1.29],
[1.5,1.5,1.07,1.07,1.07,1.5,1.29,1.5,1.29],
[2,2,1.43,1.43,1.43,2,1.71,2,1.71],
[2,2,1.43,1.43,1.43,2,1.71,2,1.71],
[2,2,1.43,1.43,1.43,2,1.71,2,1.71],
[2.5,2.5,1.79,1.79,1.79,2.5,2.14,2.5,2.14],
[2.5,2.5,1.79,1.79,1.79,2.5,2.14,2.5,2.14],
[3,3,2.14,2.14,2.14,3,2.57,3,2.57],
[0.5,0.5,0.36,0.36,0.36,0.5,0.43,0.5,0.43],
[0.5,0.5,0.36,0.36,0.36,0.5,0.43,0.5,0.43],
[0.5,0.5,0.36,0.36,0.36,0.5,0.43,0.5,0.43],
[0.5,0.5,0.36,0.36,0.36,0.5,0.43,0.5,0.43],
[0.5,0.5,0.36,0.36,0.36,0.5,0.43,0.5,0.43],
[0.5,0.5,0.36,0.36,0.36,0.5,0.43,0.5,0.43],
[1,1,0.71,0.71,0.71,1,0.86,1,0.86],
[1,1,0.71,0.71,0.71,1,0.86,1,0.86],
[1,1,0.71,0.71,0.71,1,0.86,1,0.86],
[1,1,0.71,0.71,0.71,1,0.86,1,0.86],
[1,1,0.71,0.71,0.71,1,0.86,1,0.86],
[1.5,1.5,1.07,1.07,1.07,1.5,1.29,1.5,1.29],
[1.5,1.5,1.07,1.07,1.07,1.5,1.29,1.5,1.29],
[1.5,1.5,1.07,1.07,1.07,1.5,1.29,1.5,1.29],
[1.5,1.5,1.07,1.07,1.07,1.5,1.29,1.5,1.29],
[2,2,1.43,1.43,1.43,2,1.71,2,1.71],
[2,2,1.43,1.43,1.43,2,1.71,2,1.71],
[2,2,1.43,1.43,1.43,2,1.71,2,1.71],
[2.5,2.5,1.79,1.79,1.79,2.5,2.14,2.5,2.14],
[2.5,2.5,1.79,1.79,1.79,2.5,2.14,2.5,2.14],
[3,3,2.14,2.14,2.14,3,2.57,3,2.57],
[0.67,0.67,0.48,0.48,0.48,0.67,0.57,0.67,0.57],
[0.67,0.67,0.48,0.48,0.48,0.67,0.57,0.67,0.57],
[0.67,0.67,0.48,0.48,0.48,0.67,0.57,0.67,0.57],
[0.67,0.67,0.48,0.48,0.48,0.67,0.57,0.67,0.57],
[0.67,0.67,0.48,0.48,0.48,0.67,0.57,0.67,0.57],
[0.67,0.67,0.48,0.48,0.48,0.67,0.57,0.67,0.57],
[1.33,1.33,0.95,0.95,0.95,1.33,1.14,1.33,1.14],
[1.33,1.33,0.95,0.95,0.95,1.33,1.14,1.33,1.14],
[1.33,1.33,0.95,0.95,0.95,1.33,1.14,1.33,1.14],
[1.33,1.33,0.95,0.95,0.95,1.33,1.14,1.33,1.14],
[1.33,1.33,0.95,0.95,0.95,1.33,1.14,1.33,1.14],
[2,2,1.43,1.43,1.43,2,1.71,2,1.71],
[2,2,1.43,1.43,1.43,2,1.71,2,1.71],
[2,2,1.43,1.43,1.43,2,1.71,2,1.71],
[2,2,1.43,1.43,1.43,2,1.71,2,1.71],
[2.67,2.67,1.9,1.9,1.9,2.67,2.29,2.67,2.29],
[2.67,2.67,1.9,1.9,1.9,2.67,2.29,2.67,2.29],
[2.67,2.67,1.9,1.9,1.9,2.67,2.29,2.67,2.29],
[3.33,3.33,2.38,2.38,2.38,3.33,2.86,3.33,2.86],
[3.33,3.33,2.38,2.38,2.38,3.33,2.86,3.33,2.86],
[4,4,2.86,2.86,2.86,4,3.43,4,3.43],
[0.67,0.67,0.48,0.48,0.48,0.67,0.57,0.67,0.57],
[0.67,0.67,0.48,0.48,0.48,0.67,0.57,0.67,0.57],
[0.67,0.67,0.48,0.48,0.48,0.67,0.57,0.67,0.57],
[0.67,0.67,0.48,0.48,0.48,0.67,0.57,0.67,0.57],
[0.67,0.67,0.48,0.48,0.48,0.67,0.57,0.67,0.57],
[0.67,0.67,0.48,0.48,0.48,0.67,0.57,0.67,0.57],
[1.33,1.33,0.95,0.95,0.95,1.33,1.14,1.33,1.14],
[1.33,1.33,0.95,0.95,0.95,1.33,1.14,1.33,1.14],
[1.33,1.33,0.95,0.95,0.95,1.33,1.14,1.33,1.14],
[1.33,1.33,0.95,0.95,0.95,1.33,1.14,1.33,1.14],
[1.33,1.33,0.95,0.95,0.95,1.33,1.14,1.33,1.14],
[2,2,1.43,1.43,1.43,2,1.71,2,1.71],
[2,2,1.43,1.43,1.43,2,1.71,2,1.71],
[2,2,1.43,1.43,1.43,2,1.71,2,1.71],
[2,2,1.43,1.43,1.43,2,1.71,2,1.71],
[2.67,2.67,1.9,1.9,1.9,2.67,2.29,2.67,2.29],
[2.67,2.67,1.9,1.9,1.9,2.67,2.29,2.67,2.29],
[2.67,2.67,1.9,1.9,1.9,2.67,2.29,2.67,2.29],
[3.33,3.33,2.38,2.38,2.38,3.33,2.86,3.33,2.86],
[3.33,3.33,2.38,2.38,2.38,3.33,2.86,3.33,2.86],
[4,4,2.86,2.86,2.86,4,3.43,4,3.43],
[0.67,0.67,0.48,0.48,0.48,0.67,0.57,0.67,0.57],
[0.67,0.67,0.48,0.48,0.48,0.67,0.57,0.67,0.57],
[0.67,0.67,0.48,0.48,0.48,0.67,0.57,0.67,0.57],
[0.67,0.67,0.48,0.48,0.48,0.67,0.57,0.67,0.57],
[0.67,0.67,0.48,0.48,0.48,0.67,0.57,0.67,0.57],
[0.67,0.67,0.48,0.48,0.48,0.67,0.57,0.67,0.57],
[1.33,1.33,0.95,0.95,0.95,1.33,1.14,1.33,1.14],
[1.33,1.33,0.95,0.95,0.95,1.33,1.14,1.33,1.14],
[1.33,1.33,0.95,0.95,0.95,1.33,1.14,1.33,1.14],
[1.33,1.33,0.95,0.95,0.95,1.33,1.14,1.33,1.14],
[1.33,1.33,0.95,0.95,0.95,1.33,1.14,1.33,1.14],
[2,2,1.43,1.43,1.43,2,1.71,2,1.71],
[2,2,1.43,1.43,1.43,2,1.71,2,1.71],
[2,2,1.43,1.43,1.43,2,1.71,2,1.71],
[2,2,1.43,1.43,1.43,2,1.71,2,1.71],
[2.67,2.67,1.9,1.9,1.9,2.67,2.29,2.67,2.29],
[2.67,2.67,1.9,1.9,1.9,2.67,2.29,2.67,2.29],
[2.67,2.67,1.9,1.9,1.9,2.67,2.29,2.67,2.29],
[3.33,3.33,2.38,2.38,2.38,3.33,2.86,3.33,2.86],
[3.33,3.33,2.38,2.38,2.38,3.33,2.86,3.33,2.86],
[4,4,2.86,2.86,2.86,4,3.43,4,3.43],
[0.67,0.67,0.48,0.48,0.48,0.67,0.57,0.67,0.57],
[0.67,0.67,0.48,0.48,0.48,0.67,0.57,0.67,0.57],
[0.67,0.67,0.48,0.48,0.48,0.67,0.57,0.67,0.57],
[0.67,0.67,0.48,0.48,0.48,0.67,0.57,0.67,0.57],
[0.67,0.67,0.48,0.48,0.48,0.67,0.57,0.67,0.57],
[0.67,0.67,0.48,0.48,0.48,0.67,0.57,0.67,0.57],
[1.33,1.33,0.95,0.95,0.95,1.33,1.14,1.33,1.14],
[1.33,1.33,0.95,0.95,0.95,1.33,1.14,1.33,1.14],
[1.33,1.33,0.95,0.95,0.95,1.33,1.14,1.33,1.14],
[1.33,1.33,0.95,0.95,0.95,1.33,1.14,1.33,1.14],
[1.33,1.33,0.95,0.95,0.95,1.33,1.14,1.33,1.14],
[2,2,1.43,1.43,1.43,2,1.71,2,1.71],
[2,2,1.43,1.43,1.43,2,1.71,2,1.71],
[2,2,1.43,1.43,1.43,2,1.71,2,1.71],
[2,2,1.43,1.43,1.43,2,1.71,2,1.71],
[2.67,2.67,1.9,1.9,1.9,2.67,2.29,2.67,2.29],
[2.67,2.67,1.9,1.9,1.9,2.67,2.29,2.67,2.29],
[2.67,2.67,1.9,1.9,1.9,2.67,2.29,2.67,2.29],
[3.33,3.33,2.38,2.38,2.38,3.33,2.86,3.33,2.86],
[3.33,3.33,2.38,2.38,2.38,3.33,2.86,3.33,2.86],
[4,4,2.86,2.86,2.86,4,3.43,4,3.43],
[0.83,0.83,0.6,0.6,0.6,0.83,0.71,0.83,0.71],
[0.83,0.83,0.6,0.6,0.6,0.83,0.71,0.83,0.71],
[0.83,0.83,0.6,0.6,0.6,0.83,0.71,0.83,0.71],
[0.83,0.83,0.6,0.6,0.6,0.83,0.71,0.83,0.71],
[0.83,0.83,0.6,0.6,0.6,0.83,0.71,0.83,0.71],
[0.83,0.83,0.6,0.6,0.6,0.83,0.71,0.83,0.71],
[1.67,1.67,1.19,1.19,1.19,1.67,1.43,1.67,1.43],
[1.67,1.67,1.19,1.19,1.19,1.67,1.43,1.67,1.43],
[1.67,1.67,1.19,1.19,1.19,1.67,1.43,1.67,1.43],
[1.67,1.67,1.19,1.19,1.19,1.67,1.43,1.67,1.43],
[1.67,1.67,1.19,1.19,1.19,1.67,1.43,1.67,1.43],
[2.5,2.5,1.79,1.79,1.79,2.5,2.14,2.5,2.14],
[2.5,2.5,1.79,1.79,1.79,2.5,2.14,2.5,2.14],
[2.5,2.5,1.79,1.79,1.79,2.5,2.14,2.5,2.14],
[2.5,2.5,1.79,1.79,1.79,2.5,2.14,2.5,2.14],
[3.33,3.33,2.38,2.38,2.38,3.33,2.86,3.33,2.86],
[3.33,3.33,2.38,2.38,2.38,3.33,2.86,3.33,2.86],
[3.33,3.33,2.38,2.38,2.38,3.33,2.86,3.33,2.86],
[4.17,4.17,2.98,2.98,2.98,4.17,3.57,4.17,3.57],
[4.17,4.17,2.98,2.98,2.98,4.17,3.57,4.17,3.57],
[5,5,3.57,3.57,3.57,5,4.29,5,4.29],
[0.83,0.83,0.6,0.6,0.6,0.83,0.71,0.83,0.71],
[0.83,0.83,0.6,0.6,0.6,0.83,0.71,0.83,0.71],
[0.83,0.83,0.6,0.6,0.6,0.83,0.71,0.83,0.71],
[0.83,0.83,0.6,0.6,0.6,0.83,0.71,0.83,0.71],
[0.83,0.83,0.6,0.6,0.6,0.83,0.71,0.83,0.71],
[0.83,0.83,0.6,0.6,0.6,0.83,0.71,0.83,0.71],
[1.67,1.67,1.19,1.19,1.19,1.67,1.43,1.67,1.43],
[1.67,1.67,1.19,1.19,1.19,1.67,1.43,1.67,1.43],
[1.67,1.67,1.19,1.19,1.19,1.67,1.43,1.67,1.43],
[1.67,1.67,1.19,1.19,1.19,1.67,1.43,1.67,1.43],
[1.67,1.67,1.19,1.19,1.19,1.67,1.43,1.67,1.43],
[2.5,2.5,1.79,1.79,1.79,2.5,2.14,2.5,2.14],
[2.5,2.5,1.79,1.79,1.79,2.5,2.14,2.5,2.14],
[2.5,2.5,1.79,1.79,1.79,2.5,2.14,2.5,2.14],
[2.5,2.5,1.79,1.79,1.79,2.5,2.14,2.5,2.14],
[3.33,3.33,2.38,2.38,2.38,3.33,2.86,3.33,2.86],
[3.33,3.33,2.38,2.38,2.38,3.33,2.86,3.33,2.86],
[3.33,3.33,2.38,2.38,2.38,3.33,2.86,3.33,2.86],
[4.17,4.17,2.98,2.98,2.98,4.17,3.57,4.17,3.57],
[4.17,4.17,2.98,2.98,2.98,4.17,3.57,4.17,3.57],
[5,5,3.57,3.57,3.57,5,4.29,5,4.29],
[0.83,0.83,0.6,0.6,0.6,0.83,0.71,0.83,0.71],
[0.83,0.83,0.6,0.6,0.6,0.83,0.71,0.83,0.71],
[0.83,0.83,0.6,0.6,0.6,0.83,0.71,0.83,0.71],
[0.83,0.83,0.6,0.6,0.6,0.83,0.71,0.83,0.71],
[0.83,0.83,0.6,0.6,0.6,0.83,0.71,0.83,0.71],
[0.83,0.83,0.6,0.6,0.6,0.83,0.71,0.83,0.71],
[1.67,1.67,1.19,1.19,1.19,1.67,1.43,1.67,1.43],
[1.67,1.67,1.19,1.19,1.19,1.67,1.43,1.67,1.43],
[1.67,1.67,1.19,1.19,1.19,1.67,1.43,1.67,1.43],
[1.67,1.67,1.19,1.19,1.19,1.67,1.43,1.67,1.43],
[1.67,1.67,1.19,1.19,1.19,1.67,1.43,1.67,1.43],
[2.5,2.5,1.79,1.79,1.79,2.5,2.14,2.5,2.14],
[2.5,2.5,1.79,1.79,1.79,2.5,2.14,2.5,2.14],
[2.5,2.5,1.79,1.79,1.79,2.5,2.14,2.5,2.14],
[2.5,2.5,1.79,1.79,1.79,2.5,2.14,2.5,2.14],
[3.33,3.33,2.38,2.38,2.38,3.33,2.86,3.33,2.86],
[3.33,3.33,2.38,2.38,2.38,3.33,2.86,3.33,2.86],
[3.33,3.33,2.38,2.38,2.38,3.33,2.86,3.33,2.86],
[4.17,4.17,2.98,2.98,2.98,4.17,3.57,4.17,3.57],
[4.17,4.17,2.98,2.98,2.98,4.17,3.57,4.17,3.57],
[5,5,3.57,3.57,3.57,5,4.29,5,4.29],
[1,1,0.71,0.71,0.71,1,0.86,1,0.86],
[1,1,0.71,0.71,0.71,1,0.86,1,0.86],
[1,1,0.71,0.71,0.71,1,0.86,1,0.86],
[1,1,0.71,0.71,0.71,1,0.86,1,0.86],
[1,1,0.71,0.71,0.71,1,0.86,1,0.86],
[1,1,0.71,0.71,0.71,1,0.86,1,0.86],
[2,2,1.43,1.43,1.43,2,1.71,2,1.71],
[2,2,1.43,1.43,1.43,2,1.71,2,1.71],
[2,2,1.43,1.43,1.43,2,1.71,2,1.71],
[2,2,1.43,1.43,1.43,2,1.71,2,1.71],
[2,2,1.43,1.43,1.43,2,1.71,2,1.71],
[3,3,2.14,2.14,2.14,3,2.57,3,2.57],
[3,3,2.14,2.14,2.14,3,2.57,3,2.57],
[3,3,2.14,2.14,2.14,3,2.57,3,2.57],
[3,3,2.14,2.14,2.14,3,2.57,3,2.57],
[4,4,2.86,2.86,2.86,4,3.43,4,3.43],
[4,4,2.86,2.86,2.86,4,3.43,4,3.43],
[4,4,2.86,2.86,2.86,4,3.43,4,3.43],
[5,5,3.57,3.57,3.57,5,4.29,5,4.29],
[5,5,3.57,3.57,3.57,5,4.29,5,4.29],
[6,6,4.29,4.29,4.29,6,5.14,6,5.14],
[1,1,0.71,0.71,0.71,1,0.86,1,0.86],
[1,1,0.71,0.71,0.71,1,0.86,1,0.86],
[1,1,0.71,0.71,0.71,1,0.86,1,0.86],
[1,1,0.71,0.71,0.71,1,0.86,1,0.86],
[1,1,0.71,0.71,0.71,1,0.86,1,0.86],
[1,1,0.71,0.71,0.71,1,0.86,1,0.86],
[2,2,1.43,1.43,1.43,2,1.71,2,1.71],
[2,2,1.43,1.43,1.43,2,1.71,2,1.71],
[2,2,1.43,1.43,1.43,2,1.71,2,1.71],
[2,2,1.43,1.43,1.43,2,1.71,2,1.71],
[2,2,1.43,1.43,1.43,2,1.71,2,1.71],
[3,3,2.14,2.14,2.14,3,2.57,3,2.57],
[3,3,2.14,2.14,2.14,3,2.57,3,2.57],
[3,3,2.14,2.14,2.14,3,2.57,3,2.57],
[3,3,2.14,2.14,2.14,3,2.57,3,2.57],
[4,4,2.86,2.86,2.86,4,3.43,4,3.43],
[4,4,2.86,2.86,2.86,4,3.43,4,3.43],
[4,4,2.86,2.86,2.86,4,3.43,4,3.43],
[5,5,3.57,3.57,3.57,5,4.29,5,4.29],
[5,5,3.57,3.57,3.57,5,4.29,5,4.29],
[6,6,4.29,4.29,4.29,6,5.14,6,5.14],
[1.17,1.17,0.83,0.83,0.83,1.17,1,1.17,1],
[1.17,1.17,0.83,0.83,0.83,1.17,1,1.17,1],
[1.17,1.17,0.83,0.83,0.83,1.17,1,1.17,1],
[1.17,1.17,0.83,0.83,0.83,1.17,1,1.17,1],
[1.17,1.17,0.83,0.83,0.83,1.17,1,1.17,1],
[1.17,1.17,0.83,0.83,0.83,1.17,1,1.17,1],
[2.33,2.33,1.67,1.67,1.67,2.33,2,2.33,2],
[2.33,2.33,1.67,1.67,1.67,2.33,2,2.33,2],
[2.33,2.33,1.67,1.67,1.67,2.33,2,2.33,2],
[2.33,2.33,1.67,1.67,1.67,2.33,2,2.33,2],
[2.33,2.33,1.67,1.67,1.67,2.33,2,2.33,2],
[3.5,3.5,2.5,2.5,2.5,3.5,3,3.5,3],
[3.5,3.5,2.5,2.5,2.5,3.5,3,3.5,3],
[3.5,3.5,2.5,2.5,2.5,3.5,3,3.5,3],
[3.5,3.5,2.5,2.5,2.5,3.5,3,3.5,3],
[4.67,4.67,3.33,3.33,3.33,4.67,4,4.67,4],
[4.67,4.67,3.33,3.33,3.33,4.67,4,4.67,4],
[4.67,4.67,3.33,3.33,3.33,4.67,4,4.67,4],
[5.83,5.83,4.17,4.17,4.17,5.83,5,5.83,5],
[5.83,5.83,4.17,4.17,4.17,5.83,5,5.83,5],
[7,7,5,5,5,7,6,7,6]]
[1,1,1,1,1,1,2,2,2,2,2,3,3,3,3,4,4,4,5,5,6,1,1,1,1,1,1,2,2,2,2,2,3,3,3,3,4,4,4,5,5,6,1,1,1,1,1,1,2,2,2,2,2,3,3,3,3,4,4,4,5,5,6,1,1,1,1,1,1,2,2,2,2,2,3,3,3,3,4,4,4,5,5,6,1,1,1,1,1,1,2,2,2,2,2,3,3,3,3,4,4,4,5,5,6,1,1,1,1,1,1,2,2,2,2,2,3,3,3,3,4,4,4,5,5,6,1,1,1,1,1,1,2,2,2,2,2,3,3,3,3,4,4,4,5,5,6,2,2,2,2,2,2,4,4,4,4,4,6,6,6,6,8,8,8,10,10,12,2,2,2,2,2,2,4,4,4,4,4,6,6,6,6,8,8,8,10,10,12,2,2,2,2,2,2,4,4,4,4,4,6,6,6,6,8,8,8,10,10,12,2,2,2,2,2,2,4,4,4,4,4,6,6,6,6,8,8,8,10,10,12,2,2,2,2,2,2,4,4,4,4,4,6,6,6,6,8,8,8,10,10,12,2,2,2,2,2,2,4,4,4,4,4,6,6,6,6,8,8,8,10,10,12,3,3,3,3,3,3,6,6,6,6,6,9,9,9,9,12,12,12,15,15,18,3,3,3,3,3,3,6,6,6,6,6,9,9,9,9,12,12,12,15,15,18,3,3,3,3,3,3,6,6,6,6,6,9,9,9,9,12,12,12,15,15,18,3,3,3,3,3,3,6,6,6,6,6,9,9,9,9,12,12,12,15,15,18,3,3,3,3,3,3,6,6,6,6,6,9,9,9,9,12,12,12,15,15,18,4,4,4,4,4,4,8,8,8,8,8,12,12,12,12,16,16,16,20,20,24,4,4,4,4,4,4,8,8,8,8,8,12,12,12,12,16,16,16,20,20,24,4,4,4,4,4,4,8,8,8,8,8,12,12,12,12,16,16,16,20,20,24,4,4,4,4,4,4,8,8,8,8,8,12,12,12,12,16,16,16,20,20,24,5,5,5,5,5,5,10,10,10,10,10,15,15,15,15,20,20,20,25,25,30,5,5,5,5,5,5,10,10,10,10,10,15,15,15,15,20,20,20,25,25,30,5,5,5,5,5,5,10,10,10,10,10,15,15,15,15,20,20,20,25,25,30,6,6,6,6,6,6,12,12,12,12,12,18,18,18,18,24,24,24,30,30,36,6,6,6,6,6,6,12,12,12,12,12,18,18,18,18,24,24,24,30,30,36,7,7,7,7,7,7,14,14,14,14,14,21,21,21,21,28,28,28,35,35,42] 
[6.85,7.93,6.75,7.12,6.66,8.42,6.58,6.93,7.63] 
[0.02,0.01,0.01,0.02,0.01,0.01,0.02,0.02,0.01] 
[7,7,5,5,5,7,6,7,6] 
[2.17,1.9,1.8,1.91,2.11,2.13,1.99,2.14,2.19]