Instance: 80
width: 7
long: 6
Parcels: 9
Crops: 19
Water: 330000

Chemical Properties by Parcel
9.75   11.51   13.87   15.15   10.68   16.38   15.04   12.13   11.49   13.64   17.29   16.41   13.35   11.8   13.91   10.03   11.5   9.73   17.95   15.84   15.36   18.42   15.17   11.14   16.24   12.25   10.25   16.59   11.88   9.83   11.59   14.4   15.24   11.64   18.33   14.53   10.71   12.65   9.73   13.78   12.97   17.27    
18.66   11.01   16.3   11.89   15.17   16.43   17.47   12.95   9.7   14.75   15.4   15.52   15.22   15.37   9.72   9.89   11.39   18.51   18.56   12.77   16.88   16.46   11   15.12   18.47   15.36   14.72   14.12   11.53   13.7   16.58   11.04   15.56   10.46   11.15   11.39   10.03   15.45   15.03   18.24   18.15   16.51    
10.87   12.58   10.99   18.27   13.42   12.78   16.42   13.46   13.84   10.32   11.52   12.67   10.34   13.4   17.77   13.44   15.43   14.61   12.45   18.53   16.83   17.26   13.51   17.89   13.42   18.45   12.03   18.36   17.11   12.61   16.17   11.96   11.43   15.55   15.47   10.16   12.58   17.96   11.13   16.76   14.35   13.99    
17.31   13.89   15.76   12.03   14.71   13.45   16.8   11.97   17.07   11.22   11.17   13.5   15.39   9.78   9.91   18.13   10.27   10.16   10.46   13.7   16.04   17.73   15.49   17.71   12.56   13.86   17.77   13.84   17.57   11.82   14.46   17.98   15.79   14.83   14.66   10.17   17.61   12.78   12.86   14.37   10.88   17.66    
15.09   10.2   10.08   13.29   10.45   16.27   17.73   15.13   14.76   12.58   12.48   18.45   17.05   16.68   15.01   14.1   13.54   15.47   10.62   17.19   18.58   14.24   11.33   17.24   14.19   15.16   11.14   12.37   11.05   16.37   16.24   18.64   11.67   13.17   13.97   17.78   12.22   10.75   16.68   16.53   15.82   11.76    
11.55   15.34   17.93   17.82   10.5   18.41   11.22   14.51   11.17   10.12   11.76   15.32   12.7   14.05   13.06   10.81   12.19   14.47   17.41   10.54   13.36   12.16   13.9   18.22   10.2   9.81   13.26   18.2   18.38   17.82   12.13   9.72   17.97   16.94   14.29   16.18   16.71   14.09   17.66   14.74   15.45   18.68    
12.27   12.01   10.95   14.53   17.98   9.97   10.45   10.88   10.22   9.72   11.29   10.36   17.16   11.46   13.46   11.31   12.47   15.14   17.64   9.92   12.69   10.39   10.06   18.57   13.11   14.17   13.18   13.64   16.93   10.64   11.37   12.99   12.06   11.6   15.33   10.15   13.94   9.98   10.45   10.84   10.5   17.51    
18.63   13.7   14.13   14.35   15.46   15.37   16.7   13.54   17.62   11.9   11.22   16.17   17.05   12.11   17.38   16.03   10.2   11.3   13.39   13.14   11.21   15.38   18.52   11.61   12.84   12.5   14.26   10.71   13.34   10.79   13.24   16.35   18.28   14.56   12.16   18.5   17.39   11.96   10.73   16.33   18.25   10.39    
18.58   10.47   13.51   17.65   17.16   18.67   15.75   14.54   17.97   16.8   12.85   14.65   18.39   15.55   9.68   10.76   17.88   10.32   11.54   12.57   10.71   12.02   13.52   14.95   17.39   16.58   10.26   14   18.28   12.96   17.19   16.35   16.84   11.8   12.07   14.24   14.2   12.56   15.32   17.48   13.28   18.43    

Physical Properties by Parcel
5.6   5.4   5.5   5.5   5.3   5.3   5.4   5.6   5.3   5.2   5.6   5.4   5.4   5.4   5.4   5.4   5.5   5.3   5.3   5.6   5.5   5.2   5.3   5.6   5.4   5.2   5.4   5.6   5.6   5.4   5.4   5.4   5.5   5.5   5.2   5.4   5.5   5.3   5.2   5.3   5.2   5.5    
5.5   5.5   5.4   5.4   5.5   5.4   5.4   5.4   5.4   5.4   5.5   5.2   5.6   5.5   5.4   5.3   5.3   5.5   5.3   5.3   5.3   5.4   5.3   5.6   5.3   5.5   5.4   5.4   5.4   5.5   5.3   5.4   5.6   5.2   5.5   5.5   5.5   5.4   5.2   5.5   5.5   5.5    
5.5   5.4   5.3   5.4   5.6   5.4   5.2   5.3   5.3   5.3   5.4   5.4   5.3   5.3   5.5   5.3   5.6   5.6   5.6   5.3   5.4   5.2   5.6   5.2   5.5   5.3   5.6   5.3   5.2   5.4   5.4   5.4   5.3   5.5   5.4   5.5   5.4   5.2   5.4   5.4   5.4   5.4    
5.6   5.4   5.2   5.4   5.3   5.4   5.4   5.4   5.6   5.6   5.4   5.2   5.3   5.5   5.5   5.2   5.4   5.4   5.3   5.4   5.3   5.5   5.5   5.5   5.3   5.5   5.6   5.6   5.5   5.2   5.5   5.2   5.5   5.2   5.6   5.6   5.5   5.5   5.3   5.3   5.4   5.6    
5.5   5.6   5.3   5.4   5.5   5.3   5.3   5.2   5.3   5.6   5.3   5.3   5.3   5.4   5.5   5.5   5.5   5.4   5.4   5.6   5.5   5.2   5.5   5.3   5.5   5.3   5.5   5.3   5.5   5.4   5.5   5.4   5.3   5.2   5.3   5.4   5.5   5.5   5.2   5.5   5.5   5.4    
5.3   5.4   5.3   5.5   5.4   5.2   5.5   5.2   5.5   5.5   5.5   5.4   5.5   5.4   5.2   5.3   5.6   5.3   5.4   5.5   5.4   5.3   5.3   5.3   5.5   5.4   5.4   5.5   5.2   5.3   5.3   5.6   5.3   5.4   5.4   5.2   5.2   5.6   5.4   5.3   5.4   5.4    
5.6   5.3   5.5   5.6   5.5   5.2   5.3   5.3   5.3   5.3   5.4   5.6   5.5   5.6   5.2   5.6   5.4   5.3   5.6   5.4   5.4   5.4   5.2   5.6   5.3   5.2   5.4   5.5   5.5   5.6   5.4   5.4   5.5   5.4   5.5   5.2   5.6   5.3   5.5   5.2   5.4   5.3    
5.4   5.3   5.3   5.4   5.4   5.6   5.4   5.2   5.5   5.3   5.3   5.6   5.5   5.5   5.5   5.6   5.4   5.4   5.5   5.3   5.5   5.2   5.5   5.3   5.4   5.6   5.6   5.4   5.2   5.4   5.3   5.4   5.6   5.3   5.3   5.5   5.5   5.2   5.6   5.3   5.3   5.2    
5.2   5.4   5.5   5.4   5.3   5.5   5.3   5.6   5.6   5.5   5.3   5.4   5.4   5.4   5.6   5.6   5.5   5.4   5.3   5.4   5.5   5.3   5.4   5.4   5.5   5.5   5.3   5.3   5.4   5.3   5.3   5.2   5.4   5.2   5.5   5.2   5.5   5.3   5.3   5.6   5.3   5.3    

Ha by Parcels
7   7   5   5   5   7   6   7   6   

Cost of m3 in each parcel
2.17   1.9   1.8   1.91   2.11   2.13   1.99   2.14   2.19   