Instance: 73
width: 7
long: 6
Parcels: 9
Crops: 19
Water: 324000

Chemical Properties by Parcel
16.91   16.14   16.15   13.31   13.72   13.55   17.14   14.8   16.42   13.52   13.44   12.15   13.22   13.34   18.36   13.85   15.64   13.1   18.53   17.33   13.75   13.57   16.72   17.08   15.56   16.36   13.26   15.02   15.85   17.22   16.91   14.98   12.81   10.73   12.63   10.31   17.89   15.48   13.49   10.17   13.24   10.5    
11.59   10.48   13.72   12.78   18.29   15.89   14.29   17.6   13.81   10.78   14.73   17.73   11.34   17.59   16.56   11.48   16.54   17.64   17.23   18.37   16.88   10.41   14.3   12.21   9.65   11.45   11.81   11.06   14.03   16.05   10.72   14.8   12.69   10.84   10.83   17.86   13.89   14.81   14.83   14.95   15.81   13.54    
18.63   13.89   9.62   13.61   11.57   10.03   16.59   17.81   16.88   15.48   11.21   12.47   17.7   15.39   15.78   15.45   15.65   12.27   9.72   18.47   17.93   10.14   13.37   17.98   17.51   10.16   10.18   11.94   12.07   17.6   16.77   16.92   16.08   14.64   9.79   14.89   11.45   17.44   18.7   11.3   9.69   17.11    
16.17   13.94   10.89   12.27   14.98   17.63   10.85   18   10.53   13.22   15.96   11.17   16.92   11.32   17.68   11.12   13.11   18.68   9.99   11.48   9.68   11.03   16.22   17.87   17.61   17.4   18.14   15.06   10.37   15.58   14.64   18.31   15.59   11.94   9.96   17.71   17.99   14.22   13.27   15.96   10.12   15.81    
18.09   18.56   18.29   15.06   11.26   12.52   18.1   18.22   14.5   12.45   9.86   16   13.27   14.74   18.61   18   15.79   11.19   10.34   10.8   17.37   14.21   16.67   11.6   12.46   11.43   16.11   14.91   18.13   13.65   17.83   14.27   17.89   13.98   11.16   17.22   17.04   13.06   17.51   16.95   18.31   10.07    
18.05   14.29   14.71   18.12   13.74   13.31   16.08   11.89   13.85   16.49   16.53   10.14   13.45   18.64   18.53   17.41   17.76   11.57   15.41   11.1   13.2   16.05   13.62   11.05   13.66   16.02   11.91   14.8   17.98   13.29   9.93   17.09   15.16   11.79   10.14   13.44   10.18   13.13   12.78   15.03   15.53   14.52    
17.84   17.94   10.58   16.91   10.44   14.41   9.61   11.23   9.98   15.97   15.73   17.32   11.66   17.15   14.09   9.75   10.38   13.28   14.67   16.06   15.15   12.07   17.69   11.06   11.08   10.94   17.81   13.68   14.74   13.13   10.45   13.2   13.4   18.7   18.69   15.99   15.8   17.9   13.24   12.67   14.22   14.02    
12.45   12.17   18.66   18.03   10.59   10.34   12.29   11.33   10.31   10.88   13.77   18.09   13.32   16.12   12.11   10.41   12.91   17.15   11.91   13.75   15.2   12.11   14.72   17.18   17.06   17.77   11.78   13.42   13.68   10.47   15.48   13.69   17.45   15.02   11.11   10.34   15.47   13.83   11.06   14.55   11.19   13.03    
13.76   10.75   13.02   16.88   11.45   13.22   12.2   10.98   11.01   16.67   16.01   13.97   15.63   9.77   18.05   11.51   14.33   14.73   11.42   18.02   9.89   12.34   13.34   12   12.8   14.96   10.11   10.08   10.09   14.27   13.57   16.03   18.39   13.32   10.58   17.43   11.79   15.27   15.01   12.01   15.9   14.44    

Physical Properties by Parcel
5.3   5.6   5.3   5.5   5.5   5.4   5.4   5.6   5.3   5.6   5.6   5.6   5.3   5.3   5.6   5.4   5.6   5.6   5.5   5.2   5.5   5.3   5.4   5.4   5.4   5.4   5.5   5.2   5.4   5.4   5.6   5.4   5.3   5.4   5.2   5.5   5.4   5.2   5.5   5.3   5.6   5.5    
5.5   5.2   5.5   5.5   5.6   5.3   5.4   5.5   5.5   5.4   5.3   5.6   5.6   5.5   5.2   5.3   5.4   5.3   5.5   5.5   5.4   5.6   5.5   5.3   5.6   5.4   5.3   5.5   5.2   5.4   5.2   5.4   5.5   5.2   5.5   5.5   5.2   5.5   5.6   5.3   5.6   5.5    
5.4   5.5   5.5   5.5   5.3   5.6   5.2   5.4   5.3   5.6   5.5   5.5   5.3   5.5   5.3   5.4   5.3   5.2   5.3   5.4   5.3   5.4   5.2   5.5   5.3   5.6   5.2   5.2   5.2   5.3   5.4   5.5   5.3   5.2   5.5   5.6   5.4   5.3   5.4   5.5   5.5   5.4    
5.6   5.5   5.5   5.3   5.6   5.3   5.3   5.2   5.5   5.5   5.6   5.3   5.5   5.3   5.6   5.6   5.4   5.4   5.5   5.5   5.5   5.3   5.3   5.6   5.3   5.6   5.6   5.3   5.5   5.3   5.4   5.4   5.3   5.3   5.4   5.6   5.3   5.3   5.4   5.4   5.4   5.2    
5.4   5.6   5.5   5.4   5.3   5.5   5.6   5.4   5.5   5.3   5.4   5.6   5.3   5.2   5.4   5.3   5.4   5.3   5.3   5.4   5.2   5.4   5.5   5.3   5.2   5.2   5.4   5.3   5.4   5.3   5.5   5.4   5.3   5.5   5.5   5.5   5.3   5.6   5.3   5.5   5.3   5.4    
5.3   5.3   5.5   5.3   5.4   5.4   5.2   5.5   5.3   5.3   5.5   5.3   5.4   5.4   5.4   5.6   5.4   5.4   5.5   5.5   5.4   5.6   5.5   5.2   5.4   5.5   5.5   5.4   5.6   5.6   5.2   5.4   5.2   5.5   5.3   5.4   5.3   5.5   5.4   5.5   5.4   5.5    
5.5   5.6   5.5   5.4   5.4   5.6   5.5   5.5   5.3   5.2   5.3   5.4   5.3   5.2   5.3   5.6   5.6   5.2   5.5   5.3   5.2   5.2   5.2   5.6   5.5   5.3   5.4   5.3   5.5   5.4   5.3   5.6   5.6   5.6   5.5   5.6   5.3   5.3   5.3   5.4   5.5   5.5    
5.5   5.3   5.4   5.2   5.3   5.5   5.3   5.4   5.3   5.4   5.2   5.4   5.3   5.3   5.5   5.3   5.5   5.2   5.5   5.5   5.5   5.6   5.3   5.3   5.3   5.6   5.4   5.2   5.3   5.2   5.5   5.6   5.5   5.3   5.3   5.4   5.4   5.5   5.3   5.4   5.2   5.5    
5.3   5.3   5.3   5.3   5.6   5.4   5.4   5.2   5.3   5.3   5.4   5.4   5.4   5.4   5.3   5.4   5.4   5.5   5.5   5.3   5.3   5.3   5.4   5.3   5.5   5.4   5.3   5.5   5.2   5.6   5.6   5.3   5.3   5.5   5.4   5.5   5.4   5.5   5.5   5.3   5.3   5.3    

Ha by Parcels
5   6   7   5   6   7   6   7   5   

Cost of m3 in each parcel
1.8   1.97   2.18   1.98   1.98   1.9   1.88   1.87   2.01   