Instance: 77
width: 7
long: 6
Parcels: 9
Crops: 19
Water: 312000

Chemical Properties by Parcel
15.07   12.72   12.23   17.55   9.98   11.51   12.99   17.07   17.35   10.2   11.37   13.53   9.94   16.01   18.16   13.81   13.14   14.79   17.2   14.62   10.09   9.86   12.75   15.12   12.98   17.6   15.41   13.67   18.2   10.7   12.11   15.93   18.46   18.43   11.19   17.91   17.14   10.72   16.94   18.69   17.65   12.09    
14.99   17.59   17.82   10.64   16.98   11.17   13.42   15.23   13.11   13.56   18.03   13.87   18.46   14.18   13.89   17.21   10.74   14.53   10.73   17.04   15.15   10.11   18.11   14.86   18.64   11.01   10.83   16.35   13.88   10.26   14.93   9.86   18.14   18.05   14.04   10.98   12.56   16.42   12.64   18.25   11.17   16.2    
13.76   16.28   16.27   11.28   15.74   10.56   16.85   16.11   11.11   15.34   13.95   10.95   15.89   17.21   16.55   17.16   12.02   14.09   17.81   12.68   11.7   13.12   10.51   12.85   14.95   12.61   13.98   17.15   14.79   13.52   12.22   12.73   13.95   15.09   12.61   16.65   16.43   12.71   15.97   11.17   12.32   16.21    
10.32   15.96   10.52   10.05   18.03   14.77   14.23   9.87   15.32   16.73   10.93   14.24   11.92   18.23   16.61   14.47   16.3   10.35   17.61   17.96   15.9   10.89   11.16   17.67   14.23   16.71   11.78   18.41   15.64   13.01   14.44   10.78   12.45   12.08   14.62   11.2   10.59   12.58   12.42   13.09   12.2   15.52    
18.54   15.37   10.57   12.78   17.13   11.53   12.24   12.27   16.49   13.06   11.07   16.92   10.55   18.31   17.09   17.64   17.96   15.11   17.39   10.55   14.59   10.43   14.35   18.65   13.87   16.91   11.54   15.81   12.86   14.32   11.1   16.76   13.49   13.41   13.2   14.64   18.68   12.79   17.99   11.88   12.58   12.79    
15.92   13.24   17.39   15.98   16.13   13.71   14.94   10.59   18.18   15.82   13.4   12.19   15.64   9.84   10.74   11.49   9.64   17.96   18.24   13.91   11.84   12.63   14.56   13.5   13.28   9.87   11.27   14.78   10.15   10.36   11.52   11.19   13.56   15.44   16.38   11.43   16.14   18.18   15.34   13.47   15.53   14.9    
12.78   9.85   18.26   11.78   13.05   13.09   16.82   11.72   10.45   13.32   13.78   11.94   11.46   16.7   13.98   9.89   15.17   15.16   10.36   11.33   13.99   11.53   17.75   11.11   14.85   10.61   17.73   12.64   17.17   12.49   15.18   13.29   11.24   17.23   15.04   10.15   15.41   13.63   10.53   17.31   15.31   15.76    
14.64   10.82   11.6   13.42   15.41   18.37   16.25   10.83   18.64   15.45   16.1   13.02   18.24   18.58   12.16   10.67   15.41   13.44   16.2   16.86   17.02   14.07   18.44   18.25   18.15   15.31   12.17   10.49   14.18   11.14   11.53   17.74   15.13   15.26   16.93   14.27   16.84   11.18   10.12   12.24   10.72   13.83    
14.08   15.09   15.98   10.12   11.69   13.47   13.13   16.77   17.88   9.74   18.49   11.34   13.58   13.88   16.33   16.57   13.03   17.95   17.44   12.03   14.37   16.65   15.48   10.47   16.33   12.06   18.43   18.13   9.86   11.52   18.53   15.57   17.44   18.61   10.13   13.54   16.51   17.42   9.67   11.03   10.68   13.64    

Physical Properties by Parcel
5.4   5.2   5.3   5.4   5.6   5.5   5.6   5.6   5.6   5.5   5.4   5.2   5.3   5.6   5.3   5.3   5.3   5.3   5.5   5.4   5.3   5.3   5.5   5.3   5.3   5.4   5.4   5.3   5.6   5.5   5.2   5.5   5.4   5.5   5.5   5.3   5.2   5.4   5.5   5.3   5.3   5.4    
5.4   5.3   5.5   5.5   5.4   5.3   5.3   5.5   5.5   5.4   5.5   5.3   5.5   5.3   5.3   5.4   5.3   5.3   5.5   5.3   5.4   5.3   5.5   5.5   5.5   5.3   5.5   5.2   5.4   5.2   5.5   5.6   5.2   5.4   5.5   5.4   5.5   5.3   5.3   5.5   5.6   5.3    
5.2   5.4   5.4   5.2   5.5   5.6   5.4   5.2   5.5   5.3   5.2   5.4   5.4   5.3   5.4   5.2   5.4   5.3   5.6   5.2   5.4   5.3   5.6   5.5   5.5   5.6   5.4   5.3   5.4   5.2   5.4   5.2   5.4   5.4   5.5   5.5   5.6   5.6   5.4   5.4   5.3   5.2    
5.3   5.5   5.3   5.4   5.3   5.3   5.4   5.5   5.5   5.4   5.2   5.6   5.4   5.2   5.6   5.5   5.3   5.3   5.2   5.4   5.5   5.4   5.3   5.3   5.2   5.4   5.5   5.5   5.6   5.2   5.5   5.2   5.5   5.3   5.2   5.5   5.3   5.2   5.2   5.3   5.3   5.4    
5.5   5.6   5.5   5.4   5.5   5.4   5.5   5.3   5.4   5.6   5.4   5.5   5.2   5.5   5.3   5.3   5.5   5.4   5.4   5.3   5.4   5.2   5.4   5.5   5.5   5.3   5.4   5.4   5.5   5.5   5.4   5.6   5.2   5.5   5.3   5.2   5.5   5.4   5.4   5.4   5.6   5.5    
5.3   5.6   5.3   5.3   5.5   5.6   5.6   5.6   5.6   5.4   5.3   5.6   5.6   5.3   5.4   5.4   5.3   5.5   5.3   5.6   5.2   5.5   5.3   5.5   5.4   5.5   5.3   5.2   5.4   5.5   5.2   5.4   5.6   5.3   5.2   5.5   5.3   5.4   5.4   5.6   5.4   5.4    
5.3   5.4   5.5   5.3   5.2   5.4   5.4   5.3   5.4   5.4   5.4   5.3   5.2   5.5   5.3   5.5   5.5   5.3   5.6   5.3   5.2   5.3   5.5   5.2   5.2   5.3   5.5   5.3   5.2   5.6   5.4   5.5   5.5   5.4   5.4   5.2   5.3   5.5   5.5   5.6   5.6   5.3    
5.4   5.3   5.4   5.5   5.4   5.5   5.4   5.4   5.5   5.6   5.5   5.3   5.2   5.3   5.4   5.4   5.4   5.2   5.4   5.2   5.2   5.5   5.3   5.4   5.6   5.3   5.2   5.4   5.5   5.2   5.3   5.2   5.4   5.6   5.3   5.3   5.3   5.3   5.5   5.2   5.5   5.6    
5.6   5.6   5.5   5.3   5.2   5.6   5.3   5.2   5.2   5.5   5.3   5.2   5.3   5.4   5.5   5.5   5.3   5.5   5.5   5.3   5.5   5.5   5.4   5.3   5.3   5.3   5.4   5.5   5.4   5.4   5.3   5.2   5.4   5.4   5.3   5.4   5.5   5.4   5.5   5.3   5.3   5.4    

Ha by Parcels
7   6   5   7   5   5   6   5   6   

Cost of m3 in each parcel
2.03   2.13   2.12   2.16   1.96   2.12   2.13   1.93   2.04   