Instance: 76
width: 7
long: 6
Parcels: 9
Crops: 19
Water: 324000

Chemical Properties by Parcel
16.72   10.95   13.68   16.76   16.37   17.7   14.98   14.27   12.84   18.12   10.1   14.71   10.91   9.8   16   10.97   9.77   16.21   17.41   10.83   18.49   12.97   15.23   9.8   10.11   11.01   13.67   11.79   14.49   14.61   18.64   15.54   13.21   18.14   11.2   12.5   9.71   14.17   14.19   14.31   10.61   12.96    
18.5   18.68   12.69   14.59   17.85   17.06   12.3   15.56   17.81   10.82   16.03   15.31   15.38   11.78   16.2   16.93   15.45   17.21   12.55   10.43   16.75   15.58   12.93   16.06   18.23   12.88   18.08   11.69   18.62   15.76   17.8   17.09   18.31   16.78   16.69   16.75   14.35   18.55   16.68   12.34   15.97   14.44    
16.81   17.24   16.06   14.18   15.03   17.14   16.76   13.12   17.38   14.93   11.2   14.1   18.32   11.84   14.41   15.81   17.81   10.87   17.98   14.5   14.03   11.22   15.77   17.76   16.62   14.13   13.75   15.11   16.65   12.77   14.74   14.5   13.56   11.74   14.65   17.49   16.92   12.41   9.93   14.79   14.24   9.65    
13.69   18.14   18.27   17.83   16.44   9.95   17.62   15.82   18.47   18.2   15.9   17.89   14.68   15.46   14.04   10.49   14.46   12.9   15.5   17.87   13.86   16.05   13.41   13.49   15.72   10.13   16.24   15.72   15.58   11.4   12.13   12.89   17.13   11.6   17.42   18.06   13.65   15.57   18.13   16.8   17.11   17.52    
16.81   16   9.87   12.42   13.08   12.85   9.98   15.02   16.86   14.52   13.75   16.11   15.13   17.4   14.35   16.2   11.45   13.65   17.64   14.23   14.14   17.54   17.83   16.77   17.69   12.08   11.83   13.17   13.66   16.31   15.9   16.65   13.03   18.32   11.76   16.64   16.22   10.63   13.27   15.36   12.61   9.71    
9.74   14.03   10.25   16.52   10.09   9.85   16.28   11.17   17.51   15.75   16.38   14.24   18.6   11.15   18.35   9.76   11.8   12.57   18.61   15.85   11.61   15.86   12.04   9.78   18.48   13.34   13.13   10.05   18.47   13.29   15.77   15.06   12.35   16.24   9.89   16.95   10.65   11.65   18.56   17.64   12.75   13.36    
15.53   15.32   11.81   11.42   15.25   13.41   9.86   15.31   11.68   11.19   12.12   14.88   14.44   9.89   15.53   17.58   15.36   9.61   11.2   11.95   17.56   12.93   10.17   17.79   12.29   12.53   16.8   11.19   12.64   17.46   13.57   15.73   16.73   18.07   11.83   13.86   18.6   16.83   13.83   15.32   12.39   15.97    
16.92   16.49   17.34   10.94   11.55   10.33   13.89   16.61   10.86   11.22   17.04   10.21   14.14   15.03   12.44   14.84   11.79   16.97   15.06   11.21   12.24   12.85   10.73   12.84   16.43   11.76   18.27   16.15   12.89   14.56   17.4   16.57   11.39   12.96   15.45   17.71   15.28   18   16.18   15.66   14.15   18.2    
15.35   12.62   15.99   15.24   13.9   9.9   11.27   15.7   10.32   11.32   9.94   13.17   12.46   14.39   10.97   18.1   12.32   18.62   16.34   13.73   10.67   15.5   15.81   10.89   16.59   17   10.39   13.94   12.94   13.7   10.75   16.45   15.07   16.96   10.67   17.21   13.55   12.45   17.28   11.27   10.1   16.04    

Physical Properties by Parcel
5.3   5.2   5.2   5.4   5.5   5.3   5.2   5.3   5.3   5.4   5.6   5.4   5.5   5.6   5.4   5.2   5.5   5.5   5.3   5.4   5.6   5.3   5.3   5.3   5.5   5.5   5.4   5.4   5.3   5.5   5.3   5.3   5.4   5.2   5.4   5.5   5.3   5.5   5.4   5.5   5.4   5.5    
5.3   5.3   5.3   5.3   5.6   5.5   5.5   5.6   5.3   5.5   5.3   5.2   5.5   5.2   5.5   5.6   5.3   5.3   5.2   5.4   5.3   5.6   5.4   5.5   5.5   5.3   5.4   5.4   5.4   5.5   5.5   5.3   5.2   5.3   5.5   5.3   5.5   5.4   5.4   5.5   5.2   5.3    
5.4   5.3   5.4   5.4   5.2   5.5   5.5   5.3   5.5   5.3   5.3   5.3   5.3   5.5   5.5   5.5   5.3   5.5   5.2   5.4   5.5   5.6   5.3   5.2   5.4   5.5   5.5   5.4   5.5   5.4   5.6   5.4   5.3   5.4   5.6   5.5   5.3   5.2   5.5   5.5   5.3   5.2    
5.6   5.3   5.4   5.4   5.3   5.2   5.5   5.6   5.6   5.2   5.3   5.2   5.5   5.4   5.4   5.2   5.3   5.5   5.2   5.5   5.4   5.4   5.4   5.6   5.5   5.3   5.2   5.2   5.4   5.6   5.3   5.3   5.4   5.4   5.6   5.4   5.3   5.5   5.6   5.4   5.3   5.2    
5.3   5.4   5.4   5.2   5.6   5.6   5.5   5.5   5.3   5.3   5.6   5.5   5.5   5.5   5.5   5.6   5.6   5.4   5.3   5.6   5.3   5.4   5.4   5.6   5.4   5.4   5.5   5.6   5.4   5.4   5.5   5.4   5.4   5.3   5.4   5.6   5.2   5.5   5.4   5.6   5.6   5.4    
5.5   5.3   5.4   5.2   5.6   5.4   5.5   5.5   5.5   5.4   5.5   5.6   5.3   5.3   5.3   5.5   5.4   5.2   5.2   5.5   5.3   5.6   5.5   5.4   5.3   5.5   5.5   5.2   5.2   5.3   5.5   5.5   5.3   5.5   5.4   5.5   5.3   5.2   5.2   5.4   5.3   5.4    
5.5   5.5   5.3   5.3   5.4   5.2   5.4   5.3   5.2   5.4   5.2   5.4   5.4   5.3   5.3   5.2   5.4   5.3   5.5   5.3   5.3   5.4   5.6   5.2   5.5   5.5   5.4   5.5   5.5   5.3   5.2   5.3   5.4   5.6   5.5   5.5   5.4   5.5   5.4   5.5   5.4   5.5    
5.4   5.3   5.4   5.3   5.5   5.2   5.2   5.3   5.6   5.3   5.3   5.5   5.3   5.6   5.3   5.3   5.5   5.3   5.2   5.4   5.4   5.3   5.2   5.3   5.4   5.4   5.6   5.4   5.4   5.2   5.5   5.3   5.2   5.6   5.5   5.5   5.3   5.3   5.3   5.3   5.2   5.2    
5.3   5.5   5.3   5.3   5.3   5.3   5.5   5.4   5.2   5.4   5.4   5.5   5.5   5.3   5.3   5.3   5.4   5.6   5.4   5.4   5.5   5.4   5.3   5.4   5.2   5.5   5.3   5.4   5.4   5.6   5.5   5.4   5.2   5.6   5.6   5.4   5.6   5.5   5.3   5.5   5.6   5.3    

Ha by Parcels
5   6   5   7   6   7   5   6   7   

Cost of m3 in each parcel
1.82   1.8   1.98   1.88   2.14   1.91   1.85   2.19   1.94   