588
42
9
324000
[[0,0,0,0,0,0,0,0,0],
[0,0,0,0,0,0,0,0,0],
[0,0,0,0,0,0,0,0,0],
[0,0,0,0,0,0,0,0,0],
[0,0,0,0,0,0,0,0,0],
[0,0,0,0,0,0,0,0,0],
[0.3,0.62,11.23,2.49,0.11,7.07,0.01,0.04,4.53],
[0,5.25,9.12,4.65,0.04,0.09,27.08,21.06,2.58],
[4.03,0.44,7.96,0.95,5.22,5.81,20.03,0.2,7.45],
[0.08,15.18,2.08,3.67,7.22,9.59,20.93,27.68,14.74],
[0.01,2.88,1.19,3.51,0.79,0.09,7.88,0.03,1.57],
[0.2,2.71,20.31,7.03,0.06,4.24,17.81,13.46,2.46],
[2.68,2.78,5.71,2.33,3.79,4.41,15.88,12.81,9.6],
[2.36,8.69,3.98,4.33,12.38,5.29,13.66,20.15,7.81],
[0.04,7.63,3.22,7.18,3.75,7.08,10.65,19.09,7.67],
[2.52,1.99,13.59,5.17,2.68,4.31,12.41,12.22,6.41],
[2.33,10.74,3.96,3.26,11.66,3.91,16.12,16.65,7.51],
[1.75,6.02,3.27,8.93,9.64,4.75,9.89,20.77,5.28],
[2.62,9.05,11.31,4.43,9.8,4.54,15.09,13.65,5.74],
[2.08,8.92,3.89,6.7,10.89,3.66,12.13,16.58,5.64],
[2.57,8.3,11.02,6.19,10.16,4.65,12.09,13.64,4.59],
[0,0,0,0,0,0,0,0,0],
[0,0,0,0,0,0,0,0,0],
[0,0,0,0,0,0,0,0,0],
[0,0,0,0,0,0,0,0,0],
[0,0,0,0,0,0,0,0,0],
[0,0,0,0,0,0,0,0,0],
[2.74,5.48,0.74,25.56,0.01,8.78,1.31,0.46,0.74],
[1.31,7.18,0.43,27.9,6.92,1.92,0.78,0.52,0],
[4.21,4.59,0.98,3.62,2.1,3.48,17.94,0.16,16.02],
[0,7.8,9.12,3.75,3.35,0,0.03,4.18,0.22],
[0.83,4.5,0.79,11.47,18.85,20.42,1.26,9.33,2.08],
[1.44,4.26,0.41,17.84,4.47,4.4,0.72,0.98,0.48],
[2.11,11.68,1.38,14.31,8.56,5.33,9.99,0.26,10.74],
[2.88,4.27,8.72,7.37,5.41,2.36,11.5,3.44,9.58],
[0.59,12.15,4.81,5.78,9.5,13.53,0.73,13.17,1.98],
[2.65,7.8,0.92,11.89,8.02,4.56,8.59,0.7,7.27],
[1.95,7.9,8.52,10.59,12.46,5.06,9.44,2.32,9.6],
[3.26,8.19,6.87,5.98,7.08,9.09,10.6,12.65,6.47],
[2.81,5.92,6.7,10.5,13.11,4.18,9.7,1.84,7.63],
[2.61,8.37,8.04,10.06,10.35,7.93,10.43,10.24,7.22],
[3.66,6.77,6.98,9.48,10.8,7.23,11.62,8.25,6.16],
[0,0,0,0,0,0,0,0,0],
[0,0,0,0,0,0,0,0,0],
[0,0,0,0,0,0,0,0,0],
[0,0,0,0,0,0,0,0,0],
[0,0,0,0,0,0,0,0,0],
[0,0,0,0,0,0,0,0,0],
[0.01,19.53,2.67,15.68,1.08,13.47,15.07,3.92,17.17],
[12.6,0.53,0.08,20.22,7.49,0.01,4.68,8.04,34.28],
[10.17,12.9,0.05,21.52,0.19,0.63,9.42,1.45,21.39],
[1.6,12.8,0.02,1.98,2.44,0.06,0.2,3.13,3.98],
[3.23,0.61,5.71,15.51,10.58,19.16,4.21,8.99,0.08],
[8.61,11.23,1.53,12.06,7.61,8.79,7.57,4.23,18.13],
[7.63,10.7,0.04,13.92,4.33,0.46,13.83,8.6,19.06],
[5.16,8.57,0.03,11.31,2.2,0.33,5.5,1.63,10.76],
[1.7,10.79,3.6,15.36,12.07,12.09,3.54,11.61,3.08],
[6.05,10.88,1.2,12.43,6.59,5.93,10.22,5.78,14.29],
[5.14,7.58,0.03,9.3,3.33,0.36,11.91,5.73,13.08],
[5.47,7.64,2.84,13.09,11.32,10.24,4.54,8.22,7.18],
[4.72,9.21,0.93,9.58,4.97,4.56,9.21,4.34,10.79],
[4.82,6.56,2.2,12.75,8.76,8.76,8.97,7.93,10.15],
[4.3,8.81,3.06,11.27,7.96,8.86,7.45,6.37,8.76],
[0,0,0,0,0,0,0,0,0],
[0,0,0,0,0,0,0,0,0],
[0,0,0,0,0,0,0,0,0],
[0,0,0,0,0,0,0,0,0],
[0,0,0,0,0,0,0,0,0],
[0,0,0,0,0,0,0,0,0],
[0.72,0.65,38.28,1.11,0.11,9.29,0.97,1.69,21.78],
[6.41,1.11,0.15,1.62,21.58,2.21,0.41,1.05,33.05],
[0.02,20.93,30.34,0.91,4.99,4.06,4.74,4.77,3],
[4.96,7.57,5.22,13.47,3.03,2.95,15.79,3.41,0.5],
[0.06,2.18,10.63,1.36,12.85,3.3,21.98,3.03,0.9],
[6.18,0.61,24.04,0.93,15.47,4.65,0.5,2.72,18.67],
[4.5,17.91,21.73,0.88,10.8,6.17,4.37,2.39,17.39],
[3.13,10.61,15.32,11.92,2.75,2.37,7.92,2.77,3.15],
[3.73,3.79,15.53,12.74,6.43,6.25,12.76,6.43,0.49],
[6.32,12.95,22.88,0.72,10.78,5.08,2.93,2.38,12.59],
[3.84,12.15,15.63,8.12,8.81,4.12,5.58,1.86,11.6],
[3.53,7.76,14.55,15.68,6.86,4.2,9.1,4.36,2.11],
[4.91,10.12,17.25,6.98,10.52,3.83,4.25,2.22,9.48],
[3.49,10.66,13.53,12.74,8.61,4.28,7.68,3.49,9.09],
[4.13,9.83,16.54,11.97,9.28,4.39,6.16,3.99,7.75],
[0,0,0,0,0,0,0,0,0],
[0,0,0,0,0,0,0,0,0],
[0,0,0,0,0,0,0,0,0],
[0,0,0,0,0,0,0,0,0],
[0,0,0,0,0,0,0,0,0],
[0,0,0,0,0,0,0,0,0],
[0.32,1.62,27.01,0.02,0.53,2.78,0.01,0.25,2.33],
[4.81,0.06,0,0.27,10.95,8.45,23.6,17.94,11.76],
[1.55,0.28,1.55,4.74,0.72,4.18,8.53,1.34,0],
[0.34,4.41,0.01,11,5.18,5.06,0.56,0.03,0],
[0.94,2.04,15.29,13.57,10.04,11,1.3,5.15,8.74],
[2.59,1.34,17.96,0.15,6.05,4.25,15.42,10.71,5.9],
[2.42,0.14,1.04,2.58,5.91,4.46,11.96,9.58,7.89],
[1.75,2.39,1.11,15.31,2.65,9.22,4.6,1.06,0],
[1.23,6.3,10.44,8.24,5.34,5.73,0.67,3.18,5.84],
[1.73,0.89,12.09,1.86,4.65,3.06,10.32,8.26,5.55],
[1.85,1.77,1.13,12.27,7.9,6.46,8.06,6.49,5.92],
[2.74,5.11,10.36,10.49,3.63,6.79,4.37,2.26,4.36],
[1.42,2.52,9.09,10.33,7.37,5.31,8.11,6.55,4.88],
[2.26,4.47,9.33,9.23,6.37,5.56,6.32,7.6,6.19],
[1.81,5.31,11.83,8.26,6.05,4.66,6.53,8.28,5.09],
[0,0,0,0,0,0,0,0,0],
[0,0,0,0,0,0,0,0,0],
[0,0,0,0,0,0,0,0,0],
[0,0,0,0,0,0,0,0,0],
[0,0,0,0,0,0,0,0,0],
[0,0,0,0,0,0,0,0,0],
[1.86,8.32,0.01,6.73,6.34,25.63,3.78,1.6,3.03],
[2.35,2.23,0.35,3.7,6.55,1.86,0.02,7.07,2.78],
[2.16,1.71,1.04,6.66,7.64,5.68,14.05,2.95,12.85],
[1.81,0,11.76,1.96,3.98,1.36,0,7.64,3.75],
[2.69,24.71,13.01,30.03,18.36,5.45,3.65,0.3,23.46],
[4.21,4.16,0.2,3.63,4.3,13.72,2.72,3.54,5.81],
[4.52,3.93,1.33,10.22,4.75,7.2,9.73,3.64,6.44],
[1.33,1.15,10.86,8.16,11.42,6.55,9.35,10.23,15.7],
[1.53,16.45,8.27,16.21,9.2,2.72,2.44,6.3,11.89],
[7.15,3.67,1.08,6.91,4.66,10.44,11.89,2.43,5.66],
[3.02,3.56,10.16,13.89,7.62,9.95,9.71,7,11.4],
[1.65,11.03,7.72,12.23,9.68,4.65,6.45,11.2,13.25],
[5.67,3.17,8.78,10.51,8.17,10.08,13.44,5.52,8.76],
[3.49,8.88,7.68,13.24,7.39,7.46,7.28,8.41,10.18],
[6.35,8.3,7.03,10.59,7.34,8.12,10.95,7.37,8.56],
[0,0,0,0,0,0,0,0,0],
[0,0,0,0,0,0,0,0,0],
[0,0,0,0,0,0,0,0,0],
[0,0,0,0,0,0,0,0,0],
[0,0,0,0,0,0,0,0,0],
[0,0,0,0,0,0,0,0,0],
[2.9,0.42,17.94,7.11,7.92,4.35,2.21,1.34,6.06],
[1.98,0,0.79,0.45,9.9,0.06,10.86,3.84,0.03],
[5.51,0.01,27.38,3.62,0.16,2.53,0.16,6.09,4.5],
[4.71,0.37,1.3,17.05,0.92,0.13,1.2,5.64,7.57],
[3.75,2.58,27.53,16.19,33.95,0.51,0.02,1.69,1.07],
[4.85,0.29,15.01,6.23,5.98,2.6,5.45,4.97,3.76],
[7.2,0.01,15.67,1.86,5.87,1.47,8.23,3.4,3.28],
[3.42,0.29,23.09,8.54,0.47,2.15,0.61,3.91,4.15],
[2.84,1.31,15.23,11.08,19.51,0.26,0.71,2.83,3.86],
[10.66,0.24,15.21,4.31,4.28,3.98,5.85,3.61,3.52],
[4.81,0.23,19.82,6,5.44,1.86,5.52,3.22,3],
[3.09,0.88,19.16,7.51,14.45,1.43,0.51,2.76,2.77],
[8.2,0.46,16.47,8.73,4.15,4.5,4.48,4,3.77],
[4.95,0.66,16.47,5.67,12.24,1.43,4.19,2.44,2.25],
[8.67,0.66,15.1,7.36,10.37,3.84,3.67,3.2,3.05],
[0.03,3.65,2.08,14.15,0,1.94,33.87,0.01,1.22],
[0.9,25.35,7.68,8.24,0.06,2.88,22.51,0.35,0.03],
[0.04,0,26.35,0.06,7.18,0.37,0.18,34.86,2.02],
[0.02,2,1.75,0.45,3.41,1.33,0.44,25.56,0.02],
[0.04,6.34,0.06,0.48,0.98,3.89,13.99,5.06,10.4],
[0.98,1.69,2.98,20.87,6.06,5.02,4.23,30.03,0.28],
[1.11,10.07,4.29,9.48,0.05,6.87,19.04,0.25,1.91],
[0.53,8.48,13.6,11.99,3.74,1.56,13.74,14.23,1.12],
[2.77,1.98,9.93,1.55,5.85,3.62,12.86,20.14,8.23],
[0.03,10.24,3.92,2.79,4.86,3.31,8.56,11.93,6.56],
[0.52,2.71,1.02,7.5,6.91,6.85,8.65,13.08,3.57],
[0.68,6.06,11.07,10.03,2.38,4.37,15.46,8.69,1.55],
[1.94,6.69,8.51,7.38,6.45,4.69,12.62,14.13,8.27],
[2.1,6.18,7.65,4.76,9.14,3.06,10.53,14.49,7.14],
[0.33,8.37,3.74,5.87,5.31,8.38,6.31,13.38,4.73],
[2.22,5.31,8.38,7.32,5.4,4.64,13.85,10.4,6.09],
[1.86,8.04,8.22,6.5,11.52,3.92,11.11,11.22,7.45],
[2.17,6.33,6.59,6.82,7.5,6.08,9.57,14.7,5.21],
[2.42,6.86,9.27,6.64,10.92,4.06,12.41,8.86,5.95],
[2.16,7.82,7.85,7.46,9.68,5.46,10.03,12.24,5.83],
[2.87,7.14,9.48,7.41,9.69,5.8,11.3,10.18,4.91],
[7.68,4.35,0.62,18.42,11.66,3.46,2.1,0.53,5.88],
[1.07,0,2.93,22.31,6.06,22.78,17.52,11.47,0.73],
[1.88,3.78,0.61,25.56,8.45,10.95,8.45,1.62,24.78],
[0.05,0.25,0,2.21,15.4,0.42,19.34,0.11,13.31],
[2.42,1.64,9.86,4.06,17.58,0.76,14.31,0.37,1.41],
[0.45,0,0.02,28.2,11.57,1.02,8.16,0.44,0.29],
[3.33,9.07,1.28,13.78,6.12,8.83,10.75,4.28,6.38],
[4.66,3.2,1.2,16.06,4.84,11.53,10.2,6.47,14.26],
[5.22,6.82,0.45,10.5,8.54,3.98,9.49,0.68,12.76],
[1.07,7.39,4.67,3.95,12.91,0.41,11.23,2.58,5.3],
[2.18,1.95,3.67,10.8,9.91,13.78,9.17,6.38,0.79],
[4.41,6.2,0.97,13.39,5.42,7.86,8.18,4.02,10.3],
[3.92,9.34,0.99,11.38,6.43,7.4,10.01,4.79,11.93],
[3.88,6.06,3.87,7.64,11.14,2.63,8.65,2.04,8.14],
[1.32,9.37,3.95,8.67,10.11,10.67,9.83,10.08,3.26],
[3.9,8.01,1.01,10.77,6.29,6.18,8.68,3.69,9.54],
[3.2,7.12,3.68,8.88,9.38,5.61,9.19,3.94,9.74],
[4.26,7.26,4.33,9.86,9.96,9.5,8.85,8.95,5.87],
[3.36,6.79,3.44,8.95,8.62,5.22,8.41,3.19,8.25],
[3.48,6.93,4.56,10.24,9.08,9.92,8.97,8.28,7.72],
[3.62,7.12,4.59,10.06,8.58,8.47,8.76,6.86,6.86],
[14.1,17.35,31.84,24.01,4.29,1.92,4.53,0.99,8.86],
[7.96,0.3,4.74,0.01,7.76,28.43,0.59,2.81,34.03],
[10.63,0.05,2.31,32,0.77,14.2,0.56,4.77,33.29],
[0.04,0.57,14.1,0,7.18,0.92,2.69,1.45,0.34],
[0.58,2.51,2.6,4.84,0.39,8.57,26.72,1.64,0.49],
[7.92,14.74,16.3,0.33,0.08,0.14,2.46,0,3.73],
[7.45,10.43,15.65,9.42,4.33,10.18,5.65,3.06,14.34],
[6.37,0.65,2.35,12.4,11.93,14.54,1.7,3.07,22.44],
[5.39,11.32,10.96,12.93,3.83,5.29,5.67,3.99,12.61],
[2.24,7.7,6.55,5.91,2.53,3.53,13.06,3.2,1.49],
[3.23,5.83,6.43,6.07,7.95,9.3,10.89,4.29,1.48],
[6.65,6.36,10.48,12.47,11.42,9.34,3.52,2.8,15.28],
[4.88,11.44,8.71,8.02,8.73,9.4,7.45,4.59,14.61],
[3.8,7.97,7.12,10.12,2.56,4.99,9.18,3.21,7.87],
[2.93,8.38,7.77,11.4,7.61,8.54,8.35,7.63,1.7],
[5.65,10.84,11.48,9.58,9.97,7.41,6.14,3.52,11.72],
[3.85,8.54,6.81,7.88,6.37,7.95,9.14,3.57,10.58],
[3.86,7.87,7.45,12.93,8.04,8.49,7.13,6.17,6.16],
[4.62,8.74,9.27,8.9,8.23,6.72,7.75,3,9.21],
[3.88,8.3,7.11,11.68,8.37,9.76,8.01,5.28,8.64],
[4.51,8.5,9.07,11.76,8.69,8.19,7,4.77,7.88],
[4.41,28.73,30.34,29.03,2.25,1.53,6.44,13.26,0.95],
[0.47,23.94,34.53,17.52,0.2,12.1,13.11,8.08,4.68],
[0.12,12.85,30.03,35.79,0.79,0.83,3.54,5.85,0.02],
[1.05,0.21,1.62,8.12,0.24,0.78,1.3,0.86,2.55],
[0.38,0.04,0.84,17.11,1.07,9.5,4.35,0.54,5.28],
[0.01,7.37,0.07,2.62,2.1,2.51,2.14,22.51,2.58],
[1.64,18.28,21.79,15.66,0.84,4.86,6.65,7.66,8.27],
[3.92,12.37,21.54,17.86,10.88,4.65,8.51,6.36,15.61],
[0.6,8.7,13.58,14.88,1.93,3.28,5.94,2.41,1.35],
[1.8,4,1.76,8.43,3.13,3.48,5.6,1.15,2.7],
[0.38,2.47,8.87,10.5,8.66,8.4,7.82,7.73,3.29],
[4.16,13.54,19.08,16.56,8.68,3.68,7.59,6.47,9.9],
[2.77,11.51,15.89,12.68,6.68,4.44,6.56,4.91,10.98],
[1.95,5.93,8.33,12.36,2.19,4.74,5.07,1.86,2.19],
[2,4.63,10.39,8.95,5.3,5.75,5.39,5.23,2.88],
[3.61,12.32,15.73,13.21,6.7,3.49,6.03,5.45,8.02],
[2.45,8.37,11.51,11.56,7.2,5.35,6.1,3.59,8.75],
[2.69,5.52,11.72,11.55,4.65,5.01,5.98,4.57,2.93],
[2.98,9.71,12.38,12.22,8.1,4.34,6.1,4.3,6.92],
[2.56,7.39,12.98,10.94,6.8,5.27,6.25,5.31,7.2],
[2.81,8.67,13.4,11.62,7.21,4.51,5.98,5.58,6],
[0.91,0.57,0.27,4.41,14.42,6.96,0.2,1.25,0.3],
[0.95,5.61,22.85,0.41,4.03,0.57,2.55,8.32,0.57],
[0.1,0.39,17.41,3.25,1.58,5.28,9.72,16.07,34.28],
[9.2,0.02,3.65,4.87,0.43,4.53,12.6,1.28,5.25],
[5.18,5.12,2.6,0.08,24.29,30.73,7.8,3.3,0.12],
[23.87,1.64,3.67,2.27,6.37,0.01,4.09,0.01,4.99],
[0.73,4.94,12.03,2.61,7.91,10.06,1.49,3.29,2.07],
[2.67,2.25,13.47,1.55,7.61,4.99,8.26,8.55,12.13],
[3.11,0.7,7.03,6.48,2.85,3.29,7.56,5.84,15.34],
[5.42,2.44,3.94,5.36,8.25,11.95,6.89,2.64,2.41],
[9.76,9.08,11.51,14.78,10.43,10.41,5.51,2.42,11.84],
[2.73,3.14,12,2.22,7.46,7.2,7.51,5.7,8.1],
[4.02,2.16,8.81,5.88,4.72,4.72,8.95,5.63,11.01],
[3.34,1.63,6.12,10.62,6.88,8.23,6.27,5.25,11.09],
[8.04,9.19,7.66,9.84,6.44,7.2,5.91,3.83,8.67],
[4.21,2.42,9.46,4.83,5.46,5.89,9.61,4.63,7.99],
[3.64,2.3,7.89,11.69,6.84,7.79,8.45,5.79,10.48],
[5.83,6.92,7.98,10.01,5.82,5.9,5.62,6.14,11.66],
[3.86,2.57,9.64,10,6.95,8.01,10,5.37,8.19],
[5.49,6.01,8.75,10.09,6.12,6.24,7.08,7.12,10.21],
[5.39,6.29,9.27,8.85,6.33,6.59,8.57,7.12,8.39],
[0.48,5.02,14.15,5.61,0.31,0.03,14.31,0,1.58],
[0.13,0,0.14,8.36,0.73,7.84,11.05,0.01,0.29],
[0.23,2.29,3.43,2.69,0.07,2.83,0.01,20.42,5.71],
[0.16,8.45,5.58,8.08,4.41,5.25,18.18,0.11,0.86],
[0.19,12.4,0,0.01,25.56,14.53,9.99,0,14.15],
[0.02,9.33,2.46,1.81,25.56,0.58,1.94,3.62,4.47],
[1.77,3.76,7.9,4.66,5.09,11.14,10.41,0.98,3.56],
[1.56,1.13,1.2,4.81,5.7,3.99,5.34,6.89,2.37],
[2.56,3.83,9.52,3.67,3.16,2.8,7.93,6.94,7.62],
[2.17,7.01,5.34,7.79,10.17,6.7,9.59,4.44,5.11],
[2.2,9.13,13.89,15.66,17.44,5.47,4.68,1.3,8.63],
[3.78,2.72,6.24,4.26,4.3,7.76,6.53,4.71,4.99],
[4.7,2.88,6.8,5.02,4.31,3.78,7.26,4.32,4.88],
[1.92,4.78,13.6,6.8,7.92,4.78,7.77,7.19,7.96],
[1.75,7.86,9.45,11.09,11.78,4.33,6.44,3.83,6.33],
[7.68,3.27,7.53,4.83,3.84,6.32,7.87,3.4,4.87],
[3.38,3.88,12.85,8.61,6.9,5.16,7.16,5.17,6.17],
[2.05,5.95,11.55,8.46,10.46,3.57,5.83,6.28,6.96],
[6.22,3.92,11.58,8.56,6.14,6.55,7.97,4.72,5.61],
[3.78,4.77,10.77,8.59,8.75,4.08,5.8,5,5.63],
[6.87,4.85,10.14,8.16,8.05,5.54,6.7,4.92,5.46],
[4.84,2.68,1.04,10.95,7.76,5.33,18.35,0.31,2.95],
[1.96,16.87,3.91,11.33,4.47,11.71,13.45,6.54,0.41],
[1.45,2.61,15.31,16.23,5.23,6.21,4.93,19.31,13.15],
[0.07,1.03,1.15,1.11,7.71,0.67,15.14,18.23,9.25],
[1.43,3.17,6.08,2.1,9.61,4.24,9.44,2.71,5.32],
[0.51,1.08,1.84,16.54,6.17,2.52,4.34,17.89,0.57],
[3.02,10.2,3.12,8.93,5.03,7.07,14.45,2.82,4.74],
[2.84,7.88,8.46,11.6,3.88,7.34,11.89,10.41,9.16],
[4.11,4.18,6.75,7.14,6.33,3.56,10.15,15.12,9.26],
[0.75,8.71,4.14,3.13,9.39,2.49,11.06,8.52,6.18],
[1.31,1.79,3.61,7.85,6.57,8.35,7.9,10.54,2.36],
[2.99,7.22,7.43,10.2,4.48,5.99,12.07,6.73,7.1],
[3.13,7.87,5.58,8.11,5.34,5.77,11.34,11.1,9.94],
[3.18,6.18,6.43,6.05,10.06,3.35,8.82,10.37,7.2],
[0.84,7.94,4.3,7.51,7.47,8.44,8.82,11.27,4.07],
[3.24,6.65,5.8,8.3,5.29,5.17,11.69,8.21,7.86],
[2.68,7.74,6.04,6.71,9.22,4.97,10.46,8.73,8.31],
[3.22,6.28,6.12,8.71,8.98,7.37,8.34,11.71,5.37],
[2.92,7.24,6.73,7.03,8.54,4.67,10.85,6.93,6.99],
[2.83,7.36,6.32,8.5,8.96,7.47,9.31,10.16,6.67],
[3.13,7.39,7.49,8.34,8.61,6.86,9.89,8.51,5.86],
[7.58,8.67,18.68,14.27,15.36,1.87,6.48,0.53,5.02],
[4.08,0.2,2.63,14.53,13.78,17.17,9.93,5.74,19.85],
[5.36,2.85,1.16,19.31,4.44,8.46,7.46,6.12,19.57],
[0.03,0.3,9.45,1.54,8.04,0.48,9.88,0.77,7.68],
[2.79,1.41,4.93,2.98,13.72,4.52,14.32,0.82,1.82],
[6.84,9.99,10.5,16.99,7.11,0.52,10.07,0.29,1.99],
[5.05,7.37,10.48,11.83,11.79,7.98,8.97,2.96,9.95],
[4.09,2.55,1.55,13.82,8.8,10.77,7.86,5.17,15.77],
[4.08,8.34,7.26,8.55,6.12,4.21,7,3.35,10.98],
[1.92,6.23,5.78,5.09,8.89,2.14,10.88,2.77,4.13],
[4.26,4.7,6.38,8.18,8.75,9.67,9.91,4.49,1.82],
[4.55,5.34,7.05,12.27,10.15,7.25,7.5,3.46,11.11],
[3.58,10.4,6.14,9.46,7.68,7.97,7.84,4.43,11.85],
[3.28,6.44,6.64,8.17,8.02,3.76,8.73,3.26,7.75],
[2.94,8.38,6.35,8.94,7.95,8.73,9.34,8.07,3.13],
[4.33,9.2,8.19,9.47,8.85,6.15,7.35,3.32,9.53],
[3.13,7.85,6.66,8.62,8.44,6.73,8.55,3.73,9.36],
[3.8,7.25,6.78,10.56,8.25,7.98,8.23,7.5,6],
[3.8,7.47,7.97,8.89,9.07,5.59,8.2,3.02,8.1],
[3.59,7.75,6.92,10.38,8.45,8.84,8.16,6.71,7.64],
[4.15,7.5,7.93,10.45,8.85,7.53,7.97,5.81,6.91],
[7.08,15.83,20.73,17.76,2.29,1.16,3.71,7.08,4.61],
[4.33,14.37,17.65,12.01,4.48,14.65,10.99,4.08,17.39],
[7.92,8.06,16.01,22.63,1.56,12.32,3.67,3.56,21.61],
[0.59,0.29,7.29,5.3,4.07,1.7,3.9,2.28,1.31],
[0.33,1.9,3.28,8.57,1.4,6.03,13.52,0.83,4.92],
[5.47,7.79,10.19,2.59,1.74,1.37,1.54,14.94,2.14],
[4.57,14.9,15.38,12.53,2.73,6.67,7.4,5.42,9.08],
[4.99,9.13,13.46,14.79,10.04,10.94,6.15,5.49,16.34],
[3.69,8.38,10.67,13.46,3.08,6.32,7.48,2.67,9.73],
[1.48,5.61,4.65,5.75,2.59,3.14,8.75,2.2,2.98],
[2.34,3.91,6.91,9.61,7.93,8.99,6.98,6.71,3.17],
[4.92,11.49,13.62,13.76,8.83,7.26,6.63,5.24,11.37],
[3.66,10.75,11.38,11.45,7.48,7.61,7.65,5.53,11.7],
[2.9,6.64,7.49,10.63,2.3,5.78,8.12,2.27,7.4],
[2.41,6.81,7.48,9.44,6.33,6.93,5.93,6.17,3.13],
[4.08,11,12.27,11.84,7.83,6.01,6.77,5.36,9.41],
[2.96,8.37,8.89,9.92,6.31,6.91,8.03,4.18,9.41],
[3.2,6.79,8.42,11.12,6.13,7.29,6.61,5.19,6.21],
[3.39,9.21,10.15,10.62,7.43,5.94,7.31,4.33,8.11],
[3.16,7.89,9.18,10.68,7.2,7.86,6.99,5.69,7.86],
[3.46,8.78,10.07,10.92,7.4,6.68,6.45,5.53,7.03],
[2.21,16.83,18.49,14.75,14.91,7.83,5.18,6.96,1.19],
[1.39,11.98,19.53,13.75,3.42,10.21,6.58,5.47,2.41],
[0.22,7.34,16.38,18.83,0.84,2.68,4.93,8.15,23.48],
[4.76,0.11,5.13,4.47,0.23,4.8,11.96,2.12,2.76],
[4.64,3.73,3.28,12.26,13.51,15.43,4.22,3.45,3.07],
[15.6,8.32,2.84,1.63,8.09,1.79,6.13,15.3,7.44],
[1.62,13.17,15.29,12.22,7.9,8.12,5.24,4.99,5.64],
[3.26,8.08,14.43,13.51,9.07,5.67,5.87,5.47,14.11],
[2,5.72,10.47,10.29,2.71,3.18,6.88,4.61,10.73],
[4.91,3.1,3.44,6.77,5.77,8.12,7.95,2.27,2.43],
[8.11,6.43,10.19,12.67,9.05,7.41,8.13,7.58,7.33],
[3.86,10.06,13.66,12.39,9.7,5.79,6.36,5.16,10.09],
[3.9,8.25,12.14,11.03,5.75,4.75,6.7,4.46,11.27],
[3.29,4.66,8.12,9.98,5.12,5.85,6.26,3.99,7.73],
[7.12,7.01,8.7,9.98,5.75,6.06,8.11,5.36,5.54],
[4.84,9.14,12.27,10.71,7.1,5.14,7.08,4.53,8.65],
[3.83,6.68,10.52,11.16,6.76,6.27,6.9,4.21,9.88],
[5.46,6.54,9.56,10.73,5.62,4.9,6.82,5.97,8.31],
[4.47,7.71,11.15,10.89,7.69,6.24,7.82,4.38,7.98],
[5.28,7.31,10.59,10.86,6.52,5.56,6.84,5.87,9.2],
[5.52,8.15,10.94,10.69,7.3,5.58,7.36,5.79,7.81],
[1.37,4.86,10.93,3.36,8.41,4.35,8.55,0.84,0.8],
[0.49,3.75,16.49,4.61,2.03,4.2,12.61,5.36,0.3],
[0.12,2.41,19.04,5.93,0.88,2.83,6.73,12.25,17.33],
[7.04,5.35,3.14,4.45,2.31,3.27,10.43,0.68,2.66],
[2.93,6.37,1.81,0.04,16.62,16.09,5.98,2.14,10.38],
[15.49,4.71,2.09,1.37,12.78,0.45,2.14,2.3,3.16],
[1.16,4.99,11.02,3.19,6.62,8.6,9.2,2.73,2.63],
[2,2.57,14.22,4.5,6.58,4.17,7.93,7.88,7.31],
[3.31,3.31,10.55,4.7,2.35,2.54,6.87,5.41,10.18],
[5.11,5.17,3.32,7.01,7.68,7.88,6.79,2.76,5.26],
[7.82,5.96,12.42,12.16,13.24,6.81,3.93,1.93,8.47],
[3.02,3.8,11.65,3.74,6.35,6.08,8.06,5.89,6.02],
[4.48,3.25,10.98,4.77,4.7,3.48,7.65,5.09,7.72],
[3.24,3.84,9.75,8.81,5.65,5.85,6.02,4.81,9.19],
[7.08,6.51,8.75,8.99,8.92,5.09,5.06,3.19,6.94],
[5.6,3.78,10.22,4.38,5.04,5.08,8.08,4.46,6.05],
[3.81,3.58,11.02,9.43,6.56,5.48,6.98,5.17,8.11],
[5.2,5.29,10.46,8.48,7.67,4.34,4.92,4.71,8.59],
[4.86,4.03,10.9,9,6.39,6.5,7.77,5.08,6.58],
[5.37,4.7,10.81,8.41,7.45,4.42,5.84,5.4,7.44],
[6.2,5.2,10.45,7.98,7.22,5.4,6.65,5.68,6.41],
[5.15,7.6,16.38,12.72,14.62,3.6,12.9,0.36,3.46],
[2.96,13.73,4.53,9.71,13.13,11.49,9.06,4.44,14.41],
[3.57,2.93,13.89,13.63,3.5,5.7,6.53,13.44,13.04],
[0.05,1.09,6.3,1.08,5.37,0.86,11.24,12.4,7.96],
[2.46,3.34,4.13,1.99,11.17,4.26,13.87,3.12,3.63],
[4.64,6.66,11.43,12.07,4.78,1.78,6.78,12.91,1.35],
[3.79,10.78,9.11,9.63,12.01,7.36,10.73,2.26,7.88],
[2.97,7.31,8.4,10.64,7.87,7.71,9.51,7.81,11.87],
[3.49,6.02,9.2,6.33,5.26,3.89,8.04,11.5,9.53],
[1.57,7.95,4.62,4.16,7.76,2.93,10.76,6.66,5.06],
[3.28,4.29,6.69,6.49,6.93,6.92,8.91,8.94,2.16],
[3.4,7.7,9.82,10.31,9.5,6.25,9.65,5.43,8.58],
[3.1,9.35,8.09,7.32,6.99,6.64,9.14,8.53,10.4],
[2.89,6.46,7.46,6.77,8.12,3.73,8.96,8.22,7.06],
[2.28,8.06,6.06,7.91,6.68,7.7,8.74,9.61,3.67],
[3.7,8.45,9.28,8.07,8.23,5.62,9.33,6.5,8.32],
[2.77,8.15,7.63,6.99,8.61,5.72,9.5,6.92,8.41],
[3.21,6.64,7.86,9.53,8.01,6.82,8.05,9.75,5.46],
[3.35,7.81,8.83,7.54,9.13,5.11,9.56,5.63,7.19],
[3.1,7.74,8.12,9.07,8.56,7.3,8.58,8.45,6.86],
[3.63,7.62,9.14,9.17,8.99,6.69,8.8,7.27,6.12],
[5.19,11.16,14.47,15.82,10.76,1.68,4.52,5.54,3.36],
[3.08,10.38,14.23,13.29,11.68,12.6,10.37,7.9,14.27],
[5.7,5.78,11.94,20.46,3.09,8.33,10.58,4.22,15.11],
[0.49,0.2,7.07,3.7,5.36,1.18,6.88,1.82,8.05],
[1.95,1.28,3.74,7.57,13.19,4.02,9.55,0.55,6.21],
[6.98,6.67,9.82,11.35,4.87,1.75,6.86,12.45,1.45],
[3.67,12.02,12.3,12.62,9.63,6.14,7.63,6.1,7.61],
[3.76,7.56,11.23,14.55,8.65,8.97,9.03,6.83,12.98],
[3.26,6.76,9.22,10.91,4.5,5.02,8.04,2.71,9.97],
[1.62,5.13,4.64,5.32,7.97,2.25,7.93,2.23,6.29],
[3.9,3.7,6.96,9.15,8.89,9.5,7.28,6.66,3.31],
[3.92,9.23,11.1,13.62,9.12,6.18,8.26,5.86,9.18],
[3.05,9.94,10.12,10.95,6.99,6.81,7.96,5.66,10.47],
[2.72,5.67,7.21,9.1,6.57,4.63,8,2.61,8.27],
[2.95,7.25,6.52,8.07,7.27,7.54,6.92,6.98,4.52],
[3.54,9.67,10.42,11.19,7.77,5.35,7.47,5.36,8.36],
[2.66,7.72,8.65,9.55,7.77,6.24,7.94,4.4,9],
[3.39,6.62,7.56,10.02,6.98,7.22,7.25,6.34,6.54],
[3.1,8.05,9.33,10.04,8.25,5.28,7.76,4.39,7.64],
[3.21,7.63,8.5,10.04,7.58,7.7,7.36,6.56,7.44],
[3.5,8.05,9.04,10.38,7.86,6.58,7.31,6.15,6.59],
[5.05,11.58,14.63,11.85,9.96,5.27,3.5,5.2,3.09],
[3.01,9.83,13.03,14.03,3.93,10.61,7.9,3.92,12.39],
[6.62,6.81,11.2,15.13,1.11,8.3,3.75,7.26,22.55],
[3.31,0.2,6,3.58,3.46,5.75,14.39,3.83,1.88],
[3.18,5.52,6,8.39,9.06,13.99,13.9,2.32,4.29],
[11.18,6.83,7.08,1.75,7.59,1.46,4.09,15.24,4.96],
[3.54,12.32,11.86,11.1,6.08,8.74,6.49,4.14,7.15],
[4.39,7.45,10.4,12.62,8.43,8.4,5.17,5.2,15.07],
[4.7,6.58,8.45,10.57,3.37,6.05,8.47,5.31,11.98],
[3.83,4.99,5.17,5.14,5.37,8.46,13.08,2.67,2.66],
[6.33,6.46,8.12,11.62,8.31,8.46,8.86,7.66,5.78],
[4.43,9.78,10.63,11.27,8.76,7.85,6.09,4.75,10.7],
[4.42,8.82,9.29,10.73,6.31,6.92,7.55,5.32,11.73],
[4.26,6.05,7.43,9.46,4.83,7.67,9.45,4.04,8.98],
[5.5,8.01,7.13,10.07,6.4,7.43,9.73,6.04,4.76],
[4.77,9.19,9.94,10.34,7.21,6.96,7.36,4.97,9.23],
[3.99,7.58,8.6,10.09,6.45,7.89,8.53,4.55,9.88],
[5.36,7.39,7.74,10.71,6.47,7.19,8.09,6.05,8.33],
[4.29,8.19,9.44,10.05,7.2,7.71,8.45,4.48,8.3],
[4.93,7.89,8.38,10.68,6.86,7.72,7.64,6,8.93],
[5.04,8.57,9.01,10.39,7.26,7.36,7.59,5.69,7.78],
[1.67,11.68,14.91,13.66,12.99,7.21,6.94,4.75,0.95],
[1.07,7.98,14.29,9.74,2.48,7.45,9.45,4.03,1.89],
[0.16,5.16,14.86,12.92,0.6,1.89,4.51,8.95,16.88],
[5.33,4.44,3.64,5.67,1.82,3.36,9.12,1.68,1.84],
[3.93,4.38,3.24,9.24,11.24,10.94,4.8,3.28,7.25],
[15.17,6.39,1.91,1.48,9.57,2.12,4.18,10.24,4.96],
[1.58,9.55,13.53,10.05,7.8,7.47,7.69,3.78,5.08],
[2.62,5.82,12.49,10.11,7.98,4.33,6.02,5.79,10.16],
[2.61,5.55,11.88,8.1,2.43,2.63,5.95,4.56,8.59],
[5.4,4.84,3.12,7.35,5.92,6.13,7.17,2.47,3.98],
[8.39,5.01,11.38,11.95,11.38,6.04,6.07,5.8,6.44],
[3.69,7.5,12.87,10.18,8.66,5.27,6.44,5.08,8.02],
[4.42,6.6,12.32,8.37,5.59,3.77,6.37,4.21,8.83],
[3.49,4.88,10.13,8.81,4.61,4.71,5.84,4.12,7.45],
[7.59,5.93,9.26,9.27,7.78,4.89,6.46,4.42,5.2],
[5.77,7.28,12.09,8.97,6.74,4.79,6.55,4.18,7.05],
[4.12,5.73,11.81,9.41,6.63,4.97,6.25,4.17,8.27],
[5.61,5.44,10.86,9.39,7.05,4.05,5.64,5.16,7.22],
[5.17,6.46,11.68,9.91,7.38,5.6,6.71,4.29,6.87],
[5.67,5.81,11.37,9.25,7.45,4.43,5.96,5.08,7.51],
[6.38,6.47,11.37,9.51,7.86,4.96,6.25,5.11,6.56],
[4.02,8.84,12.97,12.95,12.2,3.57,10.8,4.44,2.63],
[2.4,14.45,11.16,10.05,13.3,9.45,11.13,7.25,12.14],
[4.37,4.55,15.16,17.29,2.86,6.27,10.64,11.13,11.45],
[0.46,0.84,5.33,2.8,4.03,1.63,8.43,9.37,9.62],
[2.03,3.26,3.25,5.9,12.86,4.51,10.68,2.44,5.45],
[5.59,5,12.47,9.17,3.72,1.96,5.25,15.13,1.14],
[2.98,11.79,10.94,10.22,11.36,6.03,10.54,5.38,6.59],
[3.01,8.53,12.02,12.45,8.56,6.99,10.04,8.27,10.55],
[2.98,5.34,9.26,9.12,4.23,4.78,8.48,9.22,9.69],
[1.52,6.9,3.9,4.57,7.6,2.85,8.5,5.25,6.75],
[3.45,3.7,7.45,7.87,7.88,7.44,7.08,8.44,3.03],
[3.19,8.97,11.91,11.74,9.46,5.71,9.84,6.65,7.59],
[2.79,8.68,9.64,9.25,6.86,6.07,8.9,8.21,9.7],
[2.53,6.03,7.09,7.88,7.01,4.4,8.51,6.63,7.79],
[2.58,7.31,6.32,7.49,6.59,6.95,6.96,8.31,4.7],
[3.21,8.39,10.51,9.69,7.86,5.23,9.02,6.99,7.71],
[2.48,7.81,8.18,8.15,8.05,5.55,8.81,6.61,8.29],
[3.05,6.36,7.94,9.32,7.11,6.47,7.38,8.46,6.06],
[2.89,7.95,9.44,8.69,8.51,4.99,8.92,5.97,7.01],
[2.92,7.54,8.56,9.08,7.84,6.71,7.85,7.98,6.83],
[3.23,7.86,9.54,9.3,8.19,6.12,8.11,7.23,6.02],
[4.02,9.53,11.24,11.99,11.74,5.72,3.73,4.83,2.59],
[2.35,8.21,11.1,12.8,8.8,10.88,7.86,6.14,12.05],
[5.67,5.2,9.11,15.85,2.63,6.37,8.08,8.37,18.83],
[2.49,0.15,5.69,2.86,4.19,4.75,11.96,3.56,6.13],
[3.01,4.27,4.96,8.81,13.02,11.04,10.45,1.83,6.3],
[9.42,5.77,7.37,9.23,7.03,2.06,6.19,15.13,3.8],
[3.06,10.94,9.93,11.49,9.2,7.81,6.52,4.95,6.7],
[3.62,6.68,9.02,13,7.59,7.72,7.12,6.83,13.79],
[4.32,5.66,7.52,9.27,4.36,5.11,8.91,5.58,11.23],
[3.09,4.76,5.07,5.3,7.69,7.02,10.52,2.61,5.52],
[5.74,5.82,7.39,10.65,8.95,8.86,7.86,8.09,5.21],
[3.78,8.52,9.01,11.94,8.47,6.85,7.02,5.77,9.69],
[3.81,8.62,8.4,10.48,6.19,6.4,8,6,10.82],
[3.76,5.36,7.23,8.49,7.04,6.46,9.17,4.14,9.04],
[4.68,8.14,6.39,8.8,7.03,7.79,8.61,6.81,5.29],
[4.25,8.6,8.68,10.24,7.15,6.21,7.87,5.51,8.54],
[3.46,7.28,8.44,9.74,7.44,7.05,8.54,4.81,9.36],
[4.79,7.16,7.2,9.85,7.04,7.11,8.09,6.78,7.87],
[3.87,7.58,8.88,9.71,7.9,6.81,8.71,4.68,7.84],
[4.38,7.74,8.01,10.2,7.24,7.53,7.8,6.6,8.28],
[4.64,8.12,8.4,10.11,7.63,7.08,8.09,6.15,7.23],
[4.46,9.23,14.13,10.94,10.01,5.68,5.56,4.11,2.81],
[2.26,7.48,10.74,10.56,2.96,9.29,8.47,3.39,9.36],
[5.18,5.13,11.15,12.15,0.83,6.97,3.52,7.33,17.07],
[4.43,3.35,5.1,5.39,3.15,4.31,10.95,3.53,1.42],
[3.16,4.85,6.34,7.35,8.45,10.58,10.69,2.47,6.13],
[11.47,6.28,5.71,1.86,7.93,2.05,3.15,11.54,3.73],
[3.22,9.66,11.36,9.77,6.25,8.63,7.73,3.38,6.28],
[3.68,5.81,9.73,10.12,7.66,7.44,5.35,5.4,11.82],
[5.05,5.96,9.79,8.74,2.76,5.15,6.94,4.88,9.87],
[4.66,5.46,5.18,5.97,5.2,6.62,10.49,2.71,3.63],
[6.89,5.32,9.49,11.53,10.24,6.99,6.91,6.46,5.21],
[4.18,7.76,10.57,9.76,8.02,7.59,6.14,4.68,8.94],
[4.84,7.18,9.87,8.72,5.87,6.03,7.12,4.81,9.74],
[4.56,5.53,9.15,8.66,4.26,6.36,7.8,3.92,8.11],
[6.27,6.71,7.99,9.5,7.85,6.03,7.78,5.16,4.58],
[5.51,7.58,10.25,9.05,6.69,6.7,6.96,4.52,7.84],
[4.31,6.34,9.93,8.92,6.2,6.68,7.61,4.33,8.59],
[5.79,6.13,9.14,9.7,7.41,5.91,6.58,5.37,7.25],
[4.89,6.9,10.27,9.44,6.86,7.16,7.52,4.3,7.3],
[5.41,6.42,9.43,9.45,7.49,6.37,6.74,5.35,7.63],
[5.8,7.02,9.75,9.51,7.66,6.59,6.73,5.15,6.76],
[3.28,7.81,10.47,10.38,11.67,7.72,9.7,4.27,2.14],
[1.98,11.58,9.45,10.55,10.67,8.78,9.26,5.85,11.35],
[4.78,4.22,12.8,14.64,2.43,5.1,8.51,11.36,15.1],
[2,0.7,4.55,2.3,3.37,5.12,10.95,8.19,7.7],
[2.62,6.36,4.09,7.62,11.98,9.19,12.54,2.63,5.37],
[7.57,4.64,10.09,7.72,5.96,1.98,4.97,15.2,3.31],
[2.61,10.62,9.19,9.65,10.19,7.54,9.57,4.64,6.14],
[3.11,7.36,10.4,11.93,7.6,6.33,8.31,7.82,12.02],
[3.96,4.73,8.09,8.17,4.15,5.05,9.13,9.13,10.37],
[2.58,6.67,4.36,4.78,7.23,6.68,10.68,4.99,6.13],
[4.79,5.57,7.46,9.44,8.16,7.26,8,8.45,4.68],
[3.25,8.17,10.16,10.77,8.53,6.38,8.7,6.36,8.42],
[3.52,7.72,8.52,9.31,6.21,5.87,8.67,7.66,10.05],
[3.38,5.92,7.12,7.55,7.29,5.98,9.68,6.91,8.44],
[3.9,8.13,6.19,8.25,6.51,7.37,8.4,7.88,5.29],
[3.9,7.62,9.13,9.21,7.18,6.1,9.01,6.59,7.9],
[3.17,7.41,8.12,8.56,7.77,6.34,9.18,6.47,8.72],
[4.19,6.93,7.58,9.3,7.14,6.57,8.23,8.45,7.19],
[3.57,7.53,9.07,8.65,8.17,6.42,9.43,5.87,7.28],
[3.91,7.64,8.19,9.38,7.51,6.76,8.13,7.77,7.66],
[4.21,7.92,8.96,9.26,7.9,6.71,8.54,7.05,6.66],
[3.65,7.88,11.94,12.24,10.56,6.65,6.08,4.22,2.36],
[1.89,6.79,9.35,10.43,7.16,9.26,9.21,5,9.93],
[4.87,4.2,9.14,12.86,2.16,5.61,6.59,7.58,15.45],
[3.67,2.84,5.38,4.31,4.19,3.81,9.88,3.64,5],
[2.84,3.91,5.21,8.55,13.07,8.85,8.61,2.16,6.57],
[9.55,5.88,6.61,7.41,8.11,2.79,4.96,12.54,3.04],
[2.88,8.99,10,10.36,8.37,7.86,8.27,4.2,6.03],
[3.21,5.48,8.41,10.85,7.11,6.8,7.24,6.28,11.59],
[4.84,5.4,8.68,8.13,3.89,4.57,7.49,5.12,9.62],
[3.82,5.19,5.2,5.9,7.84,5.75,8.97,2.65,5.4],
[6.02,5.04,8.57,10.62,10.41,7.62,6.5,7.28,4.7],
[3.69,7.05,9.2,10.62,7.77,6.77,7.38,5.37,8.46],
[4.31,7.29,8.89,8.88,5.85,5.68,7.62,5.35,9.37],
[4.13,5.08,8.72,8,6.62,5.62,7.82,3.95,8.16],
[5.3,7.01,7.19,8.55,8.18,6.56,7.3,5.98,4.89],
[4.97,7.33,9.17,9.28,6.66,6.14,7.62,5.02,7.51],
[3.82,6.28,9.56,8.85,7.18,6.18,7.78,4.47,8.36],
[5.21,6.14,8.45,9.13,7.78,6.07,6.86,6.09,6.99],
[4.45,6.57,9.72,9.27,7.54,6.54,7.98,4.44,7.09],
[4.84,6.53,8.92,9.25,7.7,6.43,7.03,5.92,7.31],
[5.33,6.87,9.13,9.44,7.89,6.49,7.32,5.59,6.49],
[3.06,6.79,11.88,10.53,10.31,9.01,9.59,3.98,2.08],
[1.65,9.66,8.45,8.89,9.27,7.73,9.45,4.89,9.95],
[4.37,3.57,13.29,12.24,2.04,4.71,7.11,10.92,12.95],
[3.09,2.57,4.51,3.68,3.49,4.34,9.61,7.05,6.72],
[2.48,5.45,4.36,7.92,12.87,7.7,10.47,2.56,6],
[7.96,4.9,9.61,6.49,6.84,2.46,4.14,12.78,2.76],
[2.51,9.07,9.4,8.96,9.23,7.89,9.76,4.09,5.67],
[2.88,6.23,10.17,10.19,7.24,5.76,8.21,7.32,10.57],
[4.53,4.61,9.09,7.49,3.74,4.68,7.88,8.32,9.12],
[3.24,6.42,4.56,5.35,7.66,5.67,9.29,4.66,5.88],
[5.11,5,8.43,9.74,9.54,6.47,6.78,7.49,4.43],
[3.25,7.02,10.18,9.85,7.86,6.54,8.53,5.95,7.59],
[4.04,6.8,9.04,8.17,5.88,5.4,8.22,6.92,8.92],
[3.77,5.47,8.36,7.28,6.95,5.35,8.38,6.44,7.76],
[4.51,7.1,6.83,8.12,7.62,6.36,7.3,7,4.94],
[4.59,6.75,9.47,8.59,6.66,6.21,8.5,6.02,7.12],
[3.54,6.55,9.14,7.97,7.46,5.72,8.44,5.99,7.98],
[4.64,6.06,8.63,8.77,7.78,5.76,7.13,7.67,6.54],
[4.13,6.69,9.73,8.44,7.74,6.32,8.66,5.5,6.73],
[4.39,6.62,9.02,8.69,7.86,5.95,7.43,7.03,6.95],
[4.88,6.9,9.49,8.81,8.06,6.3,7.79,6.44,6.11]]
[[0,0,0,0,0,0,0,0,0],
[0,0,0,0,0,0,0,0,0],
[0,0,0,0,0,0,0,0,0],
[0,0,0,0,0,0,0,0,0],
[0,0,0,0,0,0,0,0,0],
[0,0,0,0,0,0,0,0,0],
[0.04,0.04,0,0,0.02,0,0,0.02,0],
[0.04,0.04,0,0,0,0.02,0,0.01,0],
[0.02,0,0,0.02,0,0.02,0,0.02,0],
[0,0,0.02,0.04,0.01,0.01,0,0,0.04],
[0,0.04,0.04,0.04,0.02,0,0.02,0.02,0.02],
[0.03,0.03,0,0,0.01,0.01,0,0.01,0],
[0.02,0.03,0,0.01,0.01,0.01,0.01,0.01,0],
[0.01,0,0.01,0.02,0.01,0.01,0,0.01,0.03],
[0,0.02,0.02,0.03,0.01,0,0.01,0.02,0.02],
[0.02,0.02,0,0.02,0.01,0.01,0.01,0.02,0],
[0.02,0.03,0.01,0.02,0.02,0.01,0.01,0.01,0.02],
[0.01,0.02,0.02,0.02,0.01,0.01,0.01,0.02,0.02],
[0.02,0.02,0.01,0.02,0.01,0.01,0.01,0.01,0.02],
[0.01,0.03,0.01,0.02,0.01,0.01,0.01,0.01,0.02],
[0.01,0.02,0.01,0.02,0.01,0.01,0.01,0.01,0.01],
[0,0,0,0,0,0,0,0,0],
[0,0,0,0,0,0,0,0,0],
[0,0,0,0,0,0,0,0,0],
[0,0,0,0,0,0,0,0,0],
[0,0,0,0,0,0,0,0,0],
[0,0,0,0,0,0,0,0,0],
[0.02,0,0.02,0,0.02,0.04,0,0.01,0.02],
[0.04,0,0.01,0.04,0,0.02,0.02,0.01,0],
[0.04,0,0.04,0,0.02,0,0,0.01,0],
[0,0.01,0,0,0.01,0.02,0,0.02,0.01],
[0,0.04,0,0.04,0.02,0.02,0.01,0.02,0],
[0.02,0,0.01,0.02,0.01,0.02,0.01,0,0.01],
[0.03,0,0.02,0.03,0.01,0.01,0.02,0,0],
[0.03,0.01,0.02,0,0.01,0.01,0,0.01,0],
[0,0.02,0,0.02,0.02,0.01,0.01,0.01,0],
[0.02,0,0.03,0.02,0.02,0.02,0.02,0,0.01],
[0.02,0.01,0.02,0.03,0.01,0.01,0.02,0.01,0.01],
[0.02,0.02,0.02,0.02,0.02,0.01,0.01,0.01,0],
[0.02,0.01,0.03,0.03,0.01,0.02,0.02,0.01,0.01],
[0.02,0.01,0.01,0.03,0.01,0.01,0.01,0.01,0.01],
[0.02,0.01,0.02,0.02,0.01,0.02,0.01,0.01,0.01],
[0,0,0,0,0,0,0,0,0],
[0,0,0,0,0,0,0,0,0],
[0,0,0,0,0,0,0,0,0],
[0,0,0,0,0,0,0,0,0],
[0,0,0,0,0,0,0,0,0],
[0,0,0,0,0,0,0,0,0],
[0,0,0.02,0.02,0,0,0,0,0],
[0.04,0.04,0.02,0.04,0.02,0,0,0.02,0.01],
[0.02,0,0.01,0,0.01,0.02,0.04,0.02,0.01],
[0.02,0.01,0.01,0.02,0.01,0.02,0,0.02,0],
[0,0.01,0,0,0.01,0,0.08,0.04,0],
[0.03,0.04,0.01,0.02,0.01,0,0,0.01,0],
[0.02,0.02,0.01,0.03,0.01,0.01,0.04,0.01,0],
[0.01,0.01,0,0.01,0,0.01,0.03,0.01,0],
[0.01,0,0.01,0.01,0,0.01,0.05,0.02,0],
[0.02,0.03,0.01,0.02,0.01,0.01,0.03,0.01,0],
[0.02,0.02,0.01,0.02,0.01,0.01,0.04,0.01,0],
[0.01,0.01,0.01,0.01,0,0.01,0.04,0.02,0.01],
[0.02,0.03,0.01,0.02,0.01,0.01,0.03,0.01,0],
[0.02,0.01,0.01,0.02,0.01,0.01,0.04,0.02,0.01],
[0.02,0.02,0.01,0.01,0.01,0.01,0.03,0.02,0],
[0,0,0,0,0,0,0,0,0],
[0,0,0,0,0,0,0,0,0],
[0,0,0,0,0,0,0,0,0],
[0,0,0,0,0,0,0,0,0],
[0,0,0,0,0,0,0,0,0],
[0,0,0,0,0,0,0,0,0],
[0.04,0,0.01,0,0.01,0,0.02,0,0.02],
[0.04,0,0.01,0,0.02,0,0,0,0],
[0.02,0.02,0.01,0.02,0.02,0.02,0,0,0],
[0.01,0,0.02,0,0,0,0,0.04,0.01],
[0,0.02,0.04,0.04,0.02,0.04,0.08,0,0.01],
[0.03,0,0,0,0.01,0,0.02,0,0.01],
[0.02,0.01,0,0.01,0.01,0.01,0,0,0],
[0.01,0.01,0.01,0.01,0.02,0.01,0,0.02,0],
[0,0.02,0.02,0.03,0.01,0.04,0.05,0.03,0],
[0.02,0.01,0,0.01,0.01,0.01,0.02,0,0.01],
[0.02,0.01,0.01,0.01,0.02,0.01,0,0.02,0],
[0.01,0.02,0.02,0.02,0.02,0.03,0.04,0.02,0],
[0.02,0,0.01,0.01,0.01,0,0.02,0.01,0.01],
[0.01,0.01,0.01,0.02,0.01,0.02,0.03,0.02,0],
[0.01,0.01,0.01,0.02,0.01,0.02,0.03,0.02,0.01],
[0,0,0,0,0,0,0,0,0],
[0,0,0,0,0,0,0,0,0],
[0,0,0,0,0,0,0,0,0],
[0,0,0,0,0,0,0,0,0],
[0,0,0,0,0,0,0,0,0],
[0,0,0,0,0,0,0,0,0],
[0,0.02,0.04,0.04,0,0,0.02,0.04,0],
[0,0.01,0.08,0,0.02,0,0.01,0.02,0.01],
[0.04,0.02,0,0.04,0.01,0,0.01,0.02,0.02],
[0.02,0.04,0,0.02,0.01,0.02,0.02,0,0.04],
[0,0.02,0,0.02,0.01,0,0,0,0.08],
[0,0.02,0.04,0.03,0.01,0,0.01,0.02,0.01],
[0.02,0.01,0.05,0.03,0.01,0,0,0.04,0.01],
[0.02,0.02,0,0.02,0,0.01,0.01,0.01,0.02],
[0.01,0.02,0,0.01,0,0.01,0.01,0,0.04],
[0.02,0.02,0.04,0.03,0.01,0,0.01,0.03,0.01],
[0.02,0.02,0.04,0.02,0.01,0.01,0.01,0.03,0.02],
[0.02,0.02,0,0.02,0,0.01,0.01,0.01,0.03],
[0.01,0.03,0.03,0.02,0.01,0.01,0.01,0.02,0.02],
[0.01,0.01,0.03,0.02,0.01,0.01,0.01,0.03,0.03],
[0.01,0.02,0.02,0.02,0.01,0.01,0.01,0.02,0.02],
[0,0,0,0,0,0,0,0,0],
[0,0,0,0,0,0,0,0,0],
[0,0,0,0,0,0,0,0,0],
[0,0,0,0,0,0,0,0,0],
[0,0,0,0,0,0,0,0,0],
[0,0,0,0,0,0,0,0,0],
[0.02,0.02,0,0,0,0.02,0.04,0,0.04],
[0.01,0,0.02,0.01,0.01,0.02,0,0,0],
[0.01,0.04,0,0,0.02,0.04,0,0.02,0.02],
[0.02,0.04,0.04,0.01,0,0.02,0,0,0],
[0.04,0,0,0.02,0,0.01,0,0.01,0],
[0.02,0.02,0.01,0,0.01,0.01,0.03,0,0.03],
[0,0.02,0.02,0,0.01,0.02,0,0.02,0.01],
[0.01,0.03,0.02,0,0.01,0.02,0,0.01,0.01],
[0.02,0.03,0.04,0.02,0,0.01,0,0,0],
[0.02,0.02,0.02,0,0.01,0.02,0.02,0.02,0.02],
[0.01,0.02,0.02,0,0.01,0.02,0,0.02,0.01],
[0.02,0.02,0.03,0.02,0.01,0.02,0,0.01,0.01],
[0.02,0.02,0.02,0,0.01,0.02,0.02,0.02,0.02],
[0.01,0.02,0.03,0.02,0.01,0.01,0,0.02,0.01],
[0.02,0.02,0.02,0.01,0.01,0.01,0.01,0.01,0.01],
[0,0,0,0,0,0,0,0,0],
[0,0,0,0,0,0,0,0,0],
[0,0,0,0,0,0,0,0,0],
[0,0,0,0,0,0,0,0,0],
[0,0,0,0,0,0,0,0,0],
[0,0,0,0,0,0,0,0,0],
[0.02,0.04,0.01,0,0.04,0.02,0,0,0],
[0.04,0,0.01,0.01,0.04,0,0,0.02,0],
[0.02,0.04,0,0,0.02,0,0.01,0.01,0.02],
[0.04,0.04,0,0,0.02,0,0,0.02,0],
[0,0,0,0.02,0.01,0,0,0.04,0],
[0.02,0.04,0,0,0.03,0.01,0,0.01,0],
[0.02,0.02,0.01,0,0.02,0,0,0.01,0.01],
[0.02,0.03,0,0,0.01,0,0.01,0.01,0.01],
[0.02,0.02,0,0.01,0.01,0,0,0.02,0],
[0.02,0.03,0.01,0,0.02,0.01,0,0.01,0.01],
[0.03,0.02,0.01,0,0.02,0,0.01,0.02,0.01],
[0.02,0.02,0,0.01,0.01,0,0.01,0.02,0.01],
[0.03,0.03,0.01,0,0.02,0.01,0.01,0.01,0.01],
[0.03,0.02,0.01,0.01,0.02,0,0.01,0.02,0.01],
[0.02,0.03,0.01,0.01,0.02,0.01,0.01,0.01,0.01],
[0.01,0,0.02,0.04,0.02,0,0,0.02,0.01],
[0,0.04,0,0.04,0.02,0.02,0,0.01,0],
[0,0,0.02,0,0,0.02,0.02,0.01,0],
[0,0,0,0.02,0.01,0,0.02,0.02,0],
[0,0.04,0.02,0,0.01,0,0.01,0,0.02],
[0.02,0.04,0,0,0,0.01,0.02,0,0],
[0.02,0.02,0.02,0.03,0.01,0.02,0,0.01,0.01],
[0.03,0.02,0.01,0.02,0.01,0.01,0.02,0,0],
[0.02,0,0.02,0.01,0.01,0.01,0.02,0.01,0],
[0,0.02,0.02,0.02,0,0.01,0.01,0.01,0.02],
[0.01,0.03,0.02,0.03,0.02,0.01,0.02,0.02,0.01],
[0.02,0.01,0.01,0.02,0.01,0.02,0.01,0.01,0],
[0.02,0.01,0.01,0.02,0.01,0.01,0.02,0.01,0],
[0.02,0.01,0.02,0.01,0.01,0.01,0.01,0.01,0.01],
[0.01,0.02,0.01,0.02,0.01,0.01,0.02,0.01,0.01],
[0.02,0.01,0.02,0.02,0.01,0.01,0.02,0.01,0],
[0.02,0.02,0.01,0.02,0.01,0.01,0.02,0.01,0.01],
[0.02,0.01,0.01,0.02,0.01,0.01,0.02,0.01,0.01],
[0.02,0.01,0.02,0.02,0.01,0.01,0.02,0.01,0.01],
[0.02,0.02,0.01,0.02,0.01,0.01,0.02,0.01,0.01],
[0.02,0.02,0.02,0.02,0.01,0.01,0.02,0.01,0.01],
[0.01,0.02,0,0.02,0.04,0.02,0.02,0,0],
[0.04,0,0,0,0.02,0,0.04,0.01,0.02],
[0.04,0.04,0,0,0,0.01,0,0.02,0],
[0.02,0.01,0.02,0,0,0.04,0.08,0.01,0.01],
[0,0.01,0.02,0.02,0,0,0.04,0.04,0],
[0,0.04,0.04,0.01,0.04,0.01,0.02,0.02,0],
[0.02,0.01,0.02,0.02,0.03,0.02,0.02,0,0.01],
[0.03,0.02,0.01,0.03,0.02,0.01,0.02,0.01,0.01],
[0.02,0.02,0.02,0,0.01,0.02,0.03,0.01,0],
[0.01,0,0.02,0.01,0,0.02,0.04,0.02,0],
[0,0.02,0.02,0.02,0.02,0.01,0.03,0.02,0],
[0.02,0.02,0.01,0.02,0.02,0.01,0.02,0.01,0.01],
[0.02,0.02,0.01,0.03,0.01,0.01,0.03,0.01,0.01],
[0.02,0.01,0.02,0.01,0.01,0.01,0.03,0.01,0],
[0.01,0.01,0.02,0.01,0.01,0.01,0.03,0.01,0],
[0.02,0.02,0.02,0.02,0.02,0.02,0.02,0.01,0.01],
[0.02,0.01,0.01,0.02,0.01,0.01,0.03,0.01,0.01],
[0.01,0.02,0.02,0.01,0.01,0.01,0.03,0.01,0.01],
[0.02,0.01,0.02,0.02,0.01,0.01,0.02,0.01,0.01],
[0.02,0.02,0.02,0.02,0.01,0.01,0.02,0.01,0.01],
[0.02,0.02,0.02,0.02,0.02,0.01,0.02,0.01,0.01],
[0.02,0,0,0,0,0,0.02,0.02,0],
[0,0,0,0.02,0.02,0,0,0.02,0.01],
[0,0.02,0,0,0.02,0,0,0,0],
[0.01,0.04,0,0.04,0.01,0,0.08,0.04,0.01],
[0.02,0,0,0.01,0,0,0.08,0.02,0],
[0.02,0,0.04,0.02,0,0.02,0.08,0,0.02],
[0.02,0,0.01,0.01,0.01,0,0.02,0.01,0.01],
[0.03,0.02,0.01,0.02,0.01,0,0,0.01,0],
[0.02,0.03,0,0.02,0.01,0.01,0.04,0.02,0],
[0.02,0.02,0.01,0.02,0.01,0.01,0.05,0.02,0],
[0.01,0.01,0.02,0.02,0.01,0.02,0.05,0.02,0.01],
[0.02,0.02,0.01,0.01,0.01,0,0.01,0.01,0.01],
[0.02,0.02,0.01,0.02,0.01,0.01,0.02,0.02,0],
[0.01,0.02,0.01,0.02,0.01,0.01,0.04,0.02,0],
[0.01,0.02,0.01,0.02,0.01,0.02,0.05,0.02,0.01],
[0.02,0.02,0.01,0.01,0.01,0.01,0.02,0.01,0.01],
[0.02,0.02,0.01,0.02,0.01,0.01,0.03,0.01,0],
[0.01,0.02,0.01,0.02,0.01,0.02,0.04,0.02,0.01],
[0.02,0.02,0.01,0.01,0.01,0.01,0.03,0.01,0],
[0.02,0.02,0.01,0.02,0.01,0.01,0.03,0.02,0],
[0.02,0.02,0.01,0.01,0.01,0.01,0.03,0.02,0.01],
[0,0,0,0.02,0,0,0,0.02,0],
[0.02,0,0.02,0,0.02,0,0,0,0.01],
[0,0.01,0,0,0.02,0,0.02,0,0],
[0,0,0.02,0,0.01,0.02,0,0.08,0.02],
[0,0.04,0,0.02,0,0,0.04,0,0.02],
[0,0.01,0.02,0.04,0,0.08,0.02,0,0.04],
[0.02,0.01,0.02,0.02,0.01,0,0.01,0.02,0.01],
[0.02,0.01,0.03,0,0.01,0,0.01,0.01,0],
[0.02,0.02,0.01,0.02,0.01,0.01,0.01,0.03,0.01],
[0.01,0.03,0.01,0.01,0.01,0.01,0.02,0.03,0.02],
[0,0.02,0.02,0.02,0.01,0.04,0.03,0,0.03],
[0.01,0.01,0.02,0.01,0.01,0,0.01,0.01,0.01],
[0.02,0.01,0.02,0.02,0.01,0.01,0.01,0.02,0.01],
[0.01,0.02,0.01,0.02,0.01,0.01,0.02,0.02,0.01],
[0.01,0.02,0.02,0.02,0.01,0.03,0.03,0.02,0.02],
[0.02,0.01,0.02,0.02,0.01,0,0.01,0.02,0.01],
[0.01,0.02,0.02,0.02,0.01,0.01,0.01,0.02,0.01],
[0.01,0.02,0.01,0.02,0.01,0.02,0.02,0.02,0.02],
[0.01,0.02,0.02,0.02,0.01,0.01,0.02,0.02,0.01],
[0.01,0.01,0.02,0.02,0.01,0.02,0.02,0.02,0.01],
[0.01,0.02,0.02,0.02,0.01,0.01,0.02,0.02,0.01],
[0.02,0.08,0.01,0.01,0.04,0.02,0.02,0.02,0],
[0,0,0,0.02,0.02,0,0.04,0,0.01],
[0.02,0.02,0,0.04,0.01,0.04,0.02,0,0],
[0.02,0.04,0,0,0.02,0,0.04,0,0],
[0.02,0.04,0.04,0,0,0.04,0,0,0.02],
[0,0,0.04,0.04,0.02,0.02,0.02,0.02,0],
[0.01,0.03,0.02,0.02,0.02,0.02,0.02,0.02,0.02],
[0.01,0.01,0.03,0.02,0.01,0.02,0.02,0.01,0],
[0.02,0.02,0,0.02,0.01,0.02,0.02,0.02,0.01],
[0.01,0.03,0.02,0.01,0.01,0.02,0.02,0,0.02],
[0.02,0.02,0.03,0.02,0.01,0.02,0.01,0.01,0.03],
[0.01,0.02,0.02,0.02,0.01,0.02,0.02,0.01,0.02],
[0.01,0.01,0.03,0.02,0.01,0.01,0.02,0.03,0.01],
[0.01,0.02,0.01,0.02,0.01,0.02,0.01,0.01,0.01],
[0.02,0.02,0.03,0.02,0.01,0.01,0.01,0.01,0.02],
[0.01,0.02,0.02,0.02,0.01,0.02,0.02,0.02,0.01],
[0.01,0.02,0.03,0.02,0.01,0.02,0.02,0.02,0.01],
[0.01,0.02,0.02,0.02,0.01,0.02,0.01,0.01,0.02],
[0.02,0.02,0.02,0.01,0.01,0.02,0.02,0.02,0.02],
[0.01,0.01,0.03,0.02,0.01,0.02,0.02,0.02,0.02],
[0.01,0.02,0.02,0.02,0.01,0.02,0.02,0.02,0.02],
[0.02,0,0,0.01,0.02,0,0,0,0.02],
[0.02,0,0.02,0.01,0.02,0,0.04,0,0.02],
[0.02,0,0.01,0.01,0,0.02,0.04,0.02,0.02],
[0.01,0,0.04,0.01,0,0,0.02,0.01,0.02],
[0.08,0,0,0,0.02,0.01,0,0,0.01],
[0,0,0.02,0.08,0,0,0,0,0.02],
[0.03,0.02,0.01,0,0.02,0.02,0.02,0.01,0.02],
[0.02,0.01,0.01,0,0.02,0.02,0.03,0.02,0.01],
[0.01,0.03,0.02,0,0.01,0.02,0.02,0.01,0.01],
[0.03,0.03,0.02,0,0.01,0.01,0.01,0.01,0.01],
[0.03,0,0.01,0.03,0.01,0.01,0,0.02,0.01],
[0.02,0.03,0.01,0,0.02,0.01,0.02,0.01,0.01],
[0.01,0.02,0.01,0,0.01,0.01,0.02,0.01,0.01],
[0.02,0.03,0.02,0,0.01,0.01,0.01,0.01,0.01],
[0.02,0.02,0.02,0.02,0.01,0.01,0.01,0.01,0.01],
[0.02,0.03,0.01,0,0.01,0.02,0.02,0.01,0.01],
[0.02,0.02,0.01,0,0.01,0.01,0.02,0.02,0.01],
[0.02,0.02,0.02,0.01,0.01,0.01,0.01,0.01,0.01],
[0.02,0.03,0.01,0,0.01,0.01,0.02,0.02,0.01],
[0.02,0.02,0.02,0.01,0.01,0.01,0.01,0.02,0.01],
[0.02,0.02,0.01,0.01,0.01,0.01,0.02,0.01,0.01],
[0,0.01,0.01,0.02,0.02,0.01,0.01,0.01,0],
[0.03,0.03,0,0.02,0.04,0.01,0.04,0,0.01],
[0.03,0.03,0.01,0,0,0.01,0.01,0.01,0],
[0.01,0.01,0.01,0.02,0,0.03,0.04,0.01,0],
[0,0.02,0.01,0.01,0,0,0.02,0.02,0.01],
[0.01,0.03,0.04,0,0.02,0,0.04,0.02,0],
[0.02,0.02,0.01,0.02,0.03,0.01,0.02,0.01,0.01],
[0.03,0.02,0.01,0.02,0.02,0.01,0.02,0.01,0],
[0.02,0.02,0.01,0.01,0.01,0.02,0.02,0.01,0],
[0.01,0.01,0.01,0.02,0,0.01,0.03,0.01,0.01],
[0.01,0.02,0.02,0.02,0.01,0,0.03,0.02,0.01],
[0.02,0.02,0.01,0.02,0.02,0.01,0.02,0.01,0],
[0.02,0.02,0.01,0.02,0.02,0.01,0.03,0.01,0],
[0.02,0.02,0.01,0.01,0.01,0.01,0.02,0.01,0.01],
[0.01,0.02,0.02,0.02,0.01,0.01,0.03,0.02,0.01],
[0.02,0.02,0.01,0.02,0.02,0.01,0.02,0.01,0],
[0.02,0.02,0.01,0.02,0.01,0.01,0.02,0.01,0.01],
[0.01,0.02,0.02,0.02,0.01,0.01,0.02,0.01,0.01],
[0.02,0.02,0.01,0.02,0.01,0.01,0.02,0.01,0.01],
[0.02,0.02,0.01,0.02,0.01,0.01,0.02,0.01,0.01],
[0.02,0.02,0.02,0.02,0.01,0.01,0.02,0.01,0.01],
[0.01,0.01,0,0.01,0.03,0.02,0.01,0.01,0],
[0.04,0,0,0.02,0.01,0,0.02,0.01,0.01],
[0.02,0.02,0,0,0.02,0,0,0.01,0],
[0.02,0.02,0.01,0.02,0,0.03,0.05,0.02,0],
[0.01,0.01,0.02,0.02,0,0,0.04,0.02,0],
[0.01,0.03,0.03,0.02,0.03,0.01,0.04,0.01,0.01],
[0.02,0,0.01,0.02,0.02,0.01,0.02,0.01,0.01],
[0.03,0.01,0.01,0.02,0.02,0.01,0.01,0.01,0],
[0.02,0.02,0.01,0.01,0.01,0.02,0.02,0.01,0],
[0.02,0.01,0.02,0.02,0.01,0.01,0.04,0.02,0],
[0.01,0.02,0.02,0.02,0.01,0.01,0.03,0.01,0],
[0.02,0.01,0.01,0.02,0.02,0.01,0.02,0.01,0.01],
[0.02,0.02,0.01,0.02,0.01,0.01,0.02,0.01,0],
[0.02,0.02,0.02,0.01,0.01,0.01,0.03,0.02,0],
[0.01,0.02,0.02,0.02,0.01,0.02,0.03,0.02,0],
[0.02,0.01,0.01,0.02,0.01,0.01,0.02,0.01,0.01],
[0.02,0.01,0.01,0.02,0.01,0.01,0.02,0.01,0],
[0.02,0.02,0.02,0.02,0.01,0.02,0.03,0.02,0],
[0.02,0.01,0.01,0.02,0.01,0.01,0.02,0.01,0.01],
[0.02,0.01,0.01,0.02,0.01,0.01,0.03,0.01,0.01],
[0.02,0.01,0.01,0.02,0.01,0.01,0.02,0.01,0.01],
[0.01,0,0,0.01,0,0,0.01,0.01,0],
[0.01,0,0.01,0.02,0.01,0,0,0.02,0],
[0,0.01,0,0,0.01,0,0.01,0,0],
[0.01,0.02,0.01,0.03,0,0.01,0.04,0.04,0.01],
[0.01,0.02,0,0.01,0,0.01,0.04,0.01,0.01],
[0.01,0,0.02,0.02,0,0.04,0.04,0,0.02],
[0.01,0.01,0.02,0.02,0.01,0,0.02,0.02,0.01],
[0.02,0.01,0.02,0.01,0.01,0,0.01,0.01,0],
[0.02,0.02,0.01,0.02,0.01,0.01,0.02,0.02,0.01],
[0.02,0.02,0.01,0.02,0.01,0.01,0.04,0.02,0.01],
[0.01,0.01,0.01,0.01,0.01,0.02,0.03,0.01,0.02],
[0.02,0.02,0.02,0.01,0.01,0,0.01,0.01,0.01],
[0.02,0.02,0.02,0.02,0.01,0.01,0.02,0.02,0.01],
[0.02,0.02,0.01,0.02,0.01,0.01,0.03,0.02,0.01],
[0.02,0.02,0.01,0.02,0.01,0.02,0.03,0.02,0.02],
[0.02,0.02,0.01,0.02,0.01,0.01,0.02,0.02,0.01],
[0.02,0.02,0.02,0.02,0.01,0.01,0.02,0.02,0.01],
[0.02,0.02,0.01,0.02,0.01,0.02,0.03,0.02,0.01],
[0.02,0.02,0.01,0.02,0.01,0.01,0.02,0.02,0.01],
[0.02,0.01,0.02,0.02,0.01,0.01,0.02,0.02,0.01],
[0.02,0.02,0.01,0.02,0.01,0.01,0.02,0.02,0.01],
[0.01,0.04,0,0.01,0.02,0.02,0.01,0.01,0],
[0.01,0,0.01,0.01,0.01,0,0.03,0,0],
[0.01,0.01,0,0.02,0.01,0.02,0.04,0,0],
[0.01,0.04,0.01,0,0.01,0.01,0.04,0.04,0.01],
[0.01,0.03,0.03,0.01,0,0.02,0.03,0,0.01],
[0,0.01,0.02,0.03,0.01,0.04,0.01,0.01,0.02],
[0.02,0.02,0.01,0.01,0.01,0.01,0.02,0.01,0.01],
[0.01,0.01,0.02,0.01,0.01,0.01,0.03,0.01,0],
[0.01,0.02,0.01,0.02,0.01,0.02,0.03,0.02,0.01],
[0.01,0.03,0.02,0.01,0.01,0.01,0.03,0.02,0.01],
[0.01,0.02,0.03,0.02,0.01,0.03,0.02,0,0.02],
[0.01,0.01,0.02,0.01,0.01,0.02,0.02,0.01,0.01],
[0.01,0.01,0.02,0.02,0.01,0.01,0.03,0.02,0.01],
[0.01,0.02,0.01,0.01,0.01,0.02,0.03,0.02,0.01],
[0.01,0.02,0.03,0.02,0.01,0.02,0.03,0.01,0.02],
[0.02,0.02,0.02,0.01,0.01,0.01,0.02,0.02,0.01],
[0.01,0.02,0.02,0.01,0.01,0.01,0.03,0.02,0.01],
[0.01,0.02,0.02,0.02,0.01,0.02,0.03,0.02,0.01],
[0.01,0.02,0.02,0.01,0.01,0.02,0.02,0.02,0.01],
[0.01,0.01,0.02,0.02,0.01,0.02,0.03,0.02,0.01],
[0.01,0.02,0.02,0.02,0.01,0.02,0.02,0.02,0.01],
[0.01,0.05,0,0,0.02,0.01,0.01,0.01,0.01],
[0.01,0,0.02,0.02,0.04,0,0.03,0,0.01],
[0.01,0.02,0.01,0.02,0,0.02,0.02,0.01,0.01],
[0.01,0.02,0.03,0,0.01,0,0.02,0.01,0.01],
[0.04,0.04,0.03,0,0.01,0.02,0,0,0.01],
[0,0,0.02,0.04,0.01,0.01,0.01,0.02,0.02],
[0.02,0.03,0.01,0.01,0.03,0.01,0.02,0.01,0.01],
[0.01,0.01,0.02,0.02,0.02,0.01,0.02,0.01,0.01],
[0.01,0.02,0.02,0.01,0.01,0.01,0.02,0.01,0.01],
[0.02,0.03,0.03,0.01,0.01,0.01,0.01,0.01,0.01],
[0.02,0.02,0.02,0.02,0.01,0.01,0,0.01,0.02],
[0.01,0.02,0.01,0.02,0.02,0.01,0.02,0.01,0.01],
[0.01,0.02,0.02,0.02,0.02,0.01,0.02,0.02,0.01],
[0.02,0.03,0.02,0.01,0.01,0.01,0.01,0.01,0.01],
[0.02,0.02,0.02,0.01,0.01,0.01,0.01,0.01,0.02],
[0.01,0.02,0.02,0.01,0.02,0.01,0.02,0.02,0.01],
[0.02,0.02,0.02,0.01,0.01,0.01,0.02,0.02,0.01],
[0.02,0.02,0.02,0.02,0.01,0.01,0.01,0.01,0.02],
[0.02,0.02,0.02,0.01,0.01,0.01,0.01,0.02,0.01],
[0.02,0.02,0.02,0.02,0.01,0.01,0.01,0.02,0.01],
[0.02,0.02,0.02,0.01,0.01,0.01,0.01,0.02,0.01],
[0.01,0.01,0.01,0.02,0.02,0.02,0.01,0.01,0.01],
[0.04,0.02,0,0.02,0.03,0.01,0.03,0.01,0.01],
[0.02,0.02,0.01,0,0.02,0.01,0.02,0.01,0],
[0.02,0.02,0.01,0.02,0,0.03,0.04,0.03,0],
[0.01,0.02,0.02,0.02,0.01,0,0.03,0.02,0.01],
[0.01,0.02,0.03,0.02,0.02,0.01,0.04,0.02,0.01],
[0.02,0.01,0.01,0.02,0.02,0.01,0.02,0.01,0.01],
[0.03,0.02,0.01,0.02,0.02,0.01,0.02,0.01,0],
[0.02,0.02,0.01,0.01,0.01,0.02,0.02,0.02,0],
[0.01,0.01,0.02,0.02,0.01,0.01,0.03,0.02,0.01],
[0.01,0.02,0.02,0.02,0.01,0.01,0.03,0.01,0.01],
[0.02,0.02,0.01,0.02,0.02,0.01,0.02,0.01,0.01],
[0.02,0.02,0.01,0.02,0.01,0.01,0.02,0.01,0],
[0.02,0.02,0.01,0.01,0.01,0.01,0.02,0.02,0.01],
[0.01,0.02,0.02,0.02,0.01,0.02,0.03,0.02,0.01],
[0.02,0.01,0.01,0.02,0.01,0.01,0.02,0.01,0],
[0.02,0.02,0.01,0.02,0.01,0.01,0.02,0.01,0.01],
[0.01,0.02,0.02,0.02,0.01,0.01,0.03,0.02,0.01],
[0.02,0.01,0.01,0.02,0.01,0.01,0.02,0.01,0.01],
[0.02,0.02,0.01,0.02,0.01,0.01,0.03,0.01,0.01],
[0.02,0.02,0.01,0.02,0.01,0.01,0.02,0.01,0.01],
[0.01,0.01,0,0.01,0.03,0.02,0.01,0.01,0],
[0.03,0,0.01,0.03,0.01,0,0.02,0.02,0.01],
[0.02,0.02,0,0,0.02,0.01,0.01,0.01,0],
[0.03,0.02,0.03,0.02,0,0.02,0.04,0.03,0.01],
[0.01,0.02,0.02,0.02,0,0.01,0.03,0.02,0.01],
[0.01,0.02,0.02,0.02,0.02,0.03,0.03,0.01,0.02],
[0.02,0.01,0.02,0.02,0.02,0.01,0.02,0.01,0.01],
[0.02,0.01,0.02,0.02,0.01,0.01,0.01,0.01,0],
[0.02,0.02,0.02,0.02,0.01,0.01,0.02,0.02,0.01],
[0.02,0.02,0.02,0.02,0.01,0.01,0.03,0.02,0.01],
[0.01,0.02,0.02,0.02,0.01,0.02,0.03,0.01,0.01],
[0.02,0.01,0.01,0.02,0.02,0.01,0.01,0.01,0.01],
[0.02,0.01,0.02,0.02,0.01,0.01,0.02,0.02,0.01],
[0.02,0.02,0.02,0.01,0.01,0.01,0.02,0.02,0.01],
[0.02,0.02,0.02,0.02,0.01,0.02,0.03,0.02,0.01],
[0.02,0.01,0.02,0.02,0.01,0.01,0.02,0.01,0.01],
[0.02,0.01,0.02,0.02,0.01,0.01,0.02,0.02,0.01],
[0.02,0.02,0.02,0.02,0.01,0.02,0.02,0.02,0.01],
[0.02,0.01,0.02,0.02,0.01,0.01,0.02,0.02,0.01],
[0.02,0.01,0.02,0.02,0.01,0.01,0.02,0.02,0.01],
[0.02,0.02,0.02,0.02,0.01,0.01,0.02,0.02,0.01],
[0.02,0.04,0,0.01,0.02,0.02,0.01,0.01,0.01],
[0.01,0,0.01,0.02,0.01,0,0.03,0.02,0],
[0.02,0.02,0,0.02,0.01,0.02,0.03,0,0],
[0.01,0.03,0.01,0.02,0.01,0.01,0.04,0.03,0.01],
[0.03,0.02,0.02,0.01,0,0.02,0.03,0.01,0.01],
[0.01,0.01,0.03,0.02,0.01,0.03,0.04,0.01,0.02],
[0.02,0.02,0.01,0.01,0.01,0.01,0.02,0.02,0.01],
[0.02,0.01,0.02,0.02,0.01,0.01,0.03,0.01,0],
[0.02,0.02,0.01,0.02,0.01,0.02,0.03,0.02,0.01],
[0.02,0.02,0.01,0.01,0.01,0.01,0.03,0.02,0.01],
[0.02,0.01,0.03,0.01,0.01,0.02,0.03,0.01,0.02],
[0.02,0.02,0.01,0.01,0.01,0.01,0.02,0.01,0.01],
[0.01,0.02,0.02,0.02,0.01,0.01,0.03,0.02,0.01],
[0.02,0.02,0.01,0.02,0.01,0.02,0.03,0.02,0.01],
[0.02,0.02,0.02,0.02,0.01,0.02,0.03,0.01,0.01],
[0.02,0.02,0.01,0.02,0.01,0.01,0.02,0.02,0.01],
[0.02,0.02,0.02,0.02,0.01,0.01,0.03,0.02,0.01],
[0.02,0.02,0.02,0.02,0.01,0.02,0.03,0.02,0.01],
[0.02,0.02,0.01,0.01,0.01,0.01,0.02,0.02,0.01],
[0.02,0.01,0.02,0.02,0.01,0.01,0.03,0.02,0.01],
[0.02,0.02,0.02,0.01,0.01,0.01,0.03,0.02,0.01],
[0.01,0.04,0,0.01,0.02,0.02,0.01,0.01,0.01],
[0.01,0,0.02,0.02,0.03,0,0.02,0,0.01],
[0.01,0.02,0.01,0.02,0.01,0.02,0.03,0.01,0.01],
[0.01,0.03,0.02,0,0.01,0.01,0.03,0.03,0.01],
[0.03,0.03,0.03,0.01,0.01,0.02,0.02,0,0.01],
[0,0.01,0.02,0.04,0.01,0.03,0.01,0.02,0.02],
[0.02,0.02,0.01,0.01,0.02,0.01,0.02,0.01,0.01],
[0.02,0.01,0.02,0.01,0.02,0.01,0.02,0.01,0.01],
[0.01,0.02,0.01,0.01,0.01,0.01,0.02,0.02,0.01],
[0.02,0.03,0.02,0.01,0.01,0.01,0.02,0.02,0.01],
[0.01,0.02,0.02,0.02,0.01,0.02,0.02,0.01,0.02],
[0.02,0.02,0.01,0.01,0.02,0.01,0.02,0.01,0.01],
[0.01,0.02,0.02,0.01,0.01,0.01,0.02,0.02,0.01],
[0.02,0.02,0.02,0.01,0.01,0.01,0.02,0.02,0.01],
[0.01,0.02,0.02,0.02,0.01,0.02,0.02,0.02,0.01],
[0.01,0.02,0.01,0.01,0.01,0.01,0.02,0.01,0.01],
[0.02,0.02,0.02,0.01,0.01,0.01,0.02,0.02,0.01],
[0.01,0.02,0.02,0.02,0.01,0.02,0.02,0.01,0.01],
[0.02,0.02,0.02,0.01,0.01,0.01,0.02,0.02,0.01],
[0.01,0.02,0.02,0.02,0.01,0.01,0.02,0.02,0.01],
[0.01,0.02,0.02,0.01,0.01,0.01,0.02,0.02,0.01],
[0.01,0.01,0.01,0.02,0.02,0.01,0.01,0.01,0.01],
[0.03,0.02,0.01,0.03,0.03,0.01,0.03,0.02,0.01],
[0.02,0.02,0.01,0,0.02,0.01,0.01,0.01,0],
[0.03,0.01,0.02,0.02,0,0.02,0.03,0.03,0.01],
[0.01,0.03,0.02,0.02,0.01,0.01,0.03,0.01,0.02],
[0.01,0.02,0.03,0.02,0.02,0.02,0.03,0.02,0.01],
[0.02,0.01,0.01,0.02,0.02,0.01,0.02,0.01,0.01],
[0.02,0.02,0.02,0.02,0.02,0.01,0.02,0.01,0],
[0.02,0.02,0.02,0.02,0.01,0.01,0.02,0.02,0],
[0.02,0.02,0.02,0.02,0,0.01,0.02,0.02,0.01],
[0.01,0.02,0.02,0.02,0.01,0.02,0.02,0.01,0.02],
[0.02,0.02,0.01,0.02,0.02,0.01,0.02,0.01,0.01],
[0.02,0.01,0.02,0.02,0.01,0.01,0.02,0.02,0],
[0.02,0.02,0.02,0.01,0.01,0.01,0.02,0.02,0.01],
[0.02,0.02,0.02,0.02,0.01,0.02,0.02,0.02,0.01],
[0.02,0.01,0.02,0.02,0.02,0.01,0.02,0.01,0.01],
[0.02,0.02,0.02,0.02,0.01,0.01,0.02,0.02,0.01],
[0.02,0.02,0.02,0.02,0.01,0.01,0.02,0.02,0.01],
[0.02,0.02,0.02,0.02,0.01,0.01,0.02,0.01,0.01],
[0.02,0.02,0.02,0.02,0.01,0.01,0.02,0.02,0.01],
[0.02,0.02,0.02,0.02,0.01,0.01,0.02,0.01,0.01],
[0.01,0.03,0.01,0.01,0.03,0.02,0.01,0.01,0.01],
[0.02,0,0.01,0.03,0.01,0,0.03,0.02,0.01],
[0.02,0.02,0,0.02,0.01,0.01,0.02,0.01,0],
[0.02,0.03,0.03,0.02,0.01,0.02,0.04,0.02,0.01],
[0.03,0.02,0.02,0.01,0,0.01,0.03,0.01,0.01],
[0.01,0.02,0.03,0.02,0.02,0.02,0.03,0.01,0.01],
[0.02,0.01,0.01,0.02,0.02,0.01,0.02,0.02,0.01],
[0.02,0.01,0.02,0.02,0.01,0.01,0.02,0.01,0],
[0.02,0.02,0.02,0.02,0.01,0.02,0.03,0.02,0.01],
[0.02,0.02,0.02,0.02,0.01,0.01,0.03,0.02,0.01],
[0.02,0.02,0.02,0.02,0.01,0.02,0.02,0.01,0.01],
[0.02,0.02,0.01,0.02,0.02,0.01,0.02,0.01,0.01],
[0.02,0.01,0.02,0.02,0.01,0.01,0.03,0.02,0.01],
[0.02,0.02,0.02,0.02,0.01,0.02,0.03,0.01,0.01],
[0.02,0.02,0.02,0.02,0.01,0.02,0.03,0.01,0.01],
[0.02,0.02,0.02,0.02,0.01,0.01,0.02,0.02,0.01],
[0.02,0.01,0.02,0.02,0.01,0.01,0.03,0.02,0.01],
[0.02,0.02,0.02,0.02,0.01,0.02,0.03,0.01,0.01],
[0.02,0.02,0.02,0.02,0.01,0.01,0.02,0.02,0.01],
[0.02,0.01,0.02,0.02,0.01,0.01,0.03,0.02,0.01],
[0.02,0.02,0.02,0.02,0.01,0.01,0.02,0.02,0.01],
[0.01,0.04,0,0.01,0.01,0.01,0.01,0.01,0.01],
[0.01,0,0.01,0.02,0.03,0,0.02,0.02,0.01],
[0.01,0.03,0.01,0.02,0.01,0.01,0.02,0.01,0.01],
[0.01,0.03,0.02,0.02,0.01,0.01,0.03,0.02,0.01],
[0.03,0.02,0.02,0.01,0.01,0.01,0.02,0.01,0.01],
[0.01,0.01,0.03,0.03,0.01,0.02,0.03,0.02,0.02],
[0.02,0.02,0.01,0.01,0.02,0.01,0.02,0.01,0.01],
[0.02,0.01,0.02,0.02,0.02,0.01,0.02,0.01,0.01],
[0.02,0.02,0.01,0.02,0.01,0.01,0.03,0.02,0.01],
[0.02,0.02,0.02,0.01,0.01,0.01,0.02,0.02,0.01],
[0.02,0.02,0.02,0.02,0.01,0.02,0.02,0.01,0.01],
[0.02,0.02,0.01,0.01,0.01,0.01,0.02,0.01,0.01],
[0.02,0.02,0.02,0.02,0.01,0.01,0.02,0.02,0.01],
[0.02,0.02,0.01,0.01,0.01,0.01,0.02,0.01,0.01],
[0.02,0.02,0.02,0.02,0.01,0.01,0.02,0.02,0.01],
[0.02,0.02,0.01,0.01,0.01,0.01,0.02,0.01,0.01],
[0.02,0.02,0.02,0.01,0.01,0.01,0.02,0.02,0.01],
[0.02,0.02,0.02,0.02,0.01,0.01,0.02,0.02,0.01],
[0.02,0.02,0.01,0.01,0.01,0.01,0.02,0.02,0.01],
[0.02,0.02,0.02,0.02,0.01,0.01,0.02,0.02,0.01],
[0.02,0.02,0.01,0.01,0.01,0.01,0.02,0.02,0.01],
[0.01,0.02,0.01,0.01,0.02,0.01,0.01,0.01,0.01],
[0.03,0.01,0.01,0.02,0.02,0.01,0.03,0.02,0.01],
[0.02,0.02,0.01,0.01,0.01,0.01,0.02,0.01,0],
[0.02,0.02,0.03,0.02,0.01,0.02,0.03,0.02,0.01],
[0.02,0.02,0.02,0.01,0.01,0.01,0.02,0.01,0.02],
[0.01,0.02,0.03,0.02,0.02,0.02,0.03,0.01,0.01],
[0.02,0.02,0.01,0.02,0.02,0.01,0.02,0.01,0.01],
[0.02,0.01,0.01,0.02,0.02,0.01,0.02,0.01,0],
[0.02,0.02,0.02,0.02,0.01,0.02,0.03,0.02,0.01],
[0.02,0.02,0.02,0.02,0.01,0.01,0.03,0.01,0.01],
[0.02,0.02,0.02,0.02,0.01,0.01,0.02,0.01,0.01],
[0.02,0.02,0.01,0.02,0.02,0.01,0.02,0.01,0.01],
[0.02,0.02,0.02,0.02,0.01,0.01,0.03,0.02,0.01],
[0.02,0.02,0.02,0.02,0.01,0.01,0.02,0.01,0.01],
[0.02,0.02,0.02,0.02,0.01,0.02,0.03,0.01,0.01],
[0.02,0.02,0.02,0.02,0.01,0.01,0.02,0.02,0.01],
[0.02,0.02,0.02,0.02,0.01,0.01,0.02,0.02,0.01],
[0.02,0.02,0.02,0.02,0.01,0.01,0.02,0.01,0.01],
[0.02,0.02,0.02,0.02,0.01,0.01,0.02,0.01,0.01],
[0.02,0.02,0.02,0.02,0.01,0.01,0.02,0.02,0.01],
[0.02,0.02,0.02,0.02,0.01,0.01,0.02,0.01,0.01],
[0.01,0.03,0.01,0.01,0.02,0.01,0.01,0.01,0.01],
[0.02,0,0.01,0.02,0.02,0,0.02,0.01,0.01],
[0.02,0.02,0,0.01,0.01,0.01,0.02,0.01,0.01],
[0.02,0.02,0.03,0.02,0.01,0.01,0.03,0.02,0.01],
[0.03,0.02,0.02,0.01,0.01,0.01,0.02,0.01,0.01],
[0.01,0.01,0.02,0.03,0.02,0.02,0.02,0.01,0.01],
[0.02,0.02,0.01,0.01,0.02,0.01,0.02,0.01,0.01],
[0.02,0.01,0.01,0.02,0.02,0.01,0.02,0.01,0.01],
[0.02,0.02,0.02,0.02,0.01,0.01,0.02,0.01,0.01],
[0.02,0.02,0.02,0.01,0.01,0.01,0.03,0.02,0.01],
[0.02,0.02,0.02,0.02,0.01,0.01,0.02,0.01,0.01],
[0.02,0.02,0.01,0.02,0.02,0.01,0.02,0.01,0.01],
[0.02,0.01,0.02,0.02,0.01,0.01,0.02,0.01,0.01],
[0.02,0.02,0.02,0.01,0.01,0.01,0.02,0.01,0.01],
[0.02,0.02,0.02,0.02,0.01,0.01,0.02,0.01,0.01],
[0.02,0.02,0.01,0.02,0.01,0.01,0.02,0.01,0.01],
[0.02,0.02,0.02,0.02,0.01,0.01,0.02,0.02,0.01],
[0.02,0.02,0.02,0.02,0.01,0.01,0.02,0.01,0.01],
[0.02,0.02,0.01,0.01,0.01,0.01,0.02,0.01,0.01],
[0.02,0.01,0.02,0.02,0.01,0.01,0.02,0.02,0.01],
[0.02,0.02,0.02,0.02,0.01,0.01,0.02,0.01,0.01],
[0.01,0.03,0.01,0.01,0.02,0.01,0.01,0.01,0.01],
[0.03,0.01,0.01,0.02,0.03,0.01,0.03,0.02,0.01],
[0.02,0.02,0.01,0.01,0.01,0.01,0.02,0.01,0.01],
[0.02,0.02,0.02,0.01,0.01,0.02,0.03,0.02,0.01],
[0.02,0.02,0.02,0.01,0.01,0.01,0.02,0.01,0.01],
[0.01,0.01,0.02,0.02,0.01,0.02,0.02,0.02,0.01],
[0.02,0.02,0.01,0.02,0.02,0.01,0.02,0.01,0.01],
[0.02,0.01,0.01,0.02,0.02,0.01,0.02,0.01,0.01],
[0.02,0.02,0.02,0.01,0.01,0.01,0.02,0.01,0.01],
[0.02,0.02,0.02,0.01,0.01,0.01,0.02,0.01,0.01],
[0.01,0.02,0.02,0.02,0.01,0.01,0.02,0.01,0.01],
[0.02,0.02,0.01,0.02,0.02,0.01,0.02,0.01,0.01],
[0.02,0.02,0.02,0.02,0.01,0.01,0.02,0.02,0.01],
[0.02,0.02,0.02,0.01,0.01,0.01,0.02,0.01,0.01],
[0.02,0.02,0.02,0.02,0.01,0.01,0.02,0.01,0.01],
[0.02,0.02,0.01,0.02,0.01,0.01,0.02,0.01,0.01],
[0.02,0.02,0.02,0.01,0.01,0.01,0.02,0.02,0.01],
[0.02,0.02,0.02,0.02,0.01,0.01,0.02,0.01,0.01],
[0.02,0.02,0.01,0.01,0.01,0.01,0.02,0.01,0.01],
[0.02,0.02,0.02,0.02,0.01,0.01,0.02,0.02,0.01],
[0.02,0.02,0.02,0.02,0.01,0.01,0.02,0.01,0.01]]
[[0.12,0.14,0.17,0.12,0.14,0.17,0.14,0.17,0.12],
[0.12,0.14,0.17,0.12,0.14,0.17,0.14,0.17,0.12],
[0.12,0.14,0.17,0.12,0.14,0.17,0.14,0.17,0.12],
[0.12,0.14,0.17,0.12,0.14,0.17,0.14,0.17,0.12],
[0.12,0.14,0.17,0.12,0.14,0.17,0.14,0.17,0.12],
[0.12,0.14,0.17,0.12,0.14,0.17,0.14,0.17,0.12],
[0.24,0.29,0.33,0.24,0.29,0.33,0.29,0.33,0.24],
[0.24,0.29,0.33,0.24,0.29,0.33,0.29,0.33,0.24],
[0.24,0.29,0.33,0.24,0.29,0.33,0.29,0.33,0.24],
[0.24,0.29,0.33,0.24,0.29,0.33,0.29,0.33,0.24],
[0.24,0.29,0.33,0.24,0.29,0.33,0.29,0.33,0.24],
[0.36,0.43,0.5,0.36,0.43,0.5,0.43,0.5,0.36],
[0.36,0.43,0.5,0.36,0.43,0.5,0.43,0.5,0.36],
[0.36,0.43,0.5,0.36,0.43,0.5,0.43,0.5,0.36],
[0.36,0.43,0.5,0.36,0.43,0.5,0.43,0.5,0.36],
[0.48,0.57,0.67,0.48,0.57,0.67,0.57,0.67,0.48],
[0.48,0.57,0.67,0.48,0.57,0.67,0.57,0.67,0.48],
[0.48,0.57,0.67,0.48,0.57,0.67,0.57,0.67,0.48],
[0.6,0.71,0.83,0.6,0.71,0.83,0.71,0.83,0.6],
[0.6,0.71,0.83,0.6,0.71,0.83,0.71,0.83,0.6],
[0.71,0.86,1,0.71,0.86,1,0.86,1,0.71],
[0.12,0.14,0.17,0.12,0.14,0.17,0.14,0.17,0.12],
[0.12,0.14,0.17,0.12,0.14,0.17,0.14,0.17,0.12],
[0.12,0.14,0.17,0.12,0.14,0.17,0.14,0.17,0.12],
[0.12,0.14,0.17,0.12,0.14,0.17,0.14,0.17,0.12],
[0.12,0.14,0.17,0.12,0.14,0.17,0.14,0.17,0.12],
[0.12,0.14,0.17,0.12,0.14,0.17,0.14,0.17,0.12],
[0.24,0.29,0.33,0.24,0.29,0.33,0.29,0.33,0.24],
[0.24,0.29,0.33,0.24,0.29,0.33,0.29,0.33,0.24],
[0.24,0.29,0.33,0.24,0.29,0.33,0.29,0.33,0.24],
[0.24,0.29,0.33,0.24,0.29,0.33,0.29,0.33,0.24],
[0.24,0.29,0.33,0.24,0.29,0.33,0.29,0.33,0.24],
[0.36,0.43,0.5,0.36,0.43,0.5,0.43,0.5,0.36],
[0.36,0.43,0.5,0.36,0.43,0.5,0.43,0.5,0.36],
[0.36,0.43,0.5,0.36,0.43,0.5,0.43,0.5,0.36],
[0.36,0.43,0.5,0.36,0.43,0.5,0.43,0.5,0.36],
[0.48,0.57,0.67,0.48,0.57,0.67,0.57,0.67,0.48],
[0.48,0.57,0.67,0.48,0.57,0.67,0.57,0.67,0.48],
[0.48,0.57,0.67,0.48,0.57,0.67,0.57,0.67,0.48],
[0.6,0.71,0.83,0.6,0.71,0.83,0.71,0.83,0.6],
[0.6,0.71,0.83,0.6,0.71,0.83,0.71,0.83,0.6],
[0.71,0.86,1,0.71,0.86,1,0.86,1,0.71],
[0.12,0.14,0.17,0.12,0.14,0.17,0.14,0.17,0.12],
[0.12,0.14,0.17,0.12,0.14,0.17,0.14,0.17,0.12],
[0.12,0.14,0.17,0.12,0.14,0.17,0.14,0.17,0.12],
[0.12,0.14,0.17,0.12,0.14,0.17,0.14,0.17,0.12],
[0.12,0.14,0.17,0.12,0.14,0.17,0.14,0.17,0.12],
[0.12,0.14,0.17,0.12,0.14,0.17,0.14,0.17,0.12],
[0.24,0.29,0.33,0.24,0.29,0.33,0.29,0.33,0.24],
[0.24,0.29,0.33,0.24,0.29,0.33,0.29,0.33,0.24],
[0.24,0.29,0.33,0.24,0.29,0.33,0.29,0.33,0.24],
[0.24,0.29,0.33,0.24,0.29,0.33,0.29,0.33,0.24],
[0.24,0.29,0.33,0.24,0.29,0.33,0.29,0.33,0.24],
[0.36,0.43,0.5,0.36,0.43,0.5,0.43,0.5,0.36],
[0.36,0.43,0.5,0.36,0.43,0.5,0.43,0.5,0.36],
[0.36,0.43,0.5,0.36,0.43,0.5,0.43,0.5,0.36],
[0.36,0.43,0.5,0.36,0.43,0.5,0.43,0.5,0.36],
[0.48,0.57,0.67,0.48,0.57,0.67,0.57,0.67,0.48],
[0.48,0.57,0.67,0.48,0.57,0.67,0.57,0.67,0.48],
[0.48,0.57,0.67,0.48,0.57,0.67,0.57,0.67,0.48],
[0.6,0.71,0.83,0.6,0.71,0.83,0.71,0.83,0.6],
[0.6,0.71,0.83,0.6,0.71,0.83,0.71,0.83,0.6],
[0.71,0.86,1,0.71,0.86,1,0.86,1,0.71],
[0.12,0.14,0.17,0.12,0.14,0.17,0.14,0.17,0.12],
[0.12,0.14,0.17,0.12,0.14,0.17,0.14,0.17,0.12],
[0.12,0.14,0.17,0.12,0.14,0.17,0.14,0.17,0.12],
[0.12,0.14,0.17,0.12,0.14,0.17,0.14,0.17,0.12],
[0.12,0.14,0.17,0.12,0.14,0.17,0.14,0.17,0.12],
[0.12,0.14,0.17,0.12,0.14,0.17,0.14,0.17,0.12],
[0.24,0.29,0.33,0.24,0.29,0.33,0.29,0.33,0.24],
[0.24,0.29,0.33,0.24,0.29,0.33,0.29,0.33,0.24],
[0.24,0.29,0.33,0.24,0.29,0.33,0.29,0.33,0.24],
[0.24,0.29,0.33,0.24,0.29,0.33,0.29,0.33,0.24],
[0.24,0.29,0.33,0.24,0.29,0.33,0.29,0.33,0.24],
[0.36,0.43,0.5,0.36,0.43,0.5,0.43,0.5,0.36],
[0.36,0.43,0.5,0.36,0.43,0.5,0.43,0.5,0.36],
[0.36,0.43,0.5,0.36,0.43,0.5,0.43,0.5,0.36],
[0.36,0.43,0.5,0.36,0.43,0.5,0.43,0.5,0.36],
[0.48,0.57,0.67,0.48,0.57,0.67,0.57,0.67,0.48],
[0.48,0.57,0.67,0.48,0.57,0.67,0.57,0.67,0.48],
[0.48,0.57,0.67,0.48,0.57,0.67,0.57,0.67,0.48],
[0.6,0.71,0.83,0.6,0.71,0.83,0.71,0.83,0.6],
[0.6,0.71,0.83,0.6,0.71,0.83,0.71,0.83,0.6],
[0.71,0.86,1,0.71,0.86,1,0.86,1,0.71],
[0.12,0.14,0.17,0.12,0.14,0.17,0.14,0.17,0.12],
[0.12,0.14,0.17,0.12,0.14,0.17,0.14,0.17,0.12],
[0.12,0.14,0.17,0.12,0.14,0.17,0.14,0.17,0.12],
[0.12,0.14,0.17,0.12,0.14,0.17,0.14,0.17,0.12],
[0.12,0.14,0.17,0.12,0.14,0.17,0.14,0.17,0.12],
[0.12,0.14,0.17,0.12,0.14,0.17,0.14,0.17,0.12],
[0.24,0.29,0.33,0.24,0.29,0.33,0.29,0.33,0.24],
[0.24,0.29,0.33,0.24,0.29,0.33,0.29,0.33,0.24],
[0.24,0.29,0.33,0.24,0.29,0.33,0.29,0.33,0.24],
[0.24,0.29,0.33,0.24,0.29,0.33,0.29,0.33,0.24],
[0.24,0.29,0.33,0.24,0.29,0.33,0.29,0.33,0.24],
[0.36,0.43,0.5,0.36,0.43,0.5,0.43,0.5,0.36],
[0.36,0.43,0.5,0.36,0.43,0.5,0.43,0.5,0.36],
[0.36,0.43,0.5,0.36,0.43,0.5,0.43,0.5,0.36],
[0.36,0.43,0.5,0.36,0.43,0.5,0.43,0.5,0.36],
[0.48,0.57,0.67,0.48,0.57,0.67,0.57,0.67,0.48],
[0.48,0.57,0.67,0.48,0.57,0.67,0.57,0.67,0.48],
[0.48,0.57,0.67,0.48,0.57,0.67,0.57,0.67,0.48],
[0.6,0.71,0.83,0.6,0.71,0.83,0.71,0.83,0.6],
[0.6,0.71,0.83,0.6,0.71,0.83,0.71,0.83,0.6],
[0.71,0.86,1,0.71,0.86,1,0.86,1,0.71],
[0.12,0.14,0.17,0.12,0.14,0.17,0.14,0.17,0.12],
[0.12,0.14,0.17,0.12,0.14,0.17,0.14,0.17,0.12],
[0.12,0.14,0.17,0.12,0.14,0.17,0.14,0.17,0.12],
[0.12,0.14,0.17,0.12,0.14,0.17,0.14,0.17,0.12],
[0.12,0.14,0.17,0.12,0.14,0.17,0.14,0.17,0.12],
[0.12,0.14,0.17,0.12,0.14,0.17,0.14,0.17,0.12],
[0.24,0.29,0.33,0.24,0.29,0.33,0.29,0.33,0.24],
[0.24,0.29,0.33,0.24,0.29,0.33,0.29,0.33,0.24],
[0.24,0.29,0.33,0.24,0.29,0.33,0.29,0.33,0.24],
[0.24,0.29,0.33,0.24,0.29,0.33,0.29,0.33,0.24],
[0.24,0.29,0.33,0.24,0.29,0.33,0.29,0.33,0.24],
[0.36,0.43,0.5,0.36,0.43,0.5,0.43,0.5,0.36],
[0.36,0.43,0.5,0.36,0.43,0.5,0.43,0.5,0.36],
[0.36,0.43,0.5,0.36,0.43,0.5,0.43,0.5,0.36],
[0.36,0.43,0.5,0.36,0.43,0.5,0.43,0.5,0.36],
[0.48,0.57,0.67,0.48,0.57,0.67,0.57,0.67,0.48],
[0.48,0.57,0.67,0.48,0.57,0.67,0.57,0.67,0.48],
[0.48,0.57,0.67,0.48,0.57,0.67,0.57,0.67,0.48],
[0.6,0.71,0.83,0.6,0.71,0.83,0.71,0.83,0.6],
[0.6,0.71,0.83,0.6,0.71,0.83,0.71,0.83,0.6],
[0.71,0.86,1,0.71,0.86,1,0.86,1,0.71],
[0.12,0.14,0.17,0.12,0.14,0.17,0.14,0.17,0.12],
[0.12,0.14,0.17,0.12,0.14,0.17,0.14,0.17,0.12],
[0.12,0.14,0.17,0.12,0.14,0.17,0.14,0.17,0.12],
[0.12,0.14,0.17,0.12,0.14,0.17,0.14,0.17,0.12],
[0.12,0.14,0.17,0.12,0.14,0.17,0.14,0.17,0.12],
[0.12,0.14,0.17,0.12,0.14,0.17,0.14,0.17,0.12],
[0.24,0.29,0.33,0.24,0.29,0.33,0.29,0.33,0.24],
[0.24,0.29,0.33,0.24,0.29,0.33,0.29,0.33,0.24],
[0.24,0.29,0.33,0.24,0.29,0.33,0.29,0.33,0.24],
[0.24,0.29,0.33,0.24,0.29,0.33,0.29,0.33,0.24],
[0.24,0.29,0.33,0.24,0.29,0.33,0.29,0.33,0.24],
[0.36,0.43,0.5,0.36,0.43,0.5,0.43,0.5,0.36],
[0.36,0.43,0.5,0.36,0.43,0.5,0.43,0.5,0.36],
[0.36,0.43,0.5,0.36,0.43,0.5,0.43,0.5,0.36],
[0.36,0.43,0.5,0.36,0.43,0.5,0.43,0.5,0.36],
[0.48,0.57,0.67,0.48,0.57,0.67,0.57,0.67,0.48],
[0.48,0.57,0.67,0.48,0.57,0.67,0.57,0.67,0.48],
[0.48,0.57,0.67,0.48,0.57,0.67,0.57,0.67,0.48],
[0.6,0.71,0.83,0.6,0.71,0.83,0.71,0.83,0.6],
[0.6,0.71,0.83,0.6,0.71,0.83,0.71,0.83,0.6],
[0.71,0.86,1,0.71,0.86,1,0.86,1,0.71],
[0.24,0.29,0.33,0.24,0.29,0.33,0.29,0.33,0.24],
[0.24,0.29,0.33,0.24,0.29,0.33,0.29,0.33,0.24],
[0.24,0.29,0.33,0.24,0.29,0.33,0.29,0.33,0.24],
[0.24,0.29,0.33,0.24,0.29,0.33,0.29,0.33,0.24],
[0.24,0.29,0.33,0.24,0.29,0.33,0.29,0.33,0.24],
[0.24,0.29,0.33,0.24,0.29,0.33,0.29,0.33,0.24],
[0.48,0.57,0.67,0.48,0.57,0.67,0.57,0.67,0.48],
[0.48,0.57,0.67,0.48,0.57,0.67,0.57,0.67,0.48],
[0.48,0.57,0.67,0.48,0.57,0.67,0.57,0.67,0.48],
[0.48,0.57,0.67,0.48,0.57,0.67,0.57,0.67,0.48],
[0.48,0.57,0.67,0.48,0.57,0.67,0.57,0.67,0.48],
[0.71,0.86,1,0.71,0.86,1,0.86,1,0.71],
[0.71,0.86,1,0.71,0.86,1,0.86,1,0.71],
[0.71,0.86,1,0.71,0.86,1,0.86,1,0.71],
[0.71,0.86,1,0.71,0.86,1,0.86,1,0.71],
[0.95,1.14,1.33,0.95,1.14,1.33,1.14,1.33,0.95],
[0.95,1.14,1.33,0.95,1.14,1.33,1.14,1.33,0.95],
[0.95,1.14,1.33,0.95,1.14,1.33,1.14,1.33,0.95],
[1.19,1.43,1.67,1.19,1.43,1.67,1.43,1.67,1.19],
[1.19,1.43,1.67,1.19,1.43,1.67,1.43,1.67,1.19],
[1.43,1.71,2,1.43,1.71,2,1.71,2,1.43],
[0.24,0.29,0.33,0.24,0.29,0.33,0.29,0.33,0.24],
[0.24,0.29,0.33,0.24,0.29,0.33,0.29,0.33,0.24],
[0.24,0.29,0.33,0.24,0.29,0.33,0.29,0.33,0.24],
[0.24,0.29,0.33,0.24,0.29,0.33,0.29,0.33,0.24],
[0.24,0.29,0.33,0.24,0.29,0.33,0.29,0.33,0.24],
[0.24,0.29,0.33,0.24,0.29,0.33,0.29,0.33,0.24],
[0.48,0.57,0.67,0.48,0.57,0.67,0.57,0.67,0.48],
[0.48,0.57,0.67,0.48,0.57,0.67,0.57,0.67,0.48],
[0.48,0.57,0.67,0.48,0.57,0.67,0.57,0.67,0.48],
[0.48,0.57,0.67,0.48,0.57,0.67,0.57,0.67,0.48],
[0.48,0.57,0.67,0.48,0.57,0.67,0.57,0.67,0.48],
[0.71,0.86,1,0.71,0.86,1,0.86,1,0.71],
[0.71,0.86,1,0.71,0.86,1,0.86,1,0.71],
[0.71,0.86,1,0.71,0.86,1,0.86,1,0.71],
[0.71,0.86,1,0.71,0.86,1,0.86,1,0.71],
[0.95,1.14,1.33,0.95,1.14,1.33,1.14,1.33,0.95],
[0.95,1.14,1.33,0.95,1.14,1.33,1.14,1.33,0.95],
[0.95,1.14,1.33,0.95,1.14,1.33,1.14,1.33,0.95],
[1.19,1.43,1.67,1.19,1.43,1.67,1.43,1.67,1.19],
[1.19,1.43,1.67,1.19,1.43,1.67,1.43,1.67,1.19],
[1.43,1.71,2,1.43,1.71,2,1.71,2,1.43],
[0.24,0.29,0.33,0.24,0.29,0.33,0.29,0.33,0.24],
[0.24,0.29,0.33,0.24,0.29,0.33,0.29,0.33,0.24],
[0.24,0.29,0.33,0.24,0.29,0.33,0.29,0.33,0.24],
[0.24,0.29,0.33,0.24,0.29,0.33,0.29,0.33,0.24],
[0.24,0.29,0.33,0.24,0.29,0.33,0.29,0.33,0.24],
[0.24,0.29,0.33,0.24,0.29,0.33,0.29,0.33,0.24],
[0.48,0.57,0.67,0.48,0.57,0.67,0.57,0.67,0.48],
[0.48,0.57,0.67,0.48,0.57,0.67,0.57,0.67,0.48],
[0.48,0.57,0.67,0.48,0.57,0.67,0.57,0.67,0.48],
[0.48,0.57,0.67,0.48,0.57,0.67,0.57,0.67,0.48],
[0.48,0.57,0.67,0.48,0.57,0.67,0.57,0.67,0.48],
[0.71,0.86,1,0.71,0.86,1,0.86,1,0.71],
[0.71,0.86,1,0.71,0.86,1,0.86,1,0.71],
[0.71,0.86,1,0.71,0.86,1,0.86,1,0.71],
[0.71,0.86,1,0.71,0.86,1,0.86,1,0.71],
[0.95,1.14,1.33,0.95,1.14,1.33,1.14,1.33,0.95],
[0.95,1.14,1.33,0.95,1.14,1.33,1.14,1.33,0.95],
[0.95,1.14,1.33,0.95,1.14,1.33,1.14,1.33,0.95],
[1.19,1.43,1.67,1.19,1.43,1.67,1.43,1.67,1.19],
[1.19,1.43,1.67,1.19,1.43,1.67,1.43,1.67,1.19],
[1.43,1.71,2,1.43,1.71,2,1.71,2,1.43],
[0.24,0.29,0.33,0.24,0.29,0.33,0.29,0.33,0.24],
[0.24,0.29,0.33,0.24,0.29,0.33,0.29,0.33,0.24],
[0.24,0.29,0.33,0.24,0.29,0.33,0.29,0.33,0.24],
[0.24,0.29,0.33,0.24,0.29,0.33,0.29,0.33,0.24],
[0.24,0.29,0.33,0.24,0.29,0.33,0.29,0.33,0.24],
[0.24,0.29,0.33,0.24,0.29,0.33,0.29,0.33,0.24],
[0.48,0.57,0.67,0.48,0.57,0.67,0.57,0.67,0.48],
[0.48,0.57,0.67,0.48,0.57,0.67,0.57,0.67,0.48],
[0.48,0.57,0.67,0.48,0.57,0.67,0.57,0.67,0.48],
[0.48,0.57,0.67,0.48,0.57,0.67,0.57,0.67,0.48],
[0.48,0.57,0.67,0.48,0.57,0.67,0.57,0.67,0.48],
[0.71,0.86,1,0.71,0.86,1,0.86,1,0.71],
[0.71,0.86,1,0.71,0.86,1,0.86,1,0.71],
[0.71,0.86,1,0.71,0.86,1,0.86,1,0.71],
[0.71,0.86,1,0.71,0.86,1,0.86,1,0.71],
[0.95,1.14,1.33,0.95,1.14,1.33,1.14,1.33,0.95],
[0.95,1.14,1.33,0.95,1.14,1.33,1.14,1.33,0.95],
[0.95,1.14,1.33,0.95,1.14,1.33,1.14,1.33,0.95],
[1.19,1.43,1.67,1.19,1.43,1.67,1.43,1.67,1.19],
[1.19,1.43,1.67,1.19,1.43,1.67,1.43,1.67,1.19],
[1.43,1.71,2,1.43,1.71,2,1.71,2,1.43],
[0.24,0.29,0.33,0.24,0.29,0.33,0.29,0.33,0.24],
[0.24,0.29,0.33,0.24,0.29,0.33,0.29,0.33,0.24],
[0.24,0.29,0.33,0.24,0.29,0.33,0.29,0.33,0.24],
[0.24,0.29,0.33,0.24,0.29,0.33,0.29,0.33,0.24],
[0.24,0.29,0.33,0.24,0.29,0.33,0.29,0.33,0.24],
[0.24,0.29,0.33,0.24,0.29,0.33,0.29,0.33,0.24],
[0.48,0.57,0.67,0.48,0.57,0.67,0.57,0.67,0.48],
[0.48,0.57,0.67,0.48,0.57,0.67,0.57,0.67,0.48],
[0.48,0.57,0.67,0.48,0.57,0.67,0.57,0.67,0.48],
[0.48,0.57,0.67,0.48,0.57,0.67,0.57,0.67,0.48],
[0.48,0.57,0.67,0.48,0.57,0.67,0.57,0.67,0.48],
[0.71,0.86,1,0.71,0.86,1,0.86,1,0.71],
[0.71,0.86,1,0.71,0.86,1,0.86,1,0.71],
[0.71,0.86,1,0.71,0.86,1,0.86,1,0.71],
[0.71,0.86,1,0.71,0.86,1,0.86,1,0.71],
[0.95,1.14,1.33,0.95,1.14,1.33,1.14,1.33,0.95],
[0.95,1.14,1.33,0.95,1.14,1.33,1.14,1.33,0.95],
[0.95,1.14,1.33,0.95,1.14,1.33,1.14,1.33,0.95],
[1.19,1.43,1.67,1.19,1.43,1.67,1.43,1.67,1.19],
[1.19,1.43,1.67,1.19,1.43,1.67,1.43,1.67,1.19],
[1.43,1.71,2,1.43,1.71,2,1.71,2,1.43],
[0.24,0.29,0.33,0.24,0.29,0.33,0.29,0.33,0.24],
[0.24,0.29,0.33,0.24,0.29,0.33,0.29,0.33,0.24],
[0.24,0.29,0.33,0.24,0.29,0.33,0.29,0.33,0.24],
[0.24,0.29,0.33,0.24,0.29,0.33,0.29,0.33,0.24],
[0.24,0.29,0.33,0.24,0.29,0.33,0.29,0.33,0.24],
[0.24,0.29,0.33,0.24,0.29,0.33,0.29,0.33,0.24],
[0.48,0.57,0.67,0.48,0.57,0.67,0.57,0.67,0.48],
[0.48,0.57,0.67,0.48,0.57,0.67,0.57,0.67,0.48],
[0.48,0.57,0.67,0.48,0.57,0.67,0.57,0.67,0.48],
[0.48,0.57,0.67,0.48,0.57,0.67,0.57,0.67,0.48],
[0.48,0.57,0.67,0.48,0.57,0.67,0.57,0.67,0.48],
[0.71,0.86,1,0.71,0.86,1,0.86,1,0.71],
[0.71,0.86,1,0.71,0.86,1,0.86,1,0.71],
[0.71,0.86,1,0.71,0.86,1,0.86,1,0.71],
[0.71,0.86,1,0.71,0.86,1,0.86,1,0.71],
[0.95,1.14,1.33,0.95,1.14,1.33,1.14,1.33,0.95],
[0.95,1.14,1.33,0.95,1.14,1.33,1.14,1.33,0.95],
[0.95,1.14,1.33,0.95,1.14,1.33,1.14,1.33,0.95],
[1.19,1.43,1.67,1.19,1.43,1.67,1.43,1.67,1.19],
[1.19,1.43,1.67,1.19,1.43,1.67,1.43,1.67,1.19],
[1.43,1.71,2,1.43,1.71,2,1.71,2,1.43],
[0.36,0.43,0.5,0.36,0.43,0.5,0.43,0.5,0.36],
[0.36,0.43,0.5,0.36,0.43,0.5,0.43,0.5,0.36],
[0.36,0.43,0.5,0.36,0.43,0.5,0.43,0.5,0.36],
[0.36,0.43,0.5,0.36,0.43,0.5,0.43,0.5,0.36],
[0.36,0.43,0.5,0.36,0.43,0.5,0.43,0.5,0.36],
[0.36,0.43,0.5,0.36,0.43,0.5,0.43,0.5,0.36],
[0.71,0.86,1,0.71,0.86,1,0.86,1,0.71],
[0.71,0.86,1,0.71,0.86,1,0.86,1,0.71],
[0.71,0.86,1,0.71,0.86,1,0.86,1,0.71],
[0.71,0.86,1,0.71,0.86,1,0.86,1,0.71],
[0.71,0.86,1,0.71,0.86,1,0.86,1,0.71],
[1.07,1.29,1.5,1.07,1.29,1.5,1.29,1.5,1.07],
[1.07,1.29,1.5,1.07,1.29,1.5,1.29,1.5,1.07],
[1.07,1.29,1.5,1.07,1.29,1.5,1.29,1.5,1.07],
[1.07,1.29,1.5,1.07,1.29,1.5,1.29,1.5,1.07],
[1.43,1.71,2,1.43,1.71,2,1.71,2,1.43],
[1.43,1.71,2,1.43,1.71,2,1.71,2,1.43],
[1.43,1.71,2,1.43,1.71,2,1.71,2,1.43],
[1.79,2.14,2.5,1.79,2.14,2.5,2.14,2.5,1.79],
[1.79,2.14,2.5,1.79,2.14,2.5,2.14,2.5,1.79],
[2.14,2.57,3,2.14,2.57,3,2.57,3,2.14],
[0.36,0.43,0.5,0.36,0.43,0.5,0.43,0.5,0.36],
[0.36,0.43,0.5,0.36,0.43,0.5,0.43,0.5,0.36],
[0.36,0.43,0.5,0.36,0.43,0.5,0.43,0.5,0.36],
[0.36,0.43,0.5,0.36,0.43,0.5,0.43,0.5,0.36],
[0.36,0.43,0.5,0.36,0.43,0.5,0.43,0.5,0.36],
[0.36,0.43,0.5,0.36,0.43,0.5,0.43,0.5,0.36],
[0.71,0.86,1,0.71,0.86,1,0.86,1,0.71],
[0.71,0.86,1,0.71,0.86,1,0.86,1,0.71],
[0.71,0.86,1,0.71,0.86,1,0.86,1,0.71],
[0.71,0.86,1,0.71,0.86,1,0.86,1,0.71],
[0.71,0.86,1,0.71,0.86,1,0.86,1,0.71],
[1.07,1.29,1.5,1.07,1.29,1.5,1.29,1.5,1.07],
[1.07,1.29,1.5,1.07,1.29,1.5,1.29,1.5,1.07],
[1.07,1.29,1.5,1.07,1.29,1.5,1.29,1.5,1.07],
[1.07,1.29,1.5,1.07,1.29,1.5,1.29,1.5,1.07],
[1.43,1.71,2,1.43,1.71,2,1.71,2,1.43],
[1.43,1.71,2,1.43,1.71,2,1.71,2,1.43],
[1.43,1.71,2,1.43,1.71,2,1.71,2,1.43],
[1.79,2.14,2.5,1.79,2.14,2.5,2.14,2.5,1.79],
[1.79,2.14,2.5,1.79,2.14,2.5,2.14,2.5,1.79],
[2.14,2.57,3,2.14,2.57,3,2.57,3,2.14],
[0.36,0.43,0.5,0.36,0.43,0.5,0.43,0.5,0.36],
[0.36,0.43,0.5,0.36,0.43,0.5,0.43,0.5,0.36],
[0.36,0.43,0.5,0.36,0.43,0.5,0.43,0.5,0.36],
[0.36,0.43,0.5,0.36,0.43,0.5,0.43,0.5,0.36],
[0.36,0.43,0.5,0.36,0.43,0.5,0.43,0.5,0.36],
[0.36,0.43,0.5,0.36,0.43,0.5,0.43,0.5,0.36],
[0.71,0.86,1,0.71,0.86,1,0.86,1,0.71],
[0.71,0.86,1,0.71,0.86,1,0.86,1,0.71],
[0.71,0.86,1,0.71,0.86,1,0.86,1,0.71],
[0.71,0.86,1,0.71,0.86,1,0.86,1,0.71],
[0.71,0.86,1,0.71,0.86,1,0.86,1,0.71],
[1.07,1.29,1.5,1.07,1.29,1.5,1.29,1.5,1.07],
[1.07,1.29,1.5,1.07,1.29,1.5,1.29,1.5,1.07],
[1.07,1.29,1.5,1.07,1.29,1.5,1.29,1.5,1.07],
[1.07,1.29,1.5,1.07,1.29,1.5,1.29,1.5,1.07],
[1.43,1.71,2,1.43,1.71,2,1.71,2,1.43],
[1.43,1.71,2,1.43,1.71,2,1.71,2,1.43],
[1.43,1.71,2,1.43,1.71,2,1.71,2,1.43],
[1.79,2.14,2.5,1.79,2.14,2.5,2.14,2.5,1.79],
[1.79,2.14,2.5,1.79,2.14,2.5,2.14,2.5,1.79],
[2.14,2.57,3,2.14,2.57,3,2.57,3,2.14],
[0.36,0.43,0.5,0.36,0.43,0.5,0.43,0.5,0.36],
[0.36,0.43,0.5,0.36,0.43,0.5,0.43,0.5,0.36],
[0.36,0.43,0.5,0.36,0.43,0.5,0.43,0.5,0.36],
[0.36,0.43,0.5,0.36,0.43,0.5,0.43,0.5,0.36],
[0.36,0.43,0.5,0.36,0.43,0.5,0.43,0.5,0.36],
[0.36,0.43,0.5,0.36,0.43,0.5,0.43,0.5,0.36],
[0.71,0.86,1,0.71,0.86,1,0.86,1,0.71],
[0.71,0.86,1,0.71,0.86,1,0.86,1,0.71],
[0.71,0.86,1,0.71,0.86,1,0.86,1,0.71],
[0.71,0.86,1,0.71,0.86,1,0.86,1,0.71],
[0.71,0.86,1,0.71,0.86,1,0.86,1,0.71],
[1.07,1.29,1.5,1.07,1.29,1.5,1.29,1.5,1.07],
[1.07,1.29,1.5,1.07,1.29,1.5,1.29,1.5,1.07],
[1.07,1.29,1.5,1.07,1.29,1.5,1.29,1.5,1.07],
[1.07,1.29,1.5,1.07,1.29,1.5,1.29,1.5,1.07],
[1.43,1.71,2,1.43,1.71,2,1.71,2,1.43],
[1.43,1.71,2,1.43,1.71,2,1.71,2,1.43],
[1.43,1.71,2,1.43,1.71,2,1.71,2,1.43],
[1.79,2.14,2.5,1.79,2.14,2.5,2.14,2.5,1.79],
[1.79,2.14,2.5,1.79,2.14,2.5,2.14,2.5,1.79],
[2.14,2.57,3,2.14,2.57,3,2.57,3,2.14],
[0.36,0.43,0.5,0.36,0.43,0.5,0.43,0.5,0.36],
[0.36,0.43,0.5,0.36,0.43,0.5,0.43,0.5,0.36],
[0.36,0.43,0.5,0.36,0.43,0.5,0.43,0.5,0.36],
[0.36,0.43,0.5,0.36,0.43,0.5,0.43,0.5,0.36],
[0.36,0.43,0.5,0.36,0.43,0.5,0.43,0.5,0.36],
[0.36,0.43,0.5,0.36,0.43,0.5,0.43,0.5,0.36],
[0.71,0.86,1,0.71,0.86,1,0.86,1,0.71],
[0.71,0.86,1,0.71,0.86,1,0.86,1,0.71],
[0.71,0.86,1,0.71,0.86,1,0.86,1,0.71],
[0.71,0.86,1,0.71,0.86,1,0.86,1,0.71],
[0.71,0.86,1,0.71,0.86,1,0.86,1,0.71],
[1.07,1.29,1.5,1.07,1.29,1.5,1.29,1.5,1.07],
[1.07,1.29,1.5,1.07,1.29,1.5,1.29,1.5,1.07],
[1.07,1.29,1.5,1.07,1.29,1.5,1.29,1.5,1.07],
[1.07,1.29,1.5,1.07,1.29,1.5,1.29,1.5,1.07],
[1.43,1.71,2,1.43,1.71,2,1.71,2,1.43],
[1.43,1.71,2,1.43,1.71,2,1.71,2,1.43],
[1.43,1.71,2,1.43,1.71,2,1.71,2,1.43],
[1.79,2.14,2.5,1.79,2.14,2.5,2.14,2.5,1.79],
[1.79,2.14,2.5,1.79,2.14,2.5,2.14,2.5,1.79],
[2.14,2.57,3,2.14,2.57,3,2.57,3,2.14],
[0.48,0.57,0.67,0.48,0.57,0.67,0.57,0.67,0.48],
[0.48,0.57,0.67,0.48,0.57,0.67,0.57,0.67,0.48],
[0.48,0.57,0.67,0.48,0.57,0.67,0.57,0.67,0.48],
[0.48,0.57,0.67,0.48,0.57,0.67,0.57,0.67,0.48],
[0.48,0.57,0.67,0.48,0.57,0.67,0.57,0.67,0.48],
[0.48,0.57,0.67,0.48,0.57,0.67,0.57,0.67,0.48],
[0.95,1.14,1.33,0.95,1.14,1.33,1.14,1.33,0.95],
[0.95,1.14,1.33,0.95,1.14,1.33,1.14,1.33,0.95],
[0.95,1.14,1.33,0.95,1.14,1.33,1.14,1.33,0.95],
[0.95,1.14,1.33,0.95,1.14,1.33,1.14,1.33,0.95],
[0.95,1.14,1.33,0.95,1.14,1.33,1.14,1.33,0.95],
[1.43,1.71,2,1.43,1.71,2,1.71,2,1.43],
[1.43,1.71,2,1.43,1.71,2,1.71,2,1.43],
[1.43,1.71,2,1.43,1.71,2,1.71,2,1.43],
[1.43,1.71,2,1.43,1.71,2,1.71,2,1.43],
[1.9,2.29,2.67,1.9,2.29,2.67,2.29,2.67,1.9],
[1.9,2.29,2.67,1.9,2.29,2.67,2.29,2.67,1.9],
[1.9,2.29,2.67,1.9,2.29,2.67,2.29,2.67,1.9],
[2.38,2.86,3.33,2.38,2.86,3.33,2.86,3.33,2.38],
[2.38,2.86,3.33,2.38,2.86,3.33,2.86,3.33,2.38],
[2.86,3.43,4,2.86,3.43,4,3.43,4,2.86],
[0.48,0.57,0.67,0.48,0.57,0.67,0.57,0.67,0.48],
[0.48,0.57,0.67,0.48,0.57,0.67,0.57,0.67,0.48],
[0.48,0.57,0.67,0.48,0.57,0.67,0.57,0.67,0.48],
[0.48,0.57,0.67,0.48,0.57,0.67,0.57,0.67,0.48],
[0.48,0.57,0.67,0.48,0.57,0.67,0.57,0.67,0.48],
[0.48,0.57,0.67,0.48,0.57,0.67,0.57,0.67,0.48],
[0.95,1.14,1.33,0.95,1.14,1.33,1.14,1.33,0.95],
[0.95,1.14,1.33,0.95,1.14,1.33,1.14,1.33,0.95],
[0.95,1.14,1.33,0.95,1.14,1.33,1.14,1.33,0.95],
[0.95,1.14,1.33,0.95,1.14,1.33,1.14,1.33,0.95],
[0.95,1.14,1.33,0.95,1.14,1.33,1.14,1.33,0.95],
[1.43,1.71,2,1.43,1.71,2,1.71,2,1.43],
[1.43,1.71,2,1.43,1.71,2,1.71,2,1.43],
[1.43,1.71,2,1.43,1.71,2,1.71,2,1.43],
[1.43,1.71,2,1.43,1.71,2,1.71,2,1.43],
[1.9,2.29,2.67,1.9,2.29,2.67,2.29,2.67,1.9],
[1.9,2.29,2.67,1.9,2.29,2.67,2.29,2.67,1.9],
[1.9,2.29,2.67,1.9,2.29,2.67,2.29,2.67,1.9],
[2.38,2.86,3.33,2.38,2.86,3.33,2.86,3.33,2.38],
[2.38,2.86,3.33,2.38,2.86,3.33,2.86,3.33,2.38],
[2.86,3.43,4,2.86,3.43,4,3.43,4,2.86],
[0.48,0.57,0.67,0.48,0.57,0.67,0.57,0.67,0.48],
[0.48,0.57,0.67,0.48,0.57,0.67,0.57,0.67,0.48],
[0.48,0.57,0.67,0.48,0.57,0.67,0.57,0.67,0.48],
[0.48,0.57,0.67,0.48,0.57,0.67,0.57,0.67,0.48],
[0.48,0.57,0.67,0.48,0.57,0.67,0.57,0.67,0.48],
[0.48,0.57,0.67,0.48,0.57,0.67,0.57,0.67,0.48],
[0.95,1.14,1.33,0.95,1.14,1.33,1.14,1.33,0.95],
[0.95,1.14,1.33,0.95,1.14,1.33,1.14,1.33,0.95],
[0.95,1.14,1.33,0.95,1.14,1.33,1.14,1.33,0.95],
[0.95,1.14,1.33,0.95,1.14,1.33,1.14,1.33,0.95],
[0.95,1.14,1.33,0.95,1.14,1.33,1.14,1.33,0.95],
[1.43,1.71,2,1.43,1.71,2,1.71,2,1.43],
[1.43,1.71,2,1.43,1.71,2,1.71,2,1.43],
[1.43,1.71,2,1.43,1.71,2,1.71,2,1.43],
[1.43,1.71,2,1.43,1.71,2,1.71,2,1.43],
[1.9,2.29,2.67,1.9,2.29,2.67,2.29,2.67,1.9],
[1.9,2.29,2.67,1.9,2.29,2.67,2.29,2.67,1.9],
[1.9,2.29,2.67,1.9,2.29,2.67,2.29,2.67,1.9],
[2.38,2.86,3.33,2.38,2.86,3.33,2.86,3.33,2.38],
[2.38,2.86,3.33,2.38,2.86,3.33,2.86,3.33,2.38],
[2.86,3.43,4,2.86,3.43,4,3.43,4,2.86],
[0.48,0.57,0.67,0.48,0.57,0.67,0.57,0.67,0.48],
[0.48,0.57,0.67,0.48,0.57,0.67,0.57,0.67,0.48],
[0.48,0.57,0.67,0.48,0.57,0.67,0.57,0.67,0.48],
[0.48,0.57,0.67,0.48,0.57,0.67,0.57,0.67,0.48],
[0.48,0.57,0.67,0.48,0.57,0.67,0.57,0.67,0.48],
[0.48,0.57,0.67,0.48,0.57,0.67,0.57,0.67,0.48],
[0.95,1.14,1.33,0.95,1.14,1.33,1.14,1.33,0.95],
[0.95,1.14,1.33,0.95,1.14,1.33,1.14,1.33,0.95],
[0.95,1.14,1.33,0.95,1.14,1.33,1.14,1.33,0.95],
[0.95,1.14,1.33,0.95,1.14,1.33,1.14,1.33,0.95],
[0.95,1.14,1.33,0.95,1.14,1.33,1.14,1.33,0.95],
[1.43,1.71,2,1.43,1.71,2,1.71,2,1.43],
[1.43,1.71,2,1.43,1.71,2,1.71,2,1.43],
[1.43,1.71,2,1.43,1.71,2,1.71,2,1.43],
[1.43,1.71,2,1.43,1.71,2,1.71,2,1.43],
[1.9,2.29,2.67,1.9,2.29,2.67,2.29,2.67,1.9],
[1.9,2.29,2.67,1.9,2.29,2.67,2.29,2.67,1.9],
[1.9,2.29,2.67,1.9,2.29,2.67,2.29,2.67,1.9],
[2.38,2.86,3.33,2.38,2.86,3.33,2.86,3.33,2.38],
[2.38,2.86,3.33,2.38,2.86,3.33,2.86,3.33,2.38],
[2.86,3.43,4,2.86,3.43,4,3.43,4,2.86],
[0.6,0.71,0.83,0.6,0.71,0.83,0.71,0.83,0.6],
[0.6,0.71,0.83,0.6,0.71,0.83,0.71,0.83,0.6],
[0.6,0.71,0.83,0.6,0.71,0.83,0.71,0.83,0.6],
[0.6,0.71,0.83,0.6,0.71,0.83,0.71,0.83,0.6],
[0.6,0.71,0.83,0.6,0.71,0.83,0.71,0.83,0.6],
[0.6,0.71,0.83,0.6,0.71,0.83,0.71,0.83,0.6],
[1.19,1.43,1.67,1.19,1.43,1.67,1.43,1.67,1.19],
[1.19,1.43,1.67,1.19,1.43,1.67,1.43,1.67,1.19],
[1.19,1.43,1.67,1.19,1.43,1.67,1.43,1.67,1.19],
[1.19,1.43,1.67,1.19,1.43,1.67,1.43,1.67,1.19],
[1.19,1.43,1.67,1.19,1.43,1.67,1.43,1.67,1.19],
[1.79,2.14,2.5,1.79,2.14,2.5,2.14,2.5,1.79],
[1.79,2.14,2.5,1.79,2.14,2.5,2.14,2.5,1.79],
[1.79,2.14,2.5,1.79,2.14,2.5,2.14,2.5,1.79],
[1.79,2.14,2.5,1.79,2.14,2.5,2.14,2.5,1.79],
[2.38,2.86,3.33,2.38,2.86,3.33,2.86,3.33,2.38],
[2.38,2.86,3.33,2.38,2.86,3.33,2.86,3.33,2.38],
[2.38,2.86,3.33,2.38,2.86,3.33,2.86,3.33,2.38],
[2.98,3.57,4.17,2.98,3.57,4.17,3.57,4.17,2.98],
[2.98,3.57,4.17,2.98,3.57,4.17,3.57,4.17,2.98],
[3.57,4.29,5,3.57,4.29,5,4.29,5,3.57],
[0.6,0.71,0.83,0.6,0.71,0.83,0.71,0.83,0.6],
[0.6,0.71,0.83,0.6,0.71,0.83,0.71,0.83,0.6],
[0.6,0.71,0.83,0.6,0.71,0.83,0.71,0.83,0.6],
[0.6,0.71,0.83,0.6,0.71,0.83,0.71,0.83,0.6],
[0.6,0.71,0.83,0.6,0.71,0.83,0.71,0.83,0.6],
[0.6,0.71,0.83,0.6,0.71,0.83,0.71,0.83,0.6],
[1.19,1.43,1.67,1.19,1.43,1.67,1.43,1.67,1.19],
[1.19,1.43,1.67,1.19,1.43,1.67,1.43,1.67,1.19],
[1.19,1.43,1.67,1.19,1.43,1.67,1.43,1.67,1.19],
[1.19,1.43,1.67,1.19,1.43,1.67,1.43,1.67,1.19],
[1.19,1.43,1.67,1.19,1.43,1.67,1.43,1.67,1.19],
[1.79,2.14,2.5,1.79,2.14,2.5,2.14,2.5,1.79],
[1.79,2.14,2.5,1.79,2.14,2.5,2.14,2.5,1.79],
[1.79,2.14,2.5,1.79,2.14,2.5,2.14,2.5,1.79],
[1.79,2.14,2.5,1.79,2.14,2.5,2.14,2.5,1.79],
[2.38,2.86,3.33,2.38,2.86,3.33,2.86,3.33,2.38],
[2.38,2.86,3.33,2.38,2.86,3.33,2.86,3.33,2.38],
[2.38,2.86,3.33,2.38,2.86,3.33,2.86,3.33,2.38],
[2.98,3.57,4.17,2.98,3.57,4.17,3.57,4.17,2.98],
[2.98,3.57,4.17,2.98,3.57,4.17,3.57,4.17,2.98],
[3.57,4.29,5,3.57,4.29,5,4.29,5,3.57],
[0.6,0.71,0.83,0.6,0.71,0.83,0.71,0.83,0.6],
[0.6,0.71,0.83,0.6,0.71,0.83,0.71,0.83,0.6],
[0.6,0.71,0.83,0.6,0.71,0.83,0.71,0.83,0.6],
[0.6,0.71,0.83,0.6,0.71,0.83,0.71,0.83,0.6],
[0.6,0.71,0.83,0.6,0.71,0.83,0.71,0.83,0.6],
[0.6,0.71,0.83,0.6,0.71,0.83,0.71,0.83,0.6],
[1.19,1.43,1.67,1.19,1.43,1.67,1.43,1.67,1.19],
[1.19,1.43,1.67,1.19,1.43,1.67,1.43,1.67,1.19],
[1.19,1.43,1.67,1.19,1.43,1.67,1.43,1.67,1.19],
[1.19,1.43,1.67,1.19,1.43,1.67,1.43,1.67,1.19],
[1.19,1.43,1.67,1.19,1.43,1.67,1.43,1.67,1.19],
[1.79,2.14,2.5,1.79,2.14,2.5,2.14,2.5,1.79],
[1.79,2.14,2.5,1.79,2.14,2.5,2.14,2.5,1.79],
[1.79,2.14,2.5,1.79,2.14,2.5,2.14,2.5,1.79],
[1.79,2.14,2.5,1.79,2.14,2.5,2.14,2.5,1.79],
[2.38,2.86,3.33,2.38,2.86,3.33,2.86,3.33,2.38],
[2.38,2.86,3.33,2.38,2.86,3.33,2.86,3.33,2.38],
[2.38,2.86,3.33,2.38,2.86,3.33,2.86,3.33,2.38],
[2.98,3.57,4.17,2.98,3.57,4.17,3.57,4.17,2.98],
[2.98,3.57,4.17,2.98,3.57,4.17,3.57,4.17,2.98],
[3.57,4.29,5,3.57,4.29,5,4.29,5,3.57],
[0.71,0.86,1,0.71,0.86,1,0.86,1,0.71],
[0.71,0.86,1,0.71,0.86,1,0.86,1,0.71],
[0.71,0.86,1,0.71,0.86,1,0.86,1,0.71],
[0.71,0.86,1,0.71,0.86,1,0.86,1,0.71],
[0.71,0.86,1,0.71,0.86,1,0.86,1,0.71],
[0.71,0.86,1,0.71,0.86,1,0.86,1,0.71],
[1.43,1.71,2,1.43,1.71,2,1.71,2,1.43],
[1.43,1.71,2,1.43,1.71,2,1.71,2,1.43],
[1.43,1.71,2,1.43,1.71,2,1.71,2,1.43],
[1.43,1.71,2,1.43,1.71,2,1.71,2,1.43],
[1.43,1.71,2,1.43,1.71,2,1.71,2,1.43],
[2.14,2.57,3,2.14,2.57,3,2.57,3,2.14],
[2.14,2.57,3,2.14,2.57,3,2.57,3,2.14],
[2.14,2.57,3,2.14,2.57,3,2.57,3,2.14],
[2.14,2.57,3,2.14,2.57,3,2.57,3,2.14],
[2.86,3.43,4,2.86,3.43,4,3.43,4,2.86],
[2.86,3.43,4,2.86,3.43,4,3.43,4,2.86],
[2.86,3.43,4,2.86,3.43,4,3.43,4,2.86],
[3.57,4.29,5,3.57,4.29,5,4.29,5,3.57],
[3.57,4.29,5,3.57,4.29,5,4.29,5,3.57],
[4.29,5.14,6,4.29,5.14,6,5.14,6,4.29],
[0.71,0.86,1,0.71,0.86,1,0.86,1,0.71],
[0.71,0.86,1,0.71,0.86,1,0.86,1,0.71],
[0.71,0.86,1,0.71,0.86,1,0.86,1,0.71],
[0.71,0.86,1,0.71,0.86,1,0.86,1,0.71],
[0.71,0.86,1,0.71,0.86,1,0.86,1,0.71],
[0.71,0.86,1,0.71,0.86,1,0.86,1,0.71],
[1.43,1.71,2,1.43,1.71,2,1.71,2,1.43],
[1.43,1.71,2,1.43,1.71,2,1.71,2,1.43],
[1.43,1.71,2,1.43,1.71,2,1.71,2,1.43],
[1.43,1.71,2,1.43,1.71,2,1.71,2,1.43],
[1.43,1.71,2,1.43,1.71,2,1.71,2,1.43],
[2.14,2.57,3,2.14,2.57,3,2.57,3,2.14],
[2.14,2.57,3,2.14,2.57,3,2.57,3,2.14],
[2.14,2.57,3,2.14,2.57,3,2.57,3,2.14],
[2.14,2.57,3,2.14,2.57,3,2.57,3,2.14],
[2.86,3.43,4,2.86,3.43,4,3.43,4,2.86],
[2.86,3.43,4,2.86,3.43,4,3.43,4,2.86],
[2.86,3.43,4,2.86,3.43,4,3.43,4,2.86],
[3.57,4.29,5,3.57,4.29,5,4.29,5,3.57],
[3.57,4.29,5,3.57,4.29,5,4.29,5,3.57],
[4.29,5.14,6,4.29,5.14,6,5.14,6,4.29],
[0.83,1,1.17,0.83,1,1.17,1,1.17,0.83],
[0.83,1,1.17,0.83,1,1.17,1,1.17,0.83],
[0.83,1,1.17,0.83,1,1.17,1,1.17,0.83],
[0.83,1,1.17,0.83,1,1.17,1,1.17,0.83],
[0.83,1,1.17,0.83,1,1.17,1,1.17,0.83],
[0.83,1,1.17,0.83,1,1.17,1,1.17,0.83],
[1.67,2,2.33,1.67,2,2.33,2,2.33,1.67],
[1.67,2,2.33,1.67,2,2.33,2,2.33,1.67],
[1.67,2,2.33,1.67,2,2.33,2,2.33,1.67],
[1.67,2,2.33,1.67,2,2.33,2,2.33,1.67],
[1.67,2,2.33,1.67,2,2.33,2,2.33,1.67],
[2.5,3,3.5,2.5,3,3.5,3,3.5,2.5],
[2.5,3,3.5,2.5,3,3.5,3,3.5,2.5],
[2.5,3,3.5,2.5,3,3.5,3,3.5,2.5],
[2.5,3,3.5,2.5,3,3.5,3,3.5,2.5],
[3.33,4,4.67,3.33,4,4.67,4,4.67,3.33],
[3.33,4,4.67,3.33,4,4.67,4,4.67,3.33],
[3.33,4,4.67,3.33,4,4.67,4,4.67,3.33],
[4.17,5,5.83,4.17,5,5.83,5,5.83,4.17],
[4.17,5,5.83,4.17,5,5.83,5,5.83,4.17],
[5,6,7,5,6,7,6,7,5]]
[1,1,1,1,1,1,2,2,2,2,2,3,3,3,3,4,4,4,5,5,6,1,1,1,1,1,1,2,2,2,2,2,3,3,3,3,4,4,4,5,5,6,1,1,1,1,1,1,2,2,2,2,2,3,3,3,3,4,4,4,5,5,6,1,1,1,1,1,1,2,2,2,2,2,3,3,3,3,4,4,4,5,5,6,1,1,1,1,1,1,2,2,2,2,2,3,3,3,3,4,4,4,5,5,6,1,1,1,1,1,1,2,2,2,2,2,3,3,3,3,4,4,4,5,5,6,1,1,1,1,1,1,2,2,2,2,2,3,3,3,3,4,4,4,5,5,6,2,2,2,2,2,2,4,4,4,4,4,6,6,6,6,8,8,8,10,10,12,2,2,2,2,2,2,4,4,4,4,4,6,6,6,6,8,8,8,10,10,12,2,2,2,2,2,2,4,4,4,4,4,6,6,6,6,8,8,8,10,10,12,2,2,2,2,2,2,4,4,4,4,4,6,6,6,6,8,8,8,10,10,12,2,2,2,2,2,2,4,4,4,4,4,6,6,6,6,8,8,8,10,10,12,2,2,2,2,2,2,4,4,4,4,4,6,6,6,6,8,8,8,10,10,12,3,3,3,3,3,3,6,6,6,6,6,9,9,9,9,12,12,12,15,15,18,3,3,3,3,3,3,6,6,6,6,6,9,9,9,9,12,12,12,15,15,18,3,3,3,3,3,3,6,6,6,6,6,9,9,9,9,12,12,12,15,15,18,3,3,3,3,3,3,6,6,6,6,6,9,9,9,9,12,12,12,15,15,18,3,3,3,3,3,3,6,6,6,6,6,9,9,9,9,12,12,12,15,15,18,4,4,4,4,4,4,8,8,8,8,8,12,12,12,12,16,16,16,20,20,24,4,4,4,4,4,4,8,8,8,8,8,12,12,12,12,16,16,16,20,20,24,4,4,4,4,4,4,8,8,8,8,8,12,12,12,12,16,16,16,20,20,24,4,4,4,4,4,4,8,8,8,8,8,12,12,12,12,16,16,16,20,20,24,5,5,5,5,5,5,10,10,10,10,10,15,15,15,15,20,20,20,25,25,30,5,5,5,5,5,5,10,10,10,10,10,15,15,15,15,20,20,20,25,25,30,5,5,5,5,5,5,10,10,10,10,10,15,15,15,15,20,20,20,25,25,30,6,6,6,6,6,6,12,12,12,12,12,18,18,18,18,24,24,24,30,30,36,6,6,6,6,6,6,12,12,12,12,12,18,18,18,18,24,24,24,30,30,36,7,7,7,7,7,7,14,14,14,14,14,21,21,21,21,28,28,28,35,35,42] 
[4.88,6.9,9.49,8.81,8.06,6.3,7.79,6.44,6.11] 
[0.02,0.02,0.02,0.02,0.01,0.01,0.02,0.01,0.01] 
[5,6,7,5,6,7,6,7,5] 
[1.8,1.97,2.18,1.98,1.98,1.9,1.88,1.87,2.01]