Instance: 75
width: 7
long: 6
Parcels: 9
Crops: 19
Water: 324000

Chemical Properties by Parcel
15.77   16.76   11.23   16.76   16.85   15.98   17.56   15.4   15.84   18.4   14.45   14.5   15.03   15.39   14.73   14.86   12.63   10.67   12.39   10.06   10.25   15.87   13.99   10.5   13.63   12.04   17.82   15.12   17.46   13.5   13.4   12.66   10.56   15.58   10.68   12.53   10.8   17.6   16.84   14.21   11.17   11.59    
10.07   9.76   11.31   13.27   16.56   10.48   14.52   17.11   12.43   12.1   16.91   17.77   16.58   10.82   16.81   13.98   15.22   9.91   18.61   13.6   12.61   13.05   16.42   9.89   11.34   10.8   16.35   14.66   12.99   14.89   15.63   11.72   12.05   12.85   11.31   12.81   10.27   15.92   11.15   15.66   15.1   18.27    
13.08   13.03   16.9   11.79   18.37   10.64   13.17   12.39   14.26   14.02   13.96   15.95   15.35   14.08   15.21   10.19   13.62   14.93   9.7   10.55   17.86   15.84   13.86   16.05   13.39   13.63   15.07   12.81   15.12   16.45   12.15   16.29   13.65   14.39   12.69   15.68   14.68   15.97   14.41   11.6   16.93   14.22    
10.6   18.61   12.59   12.46   14.49   16.55   10.42   9.9   15.27   9.93   18.12   16.43   18.23   17.53   11.77   15.68   18.46   16.03   11.87   12.66   10.62   10.64   16.99   14.56   10.12   17.08   12.38   13.79   12.93   18.48   17.39   9.83   12.16   15.58   16.72   14.95   17.01   15.47   12.38   16.89   10.24   13.58    
17.12   14.26   14.05   13.18   12.91   17.29   17.92   10.52   14.5   15.72   15.27   15.52   10.67   14.25   15.33   12.42   12.79   13.44   12.47   11.85   16.9   14.37   17.65   11.09   13.51   16.54   10.19   11.33   17.85   18   10.16   9.78   11.48   17.76   16.52   12.41   13.52   11.41   11.25   12.43   17.62   16.26    
13.19   16.88   13.31   10.05   17.93   13.03   14.14   14.62   12.6   15.27   14.54   12.57   14.5   15.48   16.64   18.52   16.77   14.35   14.43   16.97   11.84   14.66   13.76   11.39   17.18   16.89   18.3   11.84   12.3   17.1   17.72   15.75   14.56   16.14   14.56   18.34   11.58   12.99   16.98   16.13   14.33   18.57    
12.32   17.14   17.23   18.27   12.98   12.03   16.99   13.34   10.5   9.79   18.58   17.22   11.64   15.8   10.92   11.31   18.16   13.96   11.07   11.04   11.64   12.31   18.23   12.54   13.35   18.15   15.6   14.41   9.86   15.44   10.94   14.43   17.48   17.25   15.65   17.7   12.44   11.32   17   10.56   18.01   17.09    
12   17.53   15.56   13.41   18.43   11.69   13.21   18.66   10.42   14.79   14.36   13.42   15.56   15.15   13.68   16.55   14.26   15.27   17.86   10.84   13.21   11.54   15.6   14.81   12.02   12.51   13.6   11.19   17.57   14.09   11.12   14.18   15.11   13.26   13.17   11.59   14.52   15.12   9.62   18.41   16.86   14.76    
10.55   17.91   14.93   11.47   15.3   18.35   17.31   13.71   10.02   13.94   11.67   16.71   17.71   15.88   15.04   17.78   10.61   14.72   15.34   10.43   17.85   12.38   11.98   17.51   16.95   10.88   13.11   17.41   9.63   12.5   17.02   18.14   17.92   13.08   13.94   15.37   9.85   15.86   17.55   16.5   18.44   11.1    

Physical Properties by Parcel
5.5   5.3   5.5   5.3   5.3   5.4   5.5   5.4   5.4   5.4   5.5   5.4   5.3   5.5   5.6   5.3   5.6   5.4   5.3   5.5   5.3   5.6   5.3   5.4   5.4   5.5   5.3   5.5   5.6   5.3   5.3   5.5   5.5   5.6   5.5   5.3   5.3   5.4   5.2   5.2   5.3   5.5    
5.2   5.3   5.2   5.5   5.2   5.5   5.2   5.4   5.4   5.3   5.5   5.5   5.3   5.6   5.3   5.4   5.3   5.4   5.5   5.4   5.3   5.6   5.4   5.4   5.3   5.4   5.3   5.5   5.2   5.4   5.4   5.3   5.3   5.4   5.5   5.5   5.3   5.2   5.3   5.5   5.3   5.4    
5.5   5.5   5.2   5.2   5.5   5.5   5.4   5.4   5.4   5.4   5.6   5.2   5.3   5.4   5.3   5.3   5.5   5.6   5.2   5.4   5.2   5.2   5.5   5.3   5.3   5.4   5.6   5.4   5.5   5.3   5.6   5.4   5.3   5.3   5.6   5.4   5.5   5.5   5.5   5.2   5.6   5.4    
5.4   5.5   5.6   5.2   5.2   5.3   5.2   5.3   5.2   5.4   5.6   5.5   5.5   5.4   5.3   5.5   5.2   5.5   5.3   5.4   5.4   5.4   5.4   5.3   5.5   5.5   5.4   5.6   5.3   5.3   5.2   5.2   5.3   5.4   5.4   5.5   5.4   5.5   5.4   5.5   5.3   5.3    
5.3   5.4   5.4   5.3   5.2   5.4   5.5   5.4   5.5   5.3   5.4   5.4   5.2   5.3   5.2   5.4   5.4   5.5   5.3   5.6   5.4   5.3   5.2   5.6   5.4   5.4   5.3   5.4   5.5   5.6   5.5   5.5   5.4   5.4   5.6   5.5   5.3   5.5   5.3   5.6   5.6   5.4    
5.4   5.3   5.6   5.5   5.5   5.6   5.6   5.6   5.2   5.3   5.4   5.3   5.3   5.4   5.3   5.3   5.5   5.2   5.5   5.2   5.6   5.3   5.6   5.2   5.4   5.5   5.5   5.4   5.5   5.5   5.3   5.5   5.3   5.3   5.2   5.4   5.3   5.5   5.4   5.3   5.3   5.3    
5.6   5.5   5.2   5.5   5.3   5.3   5.6   5.6   5.4   5.3   5.5   5.5   5.3   5.5   5.2   5.3   5.4   5.4   5.4   5.5   5.5   5.2   5.4   5.3   5.4   5.3   5.3   5.5   5.4   5.5   5.5   5.5   5.4   5.4   5.4   5.2   5.6   5.5   5.3   5.4   5.5   5.2    
5.4   5.2   5.4   5.3   5.2   5.5   5.5   5.2   5.3   5.2   5.3   5.2   5.5   5.3   5.5   5.3   5.3   5.2   5.3   5.2   5.3   5.3   5.3   5.3   5.5   5.3   5.4   5.3   5.5   5.4   5.4   5.4   5.2   5.5   5.3   5.4   5.3   5.5   5.5   5.4   5.4   5.3    
5.2   5.5   5.5   5.3   5.2   5.4   5.4   5.4   5.3   5.6   5.2   5.3   5.2   5.2   5.2   5.4   5.5   5.5   5.4   5.3   5.5   5.2   5.6   5.6   5.2   5.2   5.3   5.4   5.6   5.4   5.3   5.3   5.4   5.4   5.3   5.4   5.3   5.3   5.5   5.3   5.5   5.3    

Ha by Parcels
7   6   5   7   6   5   6   7   5   

Cost of m3 in each parcel
2.09   2.06   1.81   1.84   2.1   2.11   1.94   1.81   2.01   