Instance: 57
width: 10
long: 10
Parcels: 7
Crops: 19
Water: 222000

Chemical Properties by Parcel
12.4   17.82   15.94   9.68   15.81   16.62   12.82   14.11   10.49   10.98   14.99   17.78   16.69   15.71   14.94   14.21   13.55   14.39   16.98   16.06   13.67   17.54   17.47   14.35   12.69   13.81   14.62   12.74   13.84   14.49   11.49   18.57   18.48   18.43   12.13   17.94   9.66   15.55   10.94   16.86   10.93   10.89   11.58   11.75   10.77   14.51   11.73   16.96   16.83   15.47   17.48   12.53   12.2   12.68   14.44   12.57   14.19   11.65   13.99   17.7   17.04   14.37   10.72   15.12   9.63   11.5   15.01   17.47   13.78   13.23   15.08   12.9   15.56   18.69   14.09   17.54   17.19   14.97   14.9   11.94   18.4   14.83   16.29   16.33   18.29   14.67   11.33   13.33   10.37   18.66   15.45   18.69   16.22   10.37   14.77   17.7   12.3   17.79   16.93   13.11    
13.03   11.62   14.44   9.63   14.84   12.67   12.34   15.11   12.23   17.64   17.41   15.03   14.83   14.1   17.46   12.43   14.1   16.91   18.56   10.1   11.31   11.44   15.09   9.6   11.42   17.48   16.54   12.56   10.18   9.68   13.04   15.07   10.74   13.3   15.81   13.57   15.26   11.08   18.12   12.93   9.68   16.12   13.01   18.65   14.53   10.67   13.39   13.06   10.53   14.49   10.62   15.81   12.09   9.9   17.33   10.07   15.73   14.74   12.4   16.56   14.41   12.01   15.57   15.25   14.2   18.23   9.72   14.87   16.76   17.6   10.92   15.55   13.23   16.79   13.45   10.02   16.82   10.89   9.79   14.57   15.69   15.46   12.99   11.07   10.12   9.78   17.55   9.78   15.47   9.78   17.21   14.15   12.83   15.86   15.86   15.31   11.18   17.59   13.51   16.1    
12.66   11.86   10.66   10.82   17.87   9.93   14   10.47   10.35   14.97   17.34   11   15.72   16.63   15.92   15.93   10.35   15.85   16.61   11.97   11.93   17   15.96   16.94   17.61   13.28   16.74   11.66   17.23   10.71   10.51   10.64   17.91   18.09   17.02   16.69   16.33   11.81   16.6   14.26   9.67   12.27   12.37   10.5   17.95   16.86   12.71   14.99   17.61   17.19   16.04   12.5   13.9   18.56   16.12   10.99   15.42   16.25   18.65   9.83   10.93   10.36   14.71   15.92   12.18   14.03   11   16.5   17.06   18.24   16.96   17.98   11.44   13.58   15.85   14.24   9.73   14.3   11.01   11.78   15.74   11.8   10.61   11.66   13.17   12.3   14.74   11.95   12.98   13.13   13.8   12.39   11.96   17.61   16.58   12.26   17.37   15.91   16.76   10.53    
16.47   17.39   10.26   16.91   15.54   13.41   17.51   11.52   12.25   11.14   17.53   15.89   15.41   9.73   18   9.87   13.24   15.56   13.99   11.04   17.25   10.51   10.35   16.82   17.54   13.58   9.87   12.63   12.99   17.26   12.84   18.57   16.58   17.3   9.84   11.17   17.42   17.39   13.13   11.09   17.84   17.9   17.58   18.38   18.2   16.09   18.41   13.83   13.03   17.53   13.05   17.08   16.78   13.59   14.37   10.55   9.92   15.62   11.57   11.29   14.74   9.67   15.28   17.58   18.7   13.45   13.85   12.57   18.36   17.36   13.95   15.55   11.02   9.61   10.49   17.27   15.86   12.83   13.57   17.64   15.55   13.62   13.85   11.06   18.35   12.8   14.05   10.46   13.34   14.12   17.09   9.91   9.79   15.36   16.59   13.18   15.15   10.69   16.92   10.02    
10.01   18.37   11.39   18.39   18.16   10.57   14.35   18.43   11.71   14.76   13.11   17.76   11   18.3   9.74   17.53   17.64   10.01   11.02   13.91   11.9   15.6   13.22   16.39   15.91   17.02   16.45   13.83   13.62   10.62   14.01   15.52   18.65   13.01   11.29   12.67   16.98   14.5   10.56   14.98   11.99   16.85   16.24   16.57   17.28   18.6   15.12   9.87   15.19   11.75   13.49   10.73   17.92   17.26   12.8   13.07   12.38   13.45   14.93   18.62   16.75   12.39   11.56   14.28   11.72   11.12   12.13   15.5   10.64   17.96   10.44   11.85   13.56   17.37   17.25   14.9   18.19   9.96   13.16   17.4   14.95   18.25   13.06   18.5   11.53   12.91   14.49   14.77   14.27   14.15   12.01   11.69   11.82   13.34   13.86   10.17   15.68   15.27   15.33   13.51    
10.88   18.45   15.55   9.78   17.58   17.57   17.44   17.71   9.84   13.1   16.07   13.87   11.16   14.77   14.63   9.66   15.17   12.68   11.6   12.56   18.21   16.08   11.62   11.47   17.78   12.58   11.46   9.82   13.23   11.53   15.5   15.5   17.85   16.84   17.11   14.84   18.63   11.23   9.62   12.55   11.12   15.46   17.68   10.26   18.3   13.47   12.73   14.61   11.71   16.18   12.64   11.25   16.75   18.41   10.75   13.89   11.09   12.68   16.41   15.52   16.33   14.39   15.89   14.71   10.01   16.42   17.4   16.91   12.74   9.8   16.62   10.69   13.88   15.66   9.84   9.99   17.72   10.33   18.61   16.68   10.08   16.46   16.52   12.78   18.15   14.43   12.9   18.62   17.96   10.78   11.49   16.73   16.97   17.83   16.81   14.58   11.53   17.47   15.56   18.54    
14.84   10.14   14.99   13.99   9.89   15.61   10.83   10.19   17.78   13.86   16.26   13.79   13.29   10.61   14.74   18.07   12.67   14.57   17.07   16.24   14.03   16.02   16.56   17.59   12.87   13.14   10.2   11.17   10.74   13.2   13.1   13.73   17.08   18   11.32   10.73   16.98   11.48   17.26   17.88   13.92   13.29   18.01   17.58   11.2   16.39   17.04   15.96   13.76   17.93   14.39   11.16   14.08   15.95   16.52   18.49   16.85   17.48   11.99   16   11.17   12.54   13.09   10.56   17.94   14.1   17.94   15.27   12.06   18.37   11.12   10.93   10.75   12.95   12.22   9.89   18.5   14.48   17.37   12.93   10.76   17.63   15.88   14.01   10.8   9.96   18.28   16.28   14.27   16.51   13.75   14.06   16.02   10.03   11.83   13.44   12.01   14.63   13.53   9.69    

Physical Properties by Parcel
5.3   5.3   5.3   5.3   5.3   5.3   5.4   5.6   5.5   5.5   5.5   5.4   5.5   5.3   5.6   5.5   5.3   5.2   5.4   5.5   5.6   5.5   5.3   5.4   5.5   5.5   5.2   5.6   5.3   5.6   5.4   5.3   5.5   5.3   5.3   5.6   5.3   5.4   5.3   5.5   5.3   5.5   5.6   5.4   5.5   5.5   5.2   5.5   5.6   5.6   5.4   5.3   5.4   5.6   5.4   5.6   5.5   5.2   5.3   5.3   5.3   5.3   5.4   5.4   5.5   5.3   5.4   5.4   5.4   5.3   5.6   5.3   5.5   5.5   5.3   5.2   5.4   5.3   5.4   5.6   5.6   5.6   5.3   5.3   5.4   5.5   5.4   5.5   5.3   5.5   5.4   5.5   5.6   5.4   5.3   5.5   5.2   5.5   5.5   5.5    
5.4   5.2   5.4   5.5   5.5   5.6   5.6   5.5   5.4   5.3   5.2   5.2   5.3   5.4   5.5   5.6   5.3   5.3   5.3   5.5   5.5   5.4   5.4   5.6   5.3   5.3   5.4   5.2   5.4   5.5   5.4   5.5   5.5   5.6   5.4   5.6   5.3   5.5   5.3   5.5   5.6   5.2   5.3   5.3   5.4   5.5   5.3   5.6   5.4   5.5   5.3   5.3   5.3   5.4   5.6   5.4   5.2   5.4   5.5   5.3   5.2   5.5   5.6   5.4   5.3   5.4   5.5   5.3   5.3   5.3   5.3   5.2   5.4   5.6   5.2   5.4   5.2   5.3   5.2   5.5   5.4   5.5   5.3   5.3   5.5   5.5   5.3   5.2   5.4   5.6   5.5   5.5   5.5   5.5   5.6   5.4   5.6   5.4   5.5   5.4    
5.4   5.2   5.3   5.5   5.4   5.6   5.5   5.5   5.4   5.6   5.6   5.2   5.4   5.3   5.6   5.5   5.3   5.2   5.4   5.6   5.6   5.3   5.3   5.3   5.3   5.3   5.5   5.6   5.5   5.5   5.2   5.5   5.3   5.3   5.2   5.5   5.2   5.5   5.3   5.3   5.5   5.3   5.3   5.3   5.6   5.5   5.5   5.5   5.3   5.3   5.6   5.5   5.6   5.3   5.5   5.5   5.4   5.5   5.5   5.4   5.3   5.3   5.4   5.5   5.3   5.2   5.3   5.4   5.6   5.3   5.2   5.5   5.6   5.3   5.3   5.5   5.4   5.4   5.4   5.3   5.5   5.5   5.4   5.5   5.5   5.6   5.5   5.4   5.5   5.6   5.5   5.6   5.2   5.3   5.5   5.3   5.2   5.5   5.5   5.4    
5.4   5.3   5.6   5.4   5.5   5.5   5.3   5.3   5.3   5.4   5.5   5.3   5.2   5.6   5.4   5.2   5.2   5.5   5.3   5.4   5.4   5.4   5.3   5.4   5.4   5.3   5.3   5.4   5.2   5.6   5.5   5.2   5.2   5.3   5.4   5.4   5.3   5.4   5.5   5.4   5.6   5.4   5.3   5.6   5.5   5.6   5.3   5.5   5.2   5.5   5.5   5.5   5.5   5.5   5.3   5.6   5.4   5.3   5.5   5.6   5.6   5.4   5.3   5.6   5.2   5.4   5.3   5.5   5.2   5.6   5.4   5.4   5.5   5.4   5.4   5.3   5.5   5.3   5.5   5.4   5.3   5.5   5.6   5.3   5.4   5.6   5.5   5.4   5.3   5.5   5.2   5.4   5.4   5.6   5.5   5.5   5.5   5.3   5.3   5.3    
5.4   5.4   5.4   5.2   5.6   5.5   5.4   5.3   5.2   5.6   5.6   5.5   5.5   5.3   5.3   5.2   5.4   5.3   5.3   5.2   5.4   5.3   5.5   5.3   5.2   5.4   5.2   5.5   5.5   5.4   5.5   5.6   5.2   5.3   5.6   5.5   5.3   5.4   5.4   5.5   5.4   5.3   5.3   5.3   5.3   5.2   5.5   5.3   5.2   5.5   5.4   5.6   5.2   5.3   5.4   5.3   5.2   5.3   5.5   5.4   5.4   5.3   5.4   5.2   5.6   5.4   5.5   5.3   5.5   5.4   5.4   5.3   5.2   5.5   5.5   5.3   5.3   5.3   5.6   5.4   5.4   5.3   5.2   5.5   5.3   5.6   5.5   5.4   5.4   5.5   5.4   5.6   5.3   5.2   5.3   5.5   5.6   5.5   5.4   5.5    
5.3   5.3   5.5   5.3   5.5   5.4   5.5   5.4   5.6   5.3   5.3   5.4   5.3   5.4   5.5   5.6   5.3   5.5   5.4   5.2   5.4   5.3   5.5   5.3   5.4   5.5   5.5   5.4   5.2   5.2   5.5   5.6   5.5   5.5   5.4   5.3   5.2   5.5   5.2   5.4   5.5   5.3   5.4   5.5   5.6   5.3   5.2   5.2   5.5   5.6   5.2   5.6   5.6   5.6   5.4   5.5   5.4   5.6   5.3   5.6   5.2   5.5   5.3   5.4   5.6   5.5   5.5   5.6   5.3   5.5   5.3   5.4   5.2   5.4   5.4   5.4   5.4   5.3   5.5   5.5   5.6   5.5   5.3   5.2   5.4   5.3   5.3   5.4   5.6   5.5   5.6   5.5   5.5   5.3   5.6   5.4   5.3   5.2   5.5   5.4    
5.3   5.3   5.2   5.4   5.4   5.3   5.5   5.4   5.5   5.3   5.3   5.3   5.4   5.3   5.6   5.4   5.3   5.3   5.5   5.5   5.6   5.5   5.2   5.2   5.4   5.5   5.6   5.2   5.5   5.4   5.4   5.6   5.5   5.5   5.2   5.4   5.3   5.3   5.5   5.3   5.6   5.4   5.5   5.4   5.4   5.3   5.4   5.4   5.2   5.3   5.3   5.2   5.6   5.5   5.4   5.6   5.5   5.3   5.3   5.3   5.3   5.4   5.3   5.3   5.5   5.3   5.2   5.4   5.5   5.6   5.3   5.4   5.5   5.2   5.3   5.5   5.4   5.4   5.4   5.5   5.5   5.4   5.2   5.6   5.4   5.4   5.5   5.3   5.4   5.4   5.4   5.6   5.5   5.3   5.4   5.4   5.3   5.5   5.4   5.6    

Ha by Parcels
5   6   5   5   6   5   5   

Cost of m3 in each parcel
2.2   2.11   1.81   1.97   1.98   1.81   2.17   