Instance: 55
width: 10
long: 10
Parcels: 7
Crops: 19
Water: 288000

Chemical Properties by Parcel
17.64   16.22   17.01   10.82   10.75   11.72   17.32   15.38   10.17   12.77   18.49   10.28   14.33   17.85   16.55   14.82   15.89   15.4   10.39   12.46   15   16.92   11.53   12.37   16.58   10.51   10.78   13.17   11.69   16.71   10.74   14.45   15.78   10.21   15.15   12.35   18.24   16.63   11.42   15.66   16.05   11.43   10.01   18.61   13.39   12.23   13.25   12.44   14.37   18.61   13.85   17.36   18.09   17.99   13.76   16.74   15.87   11.88   18.04   11.82   18.18   17.23   12.89   15.06   10.98   15.32   18.61   18.42   14.43   12.22   17.57   18.5   16.49   10.48   11.75   16.74   18   10.44   9.83   12.7   16.31   13.74   16.52   17.83   18.55   11.01   15.07   16.99   11.56   17.2   15.76   14.07   16.14   18.32   15.62   16.18   16.03   11.36   15.16   11.09    
9.87   10.55   15.19   17.02   11.48   14.07   18.2   15.04   16.81   11.33   16.29   17.01   15.27   14.15   15.52   16.76   16.91   17.97   16.47   15.37   9.9   11.11   13.82   13.42   11.27   13.54   16.42   14.53   10.77   17.95   15   12.97   17.05   14.84   15.85   10.86   15.18   10.88   13.14   10.39   17.4   13.18   18.02   17.32   16.06   15.71   17.27   10.48   11.59   15.4   16.08   13.49   15.55   12.31   10.37   14.21   10.35   11.99   15.86   13.76   11.41   12   17.67   14.15   13.23   18   13.07   17.32   10.62   16.56   11.07   17.25   13.05   13.97   16.09   12.69   15.76   13.69   13.82   12.94   9.62   14.13   14.1   18.68   11.37   17.97   14.02   14.14   14.29   16.34   18.03   16.14   13.95   11.71   14.72   16.26   18.03   15.77   10.53   16.19    
11.14   10.88   14.25   18.54   14.19   10.21   11.26   17.47   13.44   17.6   12.45   9.88   14.21   10.75   12.44   10.17   14.84   15.76   15.4   13.24   17.54   10.59   15.27   17.36   14.41   12.74   14.67   12.98   11.95   14.6   9.69   10.12   12.49   12.04   13.35   13.53   16.03   17.01   17.62   18.24   15.26   17.91   12.37   16.59   11.02   15   15.62   16.49   11.96   12.55   15.11   16.62   18.09   13.31   12.24   11.05   15.87   15.25   13.68   14.47   11.9   10.55   16.17   16.79   14.27   14.19   11.75   12.86   16.21   12.89   13.52   16.29   18.43   16.44   10.83   11.79   17.33   11.25   17.79   9.92   13.63   16.15   14.84   13.11   14.26   13.22   10.83   11.25   18.27   17.26   16.48   15.97   14.1   11.15   10.98   15.25   15.62   10.79   10.89   12.28    
14.01   11.9   13   15.75   18.33   18.52   18.62   15.7   15.83   18.04   9.9   10.93   16.01   16.65   9.76   17.42   17   18.26   11.63   12.23   15.39   13.22   13.14   14.41   18.28   14.9   15.7   13.49   12.17   16.61   17.23   18.52   15.99   14.45   16.32   18.39   18.1   14.32   18.6   17.27   15.69   13.84   18.12   17.65   10.94   13.88   17.39   14.83   18.55   14.15   13.32   11.81   11.84   11.04   12.72   18.34   16.76   16.02   13.64   15.76   17.04   12.49   16.38   15.19   16.32   15.12   18.44   17.83   11.57   13.11   11.87   13.96   14.26   15.8   10.13   11.57   10.16   9.63   13.53   12.55   12.32   17.41   13.37   18.56   16.33   14.28   16.52   11.85   12.37   9.79   17.7   11.06   17.79   13.86   10.44   11.19   11.86   14.21   18.49   16.62    
11.21   12.88   17.51   15.1   12.38   13.44   15.09   17.83   10.99   17.69   13.41   10.12   10.94   16.85   12.1   18.67   10.06   11.14   11.09   14.7   17.93   11.05   15.87   16.45   12.23   13.61   17.7   11.99   15.63   17.32   12.56   11.72   11.24   12.05   13.21   12.03   14.91   16.72   18.05   16.01   13.47   10.06   18.67   10.77   14.27   18.33   9.67   10.84   15.22   14.23   9.8   12.83   13.46   18.27   12.69   15.99   16.32   11.36   12.51   17.86   18.11   13.39   13.84   12.11   15.63   18.57   16.42   15.98   16.88   14.88   11.35   18.12   15.56   14.98   15.89   10.54   13.4   16.46   10.46   13.83   17.5   10.02   14.47   13.56   12.56   17.11   9.67   17.32   17.33   11.56   11.35   13.88   15.97   16.5   14.49   16.63   9.9   12.24   14.93   18.12    
14.64   10.78   11.85   12.25   11.02   9.72   16.59   13.81   15.88   14.27   11.51   14.74   12.87   17.19   14.35   10.1   17.33   16.17   9.84   12.22   11.1   18.56   17.45   10.99   15.95   11.92   15.94   18.39   14.71   9.65   15.71   15.17   11.11   17.03   15.16   18.07   10.05   17.69   13.88   12.92   18.27   17   10.03   17.27   10.96   14.89   18   18.02   9.8   17.38   15.75   11.35   17.73   13.97   12.61   17.64   10.53   11.92   10.14   16.82   12.61   18.15   10.86   13.31   11.31   14.41   10.96   12.27   9.85   16.54   13.52   16.37   9.95   17.75   16.76   15.65   14.73   16.05   13.54   16.12   15.8   16.68   11.47   16.04   9.91   18.6   9.69   11.7   17.86   12.35   14.41   14.64   14.63   16.59   11.14   16.56   16.64   16.84   12.06   11.04    
14.66   17.6   10.53   12.25   17.2   16.96   11.94   11.85   18.33   16.07   18.55   9.81   9.78   15.22   11.82   14.53   16.94   13.92   12.05   18.05   14.23   9.85   17.63   14.37   15.68   18.38   10.33   10.97   13.06   12.41   17.44   15.29   16.44   10.08   12.34   14.44   15.06   10.13   17.66   11.68   13.31   11.31   10.37   10.7   14.39   16   11.23   11.15   15.31   17.78   12.73   15.66   13.31   18.68   18.48   11.78   14.53   12.24   12   10.73   17.65   14.37   9.86   15.77   18   14.57   16.81   10.96   14.01   11.36   10.58   15.83   15.83   13.52   10.88   15.08   10.78   16.37   14.1   17.84   13.04   16.72   12.23   10.02   15.34   11.82   14.05   18.18   15.95   9.78   13.98   11.84   11.32   14.94   17.85   17.37   18.5   15.43   16.24   15.73    

Physical Properties by Parcel
5.6   5.6   5.4   5.5   5.5   5.5   5.3   5.6   5.3   5.4   5.5   5.5   5.6   5.4   5.3   5.4   5.4   5.4   5.2   5.5   5.2   5.4   5.6   5.2   5.5   5.3   5.3   5.3   5.5   5.4   5.3   5.5   5.3   5.3   5.6   5.3   5.3   5.3   5.5   5.5   5.3   5.5   5.6   5.5   5.3   5.2   5.4   5.5   5.5   5.5   5.4   5.4   5.4   5.5   5.5   5.2   5.5   5.4   5.4   5.5   5.3   5.5   5.4   5.4   5.6   5.5   5.6   5.3   5.4   5.4   5.4   5.5   5.4   5.4   5.3   5.2   5.3   5.2   5.6   5.3   5.3   5.4   5.2   5.3   5.6   5.4   5.6   5.5   5.6   5.5   5.3   5.4   5.4   5.3   5.5   5.2   5.3   5.3   5.2   5.5    
5.3   5.5   5.2   5.6   5.5   5.2   5.5   5.4   5.5   5.4   5.6   5.4   5.6   5.4   5.5   5.3   5.3   5.4   5.5   5.5   5.4   5.6   5.5   5.4   5.3   5.5   5.2   5.4   5.6   5.4   5.2   5.3   5.3   5.6   5.3   5.3   5.5   5.5   5.5   5.3   5.5   5.6   5.4   5.3   5.5   5.6   5.3   5.4   5.4   5.4   5.4   5.5   5.6   5.6   5.6   5.5   5.3   5.6   5.4   5.4   5.2   5.3   5.4   5.2   5.4   5.5   5.3   5.3   5.4   5.5   5.3   5.3   5.3   5.4   5.6   5.4   5.4   5.3   5.3   5.5   5.3   5.5   5.3   5.6   5.4   5.4   5.5   5.3   5.4   5.4   5.4   5.5   5.3   5.4   5.3   5.5   5.6   5.3   5.4   5.3    
5.3   5.4   5.4   5.5   5.5   5.4   5.3   5.3   5.4   5.3   5.6   5.3   5.5   5.2   5.2   5.6   5.6   5.3   5.2   5.3   5.3   5.5   5.6   5.4   5.5   5.6   5.6   5.3   5.4   5.5   5.5   5.2   5.3   5.3   5.4   5.4   5.4   5.3   5.6   5.6   5.5   5.6   5.4   5.6   5.5   5.3   5.3   5.3   5.3   5.3   5.3   5.4   5.6   5.5   5.2   5.3   5.6   5.3   5.2   5.3   5.6   5.4   5.4   5.5   5.2   5.2   5.5   5.4   5.4   5.5   5.5   5.6   5.3   5.5   5.3   5.6   5.3   5.3   5.5   5.5   5.2   5.3   5.6   5.2   5.5   5.6   5.2   5.6   5.4   5.3   5.3   5.3   5.4   5.5   5.4   5.4   5.6   5.5   5.6   5.6    
5.4   5.5   5.6   5.2   5.2   5.5   5.2   5.3   5.2   5.4   5.5   5.4   5.5   5.5   5.2   5.3   5.4   5.4   5.2   5.5   5.4   5.4   5.3   5.6   5.4   5.2   5.4   5.3   5.4   5.5   5.5   5.6   5.3   5.3   5.5   5.4   5.5   5.5   5.4   5.6   5.3   5.3   5.5   5.4   5.4   5.4   5.2   5.5   5.2   5.5   5.3   5.3   5.4   5.3   5.5   5.4   5.4   5.3   5.3   5.5   5.6   5.3   5.6   5.4   5.5   5.5   5.3   5.2   5.4   5.3   5.3   5.6   5.4   5.5   5.4   5.5   5.3   5.5   5.5   5.5   5.4   5.2   5.5   5.3   5.6   5.2   5.4   5.6   5.2   5.3   5.6   5.4   5.5   5.5   5.5   5.4   5.2   5.2   5.5   5.2    
5.6   5.2   5.6   5.3   5.5   5.4   5.4   5.3   5.6   5.6   5.4   5.4   5.4   5.4   5.5   5.5   5.2   5.4   5.5   5.3   5.2   5.5   5.5   5.3   5.3   5.3   5.4   5.6   5.2   5.6   5.3   5.3   5.3   5.3   5.3   5.3   5.6   5.3   5.4   5.3   5.2   5.6   5.3   5.5   5.6   5.4   5.3   5.5   5.4   5.5   5.5   5.5   5.4   5.2   5.5   5.3   5.3   5.3   5.3   5.6   5.4   5.4   5.2   5.2   5.3   5.4   5.5   5.4   5.2   5.6   5.2   5.3   5.3   5.4   5.4   5.4   5.2   5.4   5.5   5.5   5.5   5.3   5.5   5.6   5.3   5.5   5.4   5.2   5.4   5.6   5.5   5.5   5.3   5.2   5.3   5.6   5.5   5.3   5.3   5.3    
5.6   5.3   5.2   5.2   5.4   5.3   5.6   5.5   5.4   5.3   5.2   5.6   5.5   5.2   5.3   5.3   5.3   5.2   5.5   5.3   5.2   5.5   5.2   5.2   5.4   5.5   5.5   5.4   5.5   5.5   5.4   5.4   5.4   5.2   5.5   5.2   5.4   5.3   5.3   5.5   5.3   5.5   5.4   5.3   5.3   5.5   5.4   5.4   5.4   5.3   5.5   5.4   5.5   5.5   5.4   5.2   5.2   5.2   5.2   5.3   5.3   5.4   5.5   5.4   5.5   5.3   5.3   5.5   5.5   5.3   5.2   5.4   5.2   5.5   5.3   5.6   5.5   5.3   5.4   5.6   5.5   5.4   5.4   5.3   5.4   5.3   5.5   5.5   5.5   5.2   5.3   5.5   5.5   5.4   5.6   5.6   5.4   5.2   5.5   5.4    
5.4   5.5   5.3   5.6   5.2   5.5   5.4   5.4   5.3   5.2   5.4   5.4   5.5   5.2   5.4   5.2   5.4   5.4   5.4   5.3   5.3   5.3   5.3   5.4   5.5   5.4   5.4   5.6   5.4   5.6   5.4   5.3   5.3   5.5   5.2   5.3   5.3   5.5   5.2   5.5   5.4   5.3   5.5   5.2   5.5   5.3   5.5   5.3   5.6   5.2   5.3   5.3   5.6   5.5   5.5   5.2   5.5   5.6   5.4   5.5   5.6   5.2   5.4   5.3   5.2   5.3   5.4   5.3   5.2   5.4   5.4   5.3   5.6   5.4   5.2   5.5   5.4   5.4   5.3   5.4   5.4   5.5   5.2   5.3   5.4   5.6   5.3   5.2   5.6   5.6   5.3   5.2   5.4   5.6   5.6   5.2   5.5   5.4   5.6   5.6    

Ha by Parcels
7   7   6   7   7   7   7   

Cost of m3 in each parcel
2.2   1.82   1.96   2   1.85   1.84   2.07   