Instance: 59
width: 10
long: 10
Parcels: 7
Crops: 19
Water: 264000

Chemical Properties by Parcel
10.12   13.47   11.31   11.78   11.85   11.2   11.61   14.48   13.47   15.86   16.9   15.88   14.33   18.54   13.53   14.29   10.98   9.73   16.93   11.77   16.02   13.6   14.31   13.1   15.63   15.33   9.75   18.03   11.19   18.14   16.93   15.64   17.76   11.56   17.76   17.57   10.16   14.82   14.27   11.43   16.96   13.28   10   16.75   16.58   15.45   11.85   15.72   17.54   12.18   15.98   13.57   13.77   10.93   14.22   10.35   14.81   17.72   11.85   11.25   14.75   12.22   11.26   11.99   17.91   16.17   16.03   13.75   12.24   18.46   10.07   13.02   17.88   11.6   11.78   12.07   10.45   12.45   12.2   13.33   10.5   12.19   15.53   16.14   11.46   10.7   18.21   15.79   9.86   16.6   17.65   13.85   10.66   13.34   14.01   12.64   16.55   18.48   14.37   11.98    
11.81   17.28   13.1   11.11   12.28   13.5   15.58   14.36   18.28   14.24   14.04   10.05   14.72   12.96   10.52   17.72   11.79   18.36   15.84   12.25   17.19   10.19   18.54   17.25   10.68   15.59   10.56   9.68   11.93   14.83   15.27   17.79   14.08   13.1   17.69   12.09   10.66   14.49   15.18   16.93   15.58   16.46   15.93   15.13   12.71   15.66   12.37   18.65   16.86   16.04   11.43   14.07   9.63   11.92   12.5   10.58   14.08   9.76   15   17.35   16.96   15.76   9.96   14.06   11.49   16.7   10.32   14.81   15.14   17.61   10.68   15.88   16.9   18   13.04   18.63   17.74   17.72   18.44   18.3   9.81   15.96   11.69   13.23   12.31   12.52   12.16   16.36   9.7   11.35   17.65   14.47   10.4   17.32   14.12   11.49   16.83   16.99   15.15   10.48    
12.59   16.05   16.83   16.86   11.35   11.72   10.76   12.59   11.95   12.42   12.53   16.12   13.5   10.02   15.27   14.52   9.86   12.13   10.32   18.37   15.37   10.43   9.61   12.97   10.97   14.89   15.59   11.97   10.88   17.57   11.76   13.16   13.25   13.17   9.98   11.06   16.82   12.89   18.21   11.94   12.51   14.94   10.53   14.53   13.73   13.82   17.66   11.4   16.11   11.82   10.56   10.63   14.15   14.61   13.72   14.37   11.05   10.91   11.48   17.87   12.56   18.16   11.27   10.71   14.07   12.09   18.23   16.81   17.22   13.33   11.95   18.31   12.45   12.5   16.6   18.31   18.35   15.83   18.64   14.82   14.13   11.16   14.11   13.44   10.85   18.19   12.79   14.98   15.77   13.49   17.28   14.47   17.07   12.54   13.5   11.53   16.47   17.62   18   13.91    
18.41   16.08   13.2   9.92   16.24   16.35   15.14   16.31   17.35   18.23   14.44   15   15.56   15.71   11.45   12.37   15.06   17.37   17.45   18.35   18.5   18.01   12.18   10.1   17.57   18.17   12.78   16.41   12.96   18.58   17.63   13.13   18.55   16.9   16.17   12.05   13.15   15.77   10.06   15.56   12.92   15.09   18.48   9.96   18.62   15.45   12.81   15.63   10.57   14.98   17.51   12.13   9.74   17.37   12.96   11.12   13.54   14.99   13.51   13.3   15.93   10.62   11.38   13.07   11.5   14.22   13.69   14.62   11.01   14.59   18.19   13.87   13.62   17.06   18.55   9.98   17.87   10.67   11.81   10.04   16.68   10.39   17.38   17.86   12.88   10.58   16.28   15.88   9.65   13.65   11   13.11   12.39   15.35   14.85   13.41   14.63   10.62   16.27   13.36    
18.2   11.51   18.59   17.6   16.08   10.79   17.02   17.58   14.42   14.1   14.34   15.24   18.48   13.08   13.44   13.85   9.92   15.57   14.16   16.72   15.76   11.58   15.15   12.57   15.82   14.43   17.97   17.74   16.24   13.1   15.32   11.52   16.07   17.87   17.87   10.18   12.49   17.23   10.66   15.99   17.51   9.89   11.78   13.9   13.13   11.73   15.09   16.07   18.05   10.47   17.1   17.64   11.01   13.54   9.7   18.49   11.15   16.43   11.58   10.86   15.03   18.68   10.95   14.75   17.75   15.03   10.61   15.54   18.31   15.93   11.59   13   17.96   15.89   17.26   18.03   11.86   18.64   12.45   15.27   10.24   9.97   17.63   9.89   16.38   14.74   17.93   12.92   15.93   10.58   12.79   10.71   14.04   16.74   13.23   18.51   11.03   12.38   14.17   18.06    
14.41   15.73   12.63   14.18   11.72   11.98   16.07   11.34   18.31   18.55   10.65   14.35   14.89   14.21   15.08   10.9   16.26   12.08   17.92   15.37   11.66   10.78   14.72   12.11   16.76   11.71   10.98   10.21   18.57   11.18   18.35   18.55   13.71   13.09   16.6   14.16   12.51   16.53   18.11   12.86   18.16   14.82   16.18   14.79   17.13   14.98   17.64   15.95   17.46   13.96   13.99   12.88   16.43   13.61   18.47   9.63   16.14   10.56   14.47   17.89   13.88   15.68   15.41   13.94   13.19   12.18   17.64   16.11   9.68   16.01   10.28   9.85   15.7   11.19   14.57   11.59   14.4   14.74   16.39   16.54   16.14   16.59   10.12   12.5   17.16   12.67   17.61   14.12   15.05   13.05   18.37   17.52   17.44   15.9   18.47   11.83   16.54   11.01   12.63   11.2    
12.21   16.23   14.64   14.77   11.82   14.11   14.94   16.06   12.73   17.49   16   17.96   12.27   14.52   12.98   10.51   13.58   12.22   17.2   17.22   10.45   18.47   10.2   14.4   10.73   17.06   18.37   16.7   16.62   17.94   17.03   10.06   16.22   18.64   18.65   14.46   13.88   13.56   17.9   12.39   17.2   14.55   11.62   16.09   17.32   10.11   12.14   9.7   16.9   17.88   17.18   11.95   14.89   11.93   18.59   13.76   11.84   16.25   13.27   18.15   17.4   18.39   16.41   9.74   14.64   12.81   13.25   17.39   17.63   10.21   13.32   15.4   13.02   12.54   15.82   18.09   13.05   17.77   13.79   12.79   10.77   17.71   18.7   13.47   10.35   16.39   14.48   16.52   14.1   14.25   14.04   13.38   11.84   12.84   17.85   14.61   17.98   12.69   11.23   12.45    

Physical Properties by Parcel
5.3   5.4   5.6   5.6   5.2   5.5   5.4   5.3   5.4   5.2   5.5   5.4   5.4   5.5   5.5   5.2   5.3   5.4   5.4   5.5   5.2   5.5   5.4   5.6   5.4   5.2   5.3   5.6   5.6   5.4   5.5   5.5   5.6   5.4   5.4   5.5   5.3   5.3   5.2   5.5   5.6   5.5   5.3   5.4   5.3   5.2   5.4   5.2   5.5   5.4   5.3   5.4   5.6   5.5   5.3   5.4   5.4   5.3   5.4   5.4   5.6   5.3   5.4   5.5   5.5   5.4   5.6   5.5   5.5   5.4   5.5   5.6   5.4   5.5   5.5   5.5   5.4   5.3   5.4   5.3   5.3   5.5   5.6   5.5   5.4   5.3   5.5   5.4   5.5   5.6   5.5   5.4   5.5   5.3   5.5   5.3   5.4   5.3   5.3   5.6    
5.3   5.2   5.2   5.5   5.3   5.3   5.2   5.4   5.3   5.2   5.4   5.3   5.3   5.4   5.2   5.3   5.6   5.6   5.4   5.2   5.6   5.6   5.6   5.2   5.6   5.3   5.3   5.3   5.5   5.5   5.3   5.3   5.3   5.3   5.3   5.5   5.4   5.2   5.3   5.3   5.5   5.5   5.4   5.5   5.5   5.4   5.3   5.5   5.2   5.2   5.5   5.5   5.5   5.4   5.5   5.4   5.3   5.3   5.5   5.6   5.2   5.3   5.5   5.5   5.4   5.6   5.6   5.6   5.5   5.4   5.2   5.3   5.2   5.2   5.3   5.5   5.3   5.5   5.5   5.3   5.4   5.3   5.3   5.5   5.5   5.4   5.3   5.4   5.3   5.3   5.4   5.5   5.2   5.4   5.5   5.2   5.5   5.3   5.4   5.6    
5.4   5.4   5.4   5.3   5.4   5.4   5.6   5.2   5.2   5.5   5.2   5.6   5.6   5.6   5.3   5.3   5.4   5.3   5.4   5.5   5.5   5.4   5.3   5.6   5.4   5.5   5.3   5.4   5.3   5.2   5.2   5.5   5.4   5.2   5.4   5.3   5.3   5.4   5.3   5.3   5.3   5.6   5.3   5.4   5.5   5.5   5.3   5.3   5.2   5.4   5.2   5.2   5.2   5.4   5.4   5.4   5.3   5.2   5.3   5.2   5.3   5.4   5.3   5.6   5.3   5.3   5.6   5.2   5.3   5.4   5.2   5.3   5.4   5.5   5.3   5.5   5.3   5.3   5.3   5.5   5.5   5.4   5.2   5.4   5.3   5.2   5.6   5.4   5.4   5.3   5.3   5.3   5.5   5.5   5.4   5.4   5.5   5.2   5.5   5.3    
5.5   5.4   5.3   5.6   5.3   5.6   5.5   5.3   5.3   5.6   5.3   5.4   5.3   5.6   5.3   5.2   5.5   5.4   5.5   5.3   5.3   5.5   5.4   5.3   5.3   5.4   5.2   5.5   5.3   5.4   5.5   5.5   5.6   5.4   5.2   5.6   5.3   5.5   5.2   5.3   5.3   5.3   5.3   5.6   5.3   5.2   5.5   5.4   5.3   5.4   5.4   5.5   5.3   5.2   5.5   5.3   5.4   5.2   5.4   5.2   5.5   5.5   5.5   5.3   5.2   5.3   5.6   5.6   5.2   5.3   5.5   5.6   5.3   5.6   5.5   5.2   5.4   5.2   5.3   5.5   5.4   5.4   5.3   5.5   5.5   5.4   5.6   5.5   5.6   5.4   5.3   5.6   5.4   5.5   5.2   5.5   5.2   5.3   5.3   5.6    
5.4   5.3   5.6   5.5   5.4   5.4   5.2   5.5   5.4   5.5   5.6   5.3   5.2   5.5   5.6   5.2   5.5   5.3   5.6   5.5   5.4   5.4   5.4   5.3   5.5   5.3   5.3   5.5   5.3   5.6   5.4   5.4   5.2   5.6   5.3   5.5   5.5   5.2   5.5   5.5   5.2   5.3   5.4   5.3   5.4   5.4   5.4   5.4   5.4   5.6   5.5   5.6   5.4   5.4   5.5   5.4   5.4   5.5   5.3   5.3   5.5   5.3   5.6   5.4   5.4   5.3   5.2   5.4   5.5   5.5   5.4   5.5   5.5   5.4   5.5   5.3   5.5   5.4   5.5   5.5   5.3   5.5   5.3   5.3   5.3   5.3   5.5   5.5   5.6   5.2   5.2   5.4   5.5   5.3   5.2   5.6   5.4   5.4   5.5   5.2    
5.3   5.4   5.2   5.4   5.3   5.4   5.5   5.2   5.6   5.5   5.5   5.5   5.3   5.2   5.3   5.2   5.4   5.2   5.3   5.5   5.4   5.3   5.4   5.3   5.4   5.4   5.3   5.3   5.5   5.3   5.5   5.5   5.4   5.4   5.3   5.5   5.2   5.4   5.4   5.3   5.4   5.5   5.5   5.6   5.3   5.4   5.6   5.5   5.4   5.4   5.3   5.3   5.5   5.3   5.5   5.4   5.5   5.5   5.6   5.4   5.4   5.5   5.4   5.5   5.5   5.5   5.4   5.4   5.3   5.3   5.5   5.3   5.3   5.5   5.5   5.4   5.5   5.3   5.5   5.4   5.5   5.3   5.5   5.6   5.4   5.3   5.3   5.3   5.3   5.4   5.4   5.3   5.2   5.3   5.2   5.5   5.3   5.6   5.6   5.4    
5.2   5.3   5.3   5.6   5.4   5.4   5.5   5.6   5.5   5.3   5.2   5.4   5.2   5.4   5.3   5.5   5.3   5.3   5.3   5.3   5.4   5.3   5.3   5.4   5.5   5.4   5.4   5.4   5.5   5.4   5.3   5.3   5.3   5.6   5.3   5.6   5.4   5.5   5.3   5.3   5.5   5.5   5.4   5.3   5.5   5.3   5.3   5.3   5.6   5.2   5.4   5.5   5.3   5.5   5.5   5.5   5.2   5.4   5.4   5.5   5.5   5.3   5.5   5.6   5.4   5.5   5.4   5.4   5.4   5.4   5.5   5.6   5.3   5.4   5.3   5.5   5.6   5.5   5.3   5.4   5.6   5.6   5.6   5.4   5.3   5.6   5.4   5.6   5.6   5.4   5.2   5.3   5.4   5.4   5.5   5.6   5.5   5.4   5.2   5.5    

Ha by Parcels
7   5   7   7   6   7   5   

Cost of m3 in each parcel
2.1   2.16   2.09   1.96   1.85   1.89   1.95   