Instance: 51
width: 10
long: 10
Parcels: 7
Crops: 19
Water: 264000

Chemical Properties by Parcel
14.43   11.28   16.38   18.06   13.84   14.4   14.37   13.45   16.42   15.42   14.58   14.44   10.88   14.68   16.53   11.66   12.3   15.28   11.51   11.32   16.23   15.24   15.14   10.39   18.7   11.05   11.19   10.35   11.3   12.63   16   15.06   14.83   15   17.76   12.73   15.21   17.78   18.2   14.72   10.78   10.53   12.76   14.71   16.49   15.01   18.69   13.92   15.64   11.33   14.27   12.09   14.08   12.1   16.88   9.96   14.75   11.33   17.76   13.91   12.71   17.57   10   15.65   10.65   16.54   9.74   10.58   18.42   17.88   15.93   18.34   18.54   13.21   17.83   14.81   15.78   18.38   13.99   11.78   16.24   17.87   15.17   11.63   17.9   11.53   13.23   9.76   12.4   18.18   15.99   17.45   16.48   17.75   11.49   14.27   14.68   13.92   16.5   11.88    
18.08   10.96   16.11   12.36   17.55   15.03   16.98   18.27   12.92   10.08   17.8   14.69   11.07   10.22   17.75   16.06   14.73   14.61   15.35   11.41   11.87   12.15   12.63   15.71   12.78   15.74   12.42   14.24   16.69   16.92   17.9   18.48   16.99   15.61   16.27   15.09   17.89   15.66   10.15   17.22   16.93   13.65   14.93   18.01   17.05   17.24   12.76   10.06   13.68   11.15   18.19   16.33   11.35   16.49   18.53   14.02   15.3   15.8   16.67   15.51   16.3   16.9   12.46   15.01   14.07   9.81   13.62   10.32   15.73   16.96   12.64   17.81   18.32   18.23   11.3   16.73   11.79   14.78   11.19   14.3   11.52   13.33   15.53   12.75   11.31   12.56   15.12   15.24   11.38   10.18   12.93   15.75   12.2   12.08   14.55   18.49   10.74   16.61   11.87   14.25    
14.49   13.48   18.53   10.45   10.63   17.98   10.34   12.23   12.18   13.12   9.66   16.86   11.06   16.87   17.73   9.75   10.65   12.83   11.52   12.82   13.98   12.95   10.36   11.86   14.22   13.29   17.53   13.54   14.7   15.8   18.69   13.68   14.86   15.9   9.87   13.34   16.61   10.65   18.7   9.87   14.88   18.19   18.62   17.49   17.57   17.61   18.38   17.43   13.36   18.45   17.16   10.35   14.44   14.24   16.75   16.53   10.63   11.08   17.66   14.53   16.72   12.96   17.55   9.65   12.87   18.52   11.96   13.55   14.74   10.96   15.52   17.08   18.43   13.88   12.54   10.95   11.47   12.97   10.12   17.69   13.29   16.45   11.52   16.71   17.99   17.62   10.05   17.25   12.02   14.4   12.54   15.32   12.52   12.85   10.49   16.55   16.79   14.81   17.13   15.9    
15.88   15.95   12.89   11.83   11.02   11.18   14.65   10.07   17.13   10.82   9.61   18.49   14.21   18.53   10.13   12   14.42   14.33   17.53   16.72   12.71   11.64   14.9   13.49   12.59   16.46   16.66   16.43   17.71   16.12   11.32   17.42   16.65   15.86   15.59   14.61   15.5   13.91   12.6   16.02   18.08   15.3   10.55   18.05   17.56   11.55   12.75   13.59   17.63   17.15   17.22   11.5   10.48   17.43   18.45   12.87   11.61   9.66   11.63   16.83   15.1   9.96   17.17   10.49   14.7   17.09   16.6   15.68   18.29   14.87   18.13   10.62   9.85   13.22   15.25   17.66   13.9   9.69   11.37   11.29   16.57   16.88   10.22   10.39   16.37   10.22   17.78   18.11   13.54   14.64   9.94   18.58   10.73   11.35   11.75   12.34   16.01   10.84   15.04   17.59    
16.72   10.08   16.6   13.95   13.78   10.8   13.74   17.8   9.66   12.23   17.19   13.81   13.89   15.96   13.61   13.05   16.57   18.12   15.24   13.48   10.74   15.13   15.13   16.01   16.96   11.86   17.44   15.58   10.07   13.81   15.4   12.63   12.09   12.41   17.01   17.79   14.37   18.23   18.5   13.41   11.34   14.4   16.38   17.33   18.27   12.57   12.72   12.54   18.53   10.91   13.58   15.56   13.18   18.14   11.51   10.6   18.3   16.18   15.88   13.4   9.94   15.99   12.56   9.99   17.02   15.63   17.05   15.92   16.17   15.19   11.41   10.45   10.99   15.82   11   18.62   13.42   11.87   15.12   13.54   18.25   12.68   14.53   12.07   16.4   11.97   10.41   18.13   10.36   14.2   17.28   13.69   13.8   17.6   13.73   15.83   17.01   17.74   13.59   17.72    
12.09   13.76   12.31   14.5   16.13   17.97   16.67   16.43   13.13   11.78   10.34   12.35   14.97   12.4   10.45   17.39   13.23   16.15   15.04   13.04   18.53   16.72   11.68   12.09   11.21   16.78   15.76   16.74   12.6   14.37   10.89   15.29   12.86   9.97   9.91   17.54   10.44   15.66   18.07   10.6   17.27   12.09   16.68   17.02   11.77   16.83   12.69   9.65   12.3   18.58   17.85   10.69   16.49   13.69   11.84   11.13   15.55   17.66   16.96   10.66   10.96   15.27   11.2   14.44   15.15   13.02   16.57   13.85   18.09   11.98   16.78   15.14   10.77   10.21   13.67   15.61   10.9   16.54   13.14   18.6   18.15   12.07   13.36   14.27   17.13   13.97   13.43   17.27   9.95   14.22   15.22   15.7   14.63   11.59   18.41   13.37   11.27   18.63   17.79   10.55    
11.93   14.41   13.25   10.97   14.11   15.23   18.33   11.82   10.97   10.42   14   10.55   14.39   12.69   17.34   17.86   15.59   14.87   14.03   11.29   14.22   11.67   11.39   12.72   13.47   14.64   11.74   13.46   17.28   14.75   15.44   10.72   11.78   10.98   17.03   10.1   12.6   13.87   12.74   12.05   14.42   14.96   10.36   9.75   15.53   13.06   13.97   16.53   17.46   15.59   11.03   13.7   17.67   14.77   16.31   9.85   13.71   11.7   18   11.42   9.62   15.35   17.08   13.71   15.47   16.5   14.43   12.45   12.83   18.66   18.29   17.52   13.53   16.57   17.76   14.51   11.38   13.39   13.01   10.27   18.2   12.89   11.46   17.19   11.06   13.92   17.16   12.36   18.3   16.23   13.25   17.35   16.72   10.36   10.46   16.47   13.04   15.33   15.97   13.74    

Physical Properties by Parcel
5.6   5.6   5.4   5.2   5.5   5.6   5.2   5.3   5.4   5.3   5.3   5.6   5.5   5.6   5.5   5.5   5.5   5.5   5.3   5.3   5.5   5.3   5.5   5.6   5.4   5.5   5.2   5.2   5.3   5.2   5.4   5.2   5.4   5.3   5.4   5.6   5.4   5.3   5.5   5.4   5.3   5.4   5.4   5.3   5.3   5.5   5.2   5.2   5.2   5.2   5.3   5.5   5.2   5.3   5.3   5.6   5.5   5.3   5.4   5.4   5.4   5.3   5.2   5.4   5.5   5.4   5.5   5.4   5.3   5.3   5.3   5.2   5.4   5.3   5.3   5.2   5.4   5.2   5.3   5.2   5.4   5.4   5.6   5.6   5.4   5.6   5.3   5.4   5.6   5.4   5.2   5.5   5.4   5.5   5.4   5.4   5.4   5.4   5.5   5.5    
5.4   5.6   5.4   5.3   5.5   5.3   5.5   5.4   5.3   5.2   5.3   5.3   5.3   5.4   5.5   5.6   5.5   5.4   5.3   5.5   5.3   5.3   5.3   5.3   5.5   5.4   5.2   5.4   5.4   5.2   5.3   5.4   5.4   5.5   5.5   5.6   5.4   5.5   5.5   5.4   5.3   5.2   5.4   5.2   5.3   5.5   5.4   5.5   5.3   5.3   5.3   5.5   5.3   5.4   5.5   5.6   5.5   5.5   5.5   5.2   5.3   5.2   5.2   5.3   5.4   5.5   5.2   5.3   5.6   5.3   5.2   5.3   5.4   5.4   5.3   5.3   5.3   5.4   5.5   5.2   5.5   5.5   5.5   5.6   5.3   5.5   5.4   5.5   5.4   5.3   5.2   5.4   5.2   5.3   5.5   5.5   5.4   5.5   5.5   5.6    
5.5   5.3   5.3   5.5   5.3   5.4   5.3   5.4   5.3   5.3   5.2   5.4   5.6   5.5   5.2   5.4   5.5   5.5   5.5   5.5   5.5   5.5   5.5   5.5   5.3   5.3   5.5   5.3   5.3   5.4   5.5   5.4   5.3   5.3   5.5   5.5   5.5   5.3   5.6   5.6   5.3   5.5   5.3   5.4   5.6   5.6   5.4   5.3   5.3   5.3   5.3   5.6   5.5   5.6   5.3   5.3   5.3   5.2   5.5   5.3   5.5   5.3   5.4   5.4   5.6   5.4   5.4   5.5   5.4   5.3   5.4   5.3   5.6   5.6   5.5   5.4   5.4   5.4   5.2   5.5   5.5   5.4   5.6   5.4   5.3   5.5   5.4   5.3   5.4   5.3   5.5   5.4   5.5   5.5   5.3   5.3   5.2   5.4   5.3   5.3    
5.3   5.4   5.5   5.2   5.4   5.4   5.4   5.4   5.4   5.5   5.2   5.4   5.3   5.5   5.3   5.3   5.3   5.5   5.5   5.3   5.4   5.5   5.3   5.4   5.2   5.6   5.4   5.4   5.6   5.6   5.3   5.5   5.5   5.5   5.3   5.5   5.4   5.3   5.2   5.3   5.3   5.5   5.4   5.5   5.4   5.6   5.5   5.3   5.3   5.3   5.3   5.3   5.4   5.3   5.5   5.3   5.6   5.3   5.3   5.5   5.3   5.5   5.4   5.6   5.2   5.5   5.2   5.2   5.2   5.5   5.6   5.2   5.2   5.6   5.5   5.4   5.4   5.6   5.4   5.5   5.5   5.2   5.2   5.4   5.6   5.5   5.6   5.3   5.3   5.5   5.6   5.4   5.3   5.6   5.4   5.2   5.6   5.3   5.3   5.3    
5.6   5.3   5.6   5.6   5.3   5.5   5.5   5.5   5.3   5.4   5.4   5.4   5.3   5.2   5.4   5.4   5.3   5.5   5.4   5.3   5.4   5.2   5.3   5.4   5.3   5.6   5.2   5.2   5.4   5.3   5.6   5.3   5.4   5.2   5.5   5.5   5.4   5.3   5.5   5.4   5.4   5.4   5.2   5.5   5.5   5.3   5.4   5.5   5.6   5.3   5.3   5.3   5.2   5.3   5.6   5.6   5.5   5.5   5.5   5.6   5.4   5.2   5.4   5.2   5.6   5.3   5.5   5.4   5.6   5.5   5.5   5.2   5.3   5.4   5.4   5.4   5.2   5.5   5.3   5.6   5.3   5.5   5.5   5.3   5.4   5.4   5.4   5.4   5.3   5.5   5.2   5.6   5.5   5.2   5.5   5.4   5.5   5.4   5.2   5.4    
5.3   5.5   5.3   5.6   5.3   5.3   5.4   5.4   5.3   5.2   5.5   5.4   5.5   5.3   5.5   5.4   5.2   5.3   5.5   5.5   5.2   5.3   5.5   5.5   5.4   5.3   5.3   5.3   5.3   5.4   5.6   5.5   5.5   5.2   5.2   5.5   5.5   5.5   5.5   5.3   5.3   5.4   5.5   5.6   5.5   5.4   5.4   5.5   5.3   5.5   5.2   5.6   5.4   5.6   5.5   5.5   5.3   5.4   5.5   5.4   5.3   5.3   5.3   5.6   5.5   5.4   5.4   5.2   5.3   5.5   5.5   5.3   5.5   5.3   5.5   5.5   5.4   5.3   5.2   5.3   5.4   5.3   5.5   5.2   5.3   5.3   5.3   5.5   5.2   5.4   5.4   5.3   5.5   5.3   5.4   5.4   5.4   5.6   5.5   5.3    
5.6   5.2   5.4   5.2   5.2   5.4   5.3   5.5   5.5   5.4   5.2   5.5   5.2   5.2   5.4   5.3   5.4   5.3   5.3   5.5   5.6   5.5   5.6   5.4   5.3   5.4   5.4   5.2   5.5   5.6   5.5   5.2   5.4   5.3   5.4   5.4   5.5   5.5   5.3   5.2   5.5   5.4   5.6   5.5   5.3   5.4   5.6   5.4   5.5   5.5   5.3   5.5   5.5   5.4   5.2   5.2   5.2   5.5   5.5   5.6   5.5   5.4   5.6   5.5   5.3   5.3   5.3   5.4   5.4   5.3   5.3   5.4   5.5   5.4   5.4   5.6   5.2   5.5   5.6   5.5   5.3   5.3   5.2   5.3   5.4   5.2   5.6   5.4   5.5   5.5   5.2   5.3   5.6   5.3   5.3   5.3   5.4   5.6   5.4   5.2    

Ha by Parcels
5   6   7   7   5   7   7   

Cost of m3 in each parcel
2.11   2.14   1.82   2.12   1.81   1.97   2.09   