Instance: 58
width: 10
long: 10
Parcels: 7
Crops: 19
Water: 252000

Chemical Properties by Parcel
11.53   13.35   17.53   11.97   18.48   15.21   9.84   16.3   18.49   14.85   14.11   14.35   12.19   17.83   9.68   16.36   14.99   12.62   18.07   15.22   12.29   13.97   18.34   12.88   17.12   17.54   10.41   12.42   11.62   11.43   16.88   12.58   18.35   17.3   14.37   13.58   9.97   15.36   12.69   16.09   12.32   17.39   18.05   13.43   18.69   14.51   16.69   13.33   15.54   18.3   15.41   16.47   10.56   13.16   11.54   15.45   17.37   11.03   10.76   14.29   15.38   17.43   10.72   13.81   11.86   17.95   14.26   17.39   15.35   12.53   17.64   11.85   11.4   15.56   10.05   14.2   13.26   12.83   11.94   11.48   14.87   11.73   15.38   12.1   9.76   11.79   17.79   17.56   12.21   13.95   12.39   14.6   17.04   13.83   17.4   15.2   16.23   15.6   16.37   16.85    
10.18   10.7   12.59   9.65   16.55   10.13   15.53   17.63   17.32   17.9   9.85   11.39   17.13   13.76   11.33   14.71   13.48   17.2   16.7   17.48   14.46   15.9   18   14.59   13.3   14.77   10.13   10.52   10.73   14.53   9.75   17.28   12.22   10.65   12.77   18.15   18.51   12.88   17.82   15.55   18.32   12.4   15.55   17.57   10.71   14.92   16.69   17.63   11.41   12.4   18.62   12.82   16.09   11.64   10.6   15.42   11.24   10.54   17.74   12.1   14.68   12.98   10.71   16.34   18.35   9.7   17.92   14.04   15.07   15.91   12.45   11.41   18.66   11.2   10.63   12.34   13.46   18.13   18.16   16.3   15.29   10.26   14.83   18.44   16.45   13.5   14.44   12.08   14.9   18.7   17.73   11.52   18.29   14.77   13.05   13.55   14.06   14.96   15.79   15.81    
9.94   10.06   12.92   12.31   10.19   14.2   15.43   16.86   17.16   15.54   10.59   17.88   11.31   16.43   14.68   14.91   12.76   18.48   9.78   9.97   16.06   18.16   11.59   13.35   18.17   13.77   12.16   15.35   12.37   14.64   15.86   14.84   11.72   16.33   13.9   13.72   11.07   14.33   15.76   13.66   15.11   11.1   10.13   15.08   14.03   16.17   9.93   18.46   16.08   12.17   17.78   9.66   9.62   14.12   11.93   11.29   18.41   12.71   16.34   17.97   13.63   10.82   18.4   15.86   10.11   16.85   16.19   13.46   10.17   13.02   13.62   11.1   13.44   16.91   17.6   18.07   10.77   17.95   10.44   17.59   16.72   16.18   15.3   15.78   13.47   17.88   18.45   11.13   15.19   15.22   12.1   11.73   16.43   13.72   12.12   18.29   15.62   16.46   14.41   18.63    
17.23   11.72   13.57   10.51   18.5   15.76   16.59   12.95   15.36   14.86   16.1   17.14   15.12   17.23   15.38   11.51   12.11   15.45   9.92   17.03   12.23   12.85   17.66   14.54   14.37   15.6   11.49   10.88   12.23   18.14   17.76   16.28   16.65   18.1   16.92   14.92   16.52   15.25   10.16   10.56   14.73   12.84   15.63   10.8   11.86   12.03   12.23   13.51   10.25   17.71   13.13   13.88   11.34   10.22   14.18   13.56   15.21   10.34   17.33   14.07   13.36   10.01   10.91   12.34   11.02   14.59   15.81   16.78   15.36   14.56   15.67   11.06   16.81   14.09   16.76   11.07   18.31   16.38   9.99   15.06   12.02   11.35   17.15   10.59   13.11   10.97   11.96   11.06   13.77   14.17   16.37   12.64   12.39   10.43   17.05   17.18   17.7   12.85   11.66   11.83    
11.77   14.73   11.65   12.05   11.79   13.7   10.86   10.1   14.63   16.44   16.57   17.14   14.29   12.01   12.15   13.09   16.98   16.42   18.3   11.46   10.02   11.44   13.03   17.42   14.86   12.9   17.62   15.44   14.99   14   12.08   13.76   13.55   12.76   16.57   18.4   11.24   14.43   11.41   18.5   13.92   17.94   13.93   10.35   15.08   13.86   12.14   14.6   17.01   11.74   9.76   13.86   17.91   15.3   9.87   10.8   10.3   17.97   9.94   15.82   18.13   9.92   17.36   9.68   17.87   14.54   12.55   17.49   16.55   18.07   14.55   12.27   13.84   10.75   12.37   11.72   11.83   11.89   16.8   13.52   18.01   15.5   14.59   14.83   14.16   10.85   15.7   15.86   18.46   14.5   12   16.55   13.4   13.54   10.94   15.64   12.5   11.24   16.91   11.88    
14.9   16.74   11.25   13.34   11.02   14.72   15.07   10.92   11.62   16.94   16.87   9.77   13.72   16.93   18.4   12.03   16.02   12.41   18   11.85   13.85   11.09   11.32   11.47   14.73   11.47   12.53   12.26   10.61   13.23   14   17.09   16.13   11.72   12.14   16.9   18.13   12.81   17.13   15.8   18.48   13.77   10.45   13.05   15.43   13.62   13.84   14.57   14.54   16.68   14.89   10.31   14.64   11.1   13.32   17.67   14.22   13.37   14.81   17.87   11   15.01   18.09   13.02   12.85   13.4   13.36   12.61   14.65   17.65   10.31   13.14   13.8   11.14   13.83   16.51   9.74   16.56   11   14.2   14.93   17.56   15.11   10.17   13.51   10.03   11.71   9.65   13.11   10.25   16.22   10.16   17.22   10.66   15.51   13.02   17.85   10.71   11.79   9.86    
14.26   16.9   10.36   16.14   14.77   11.35   14   10.12   11.31   15.77   11.82   13.07   15.52   11.72   9.61   10.45   17.01   10.47   15.1   18.32   13.64   16.72   10.21   11.85   16.79   12.81   16.64   10.74   13.41   18.04   18.01   12.3   12.18   13.71   11.87   17.68   10.15   16.05   18.27   15.03   16.2   15   17.98   10.31   13.01   15.23   11.18   14.91   12.45   15.84   14.77   17.39   13.03   10.53   16.44   12.03   14.26   17.24   12.9   11.52   15.08   10.13   14.04   16.33   14.6   17.49   12.91   13.78   15.05   12.69   12.58   15.68   17.97   16.73   9.82   16.4   13.54   11.89   17.38   16.88   17.65   12.41   15.84   14.57   11.27   10.07   16.83   13.78   18.42   12.93   10.34   11.04   13.68   13.71   14.27   10.05   13.84   14.88   17.19   11.54    

Physical Properties by Parcel
5.5   5.2   5.4   5.4   5.6   5.5   5.6   5.3   5.4   5.3   5.6   5.2   5.5   5.4   5.3   5.5   5.4   5.5   5.2   5.2   5.3   5.4   5.3   5.5   5.4   5.3   5.6   5.4   5.3   5.2   5.2   5.6   5.4   5.2   5.4   5.4   5.6   5.2   5.3   5.3   5.3   5.4   5.3   5.4   5.5   5.5   5.2   5.4   5.2   5.6   5.4   5.4   5.5   5.5   5.4   5.5   5.5   5.3   5.4   5.4   5.6   5.2   5.4   5.4   5.2   5.3   5.6   5.6   5.2   5.3   5.6   5.4   5.3   5.6   5.2   5.4   5.4   5.5   5.2   5.3   5.4   5.6   5.3   5.5   5.3   5.4   5.2   5.6   5.4   5.4   5.4   5.6   5.5   5.5   5.4   5.4   5.3   5.5   5.2   5.6    
5.4   5.6   5.5   5.5   5.3   5.6   5.5   5.4   5.2   5.5   5.5   5.5   5.3   5.5   5.5   5.4   5.3   5.4   5.3   5.3   5.4   5.3   5.3   5.4   5.5   5.2   5.4   5.5   5.6   5.3   5.4   5.5   5.3   5.4   5.3   5.2   5.5   5.3   5.4   5.4   5.3   5.4   5.5   5.3   5.3   5.3   5.3   5.5   5.5   5.3   5.5   5.3   5.4   5.4   5.3   5.4   5.3   5.3   5.5   5.2   5.4   5.3   5.3   5.6   5.5   5.4   5.3   5.6   5.4   5.6   5.3   5.2   5.4   5.4   5.3   5.2   5.2   5.5   5.3   5.6   5.6   5.2   5.5   5.5   5.3   5.2   5.2   5.5   5.4   5.5   5.6   5.3   5.5   5.4   5.4   5.5   5.5   5.4   5.5   5.3    
5.3   5.3   5.6   5.3   5.2   5.3   5.6   5.3   5.4   5.6   5.3   5.3   5.6   5.5   5.5   5.4   5.2   5.3   5.5   5.2   5.3   5.4   5.3   5.3   5.3   5.3   5.5   5.2   5.6   5.6   5.6   5.5   5.5   5.6   5.3   5.4   5.5   5.3   5.5   5.3   5.5   5.2   5.5   5.6   5.6   5.5   5.3   5.4   5.5   5.5   5.2   5.4   5.6   5.5   5.3   5.4   5.5   5.3   5.2   5.4   5.2   5.4   5.3   5.4   5.3   5.3   5.4   5.5   5.2   5.2   5.5   5.3   5.2   5.2   5.6   5.3   5.2   5.4   5.4   5.4   5.3   5.6   5.2   5.3   5.5   5.2   5.2   5.3   5.5   5.5   5.3   5.4   5.4   5.5   5.5   5.5   5.5   5.2   5.6   5.5    
5.6   5.3   5.4   5.6   5.5   5.2   5.4   5.5   5.4   5.5   5.5   5.6   5.5   5.5   5.4   5.5   5.5   5.6   5.4   5.5   5.3   5.5   5.4   5.6   5.3   5.6   5.4   5.5   5.5   5.4   5.2   5.4   5.5   5.3   5.3   5.5   5.4   5.2   5.3   5.3   5.3   5.5   5.5   5.6   5.3   5.2   5.4   5.2   5.3   5.2   5.5   5.2   5.4   5.3   5.4   5.3   5.4   5.5   5.3   5.6   5.2   5.4   5.4   5.4   5.3   5.5   5.5   5.6   5.5   5.6   5.3   5.4   5.5   5.3   5.5   5.3   5.3   5.2   5.5   5.5   5.2   5.5   5.2   5.6   5.3   5.3   5.2   5.5   5.4   5.6   5.6   5.3   5.3   5.3   5.3   5.5   5.2   5.2   5.6   5.2    
5.5   5.6   5.4   5.4   5.2   5.4   5.2   5.4   5.3   5.5   5.3   5.6   5.5   5.5   5.3   5.3   5.3   5.5   5.3   5.5   5.3   5.5   5.5   5.5   5.5   5.4   5.3   5.4   5.2   5.6   5.5   5.6   5.5   5.2   5.5   5.4   5.3   5.4   5.3   5.4   5.3   5.2   5.5   5.5   5.2   5.3   5.3   5.4   5.3   5.5   5.6   5.5   5.2   5.5   5.6   5.5   5.5   5.5   5.3   5.4   5.4   5.5   5.2   5.3   5.3   5.3   5.5   5.2   5.4   5.3   5.4   5.3   5.5   5.3   5.4   5.6   5.4   5.3   5.5   5.5   5.5   5.4   5.2   5.4   5.2   5.5   5.2   5.3   5.3   5.4   5.3   5.4   5.4   5.3   5.5   5.5   5.3   5.4   5.6   5.3    
5.6   5.5   5.5   5.3   5.4   5.2   5.3   5.3   5.2   5.2   5.3   5.5   5.4   5.5   5.4   5.4   5.4   5.5   5.4   5.5   5.4   5.3   5.3   5.2   5.2   5.5   5.5   5.4   5.4   5.6   5.5   5.4   5.5   5.3   5.5   5.3   5.2   5.5   5.5   5.4   5.6   5.2   5.6   5.2   5.3   5.6   5.3   5.3   5.3   5.5   5.5   5.4   5.5   5.4   5.2   5.4   5.5   5.5   5.2   5.2   5.3   5.4   5.3   5.5   5.3   5.3   5.3   5.3   5.2   5.2   5.6   5.4   5.3   5.2   5.3   5.5   5.3   5.5   5.2   5.6   5.4   5.3   5.3   5.3   5.5   5.5   5.5   5.6   5.3   5.6   5.3   5.3   5.3   5.4   5.3   5.5   5.4   5.4   5.4   5.2    
5.3   5.4   5.6   5.4   5.3   5.3   5.5   5.3   5.4   5.2   5.5   5.4   5.5   5.4   5.3   5.3   5.4   5.6   5.5   5.5   5.3   5.5   5.5   5.5   5.3   5.4   5.5   5.3   5.4   5.4   5.3   5.3   5.2   5.5   5.4   5.3   5.2   5.4   5.4   5.5   5.4   5.4   5.4   5.5   5.5   5.2   5.2   5.6   5.2   5.2   5.4   5.2   5.3   5.5   5.5   5.5   5.2   5.6   5.5   5.2   5.4   5.4   5.4   5.6   5.4   5.5   5.4   5.5   5.5   5.3   5.3   5.6   5.2   5.4   5.3   5.5   5.2   5.5   5.3   5.4   5.4   5.6   5.5   5.4   5.2   5.4   5.2   5.4   5.2   5.4   5.6   5.3   5.5   5.4   5.5   5.4   5.6   5.6   5.6   5.3    

Ha by Parcels
6   7   6   6   5   5   7   

Cost of m3 in each parcel
1.97   1.89   1.94   1.84   1.89   1.87   1.98   