Instance: 60
width: 10
long: 10
Parcels: 7
Crops: 19
Water: 246000

Chemical Properties by Parcel
14.06   9.9   9.8   15.41   16.17   15.15   16.19   14.04   14.72   11.2   9.67   18.15   14.62   13.48   17.35   17.5   15.32   17.4   17.16   12.92   10.35   17.85   15.9   9.62   16.54   12.76   11.26   12.76   14.37   17.99   10.79   16.27   18.1   11.81   16.59   12.05   11.65   18   12.49   10.59   14.14   18.44   16.96   18.39   11.21   13.57   11.14   17.6   16.03   12.22   14.53   11.68   14.26   14.76   17.5   18.69   11.39   16.64   16.14   12.32   9.61   14.17   12.9   10.72   14.14   12.69   10.57   12.99   14.66   9.61   17.48   10.63   14.45   16.19   18.63   10.5   16.26   17.84   12.84   14.44   10.6   18.65   15.72   10.33   11.62   15.37   10.31   10.92   13.53   10.02   18.36   12.98   12.88   15.81   9.99   13.43   14.98   10.53   15.91   18.53    
14.38   9.91   10.24   11.55   11.53   12.97   10.72   10.66   14.77   12.86   11.82   16.52   17.6   18.28   10.69   13.12   13.95   18.45   17.56   18.23   14.81   15.05   14.24   16.37   12.57   11.04   15.22   12.46   11.28   10.75   12.6   14.85   13.73   13.25   14.32   11.62   10.74   16.98   11.94   12.79   18.36   17.68   14.28   12.91   17.05   17.6   10.62   10.58   11.63   9.7   18.06   11.96   11.46   9.7   12.82   18.43   12.97   17.47   18.55   16.48   11.76   17.24   14.91   15.4   16.93   16.38   12.18   14.43   13.14   13.71   9.96   17.68   15.92   15.55   12.58   14.95   10.94   17.68   10.55   10.31   13.88   16.83   9.65   16.52   14.27   15.41   16.89   15.43   12.61   10.26   10.48   11.5   14.21   10.98   12.24   14.95   16.31   15.05   16.62   17.98    
13.03   9.7   17.99   11.3   10.43   11.55   14.34   9.69   9.63   14.86   13.03   17.35   14.22   11.73   11.03   14.27   16.47   9.93   12.9   12.45   12.9   13.73   15.5   10.45   12.85   16.06   13.3   14.09   13.14   11.18   14.98   13.79   11.19   9.61   16.87   9.76   11.51   9.81   15.03   12.14   16.11   17.71   10.48   16.1   17.26   13.8   16.81   15.67   10.73   13.6   15.28   10.66   11.3   12.07   12.52   15.94   15.88   12.18   18.41   18.32   14.52   10.23   17.26   17.7   12.7   10.85   14   15.77   10.43   16.85   9.86   16.19   10.93   12.3   16.78   17.93   13.37   11.62   10.26   10.79   17   10.79   12.06   9.74   18.48   13.65   11.22   18.63   11.38   14.98   14.87   14.39   15.38   13.16   10.21   15.47   16.7   16.01   10.79   15.95    
13.93   13.04   11.43   10.29   15.13   18.56   15.34   12.32   15.58   18.11   16.24   13.17   13.77   14.52   10.84   16.46   17.59   9.71   16.68   17.91   13.19   16.23   10.3   17.96   18.01   16.49   13.24   18.52   17.77   15.16   16.55   12.88   14.99   12.07   16.78   14.26   16.06   13.72   17.78   13.9   11.42   10.62   16.69   14.19   12.72   11.64   10.28   18.52   10.29   16.76   12.75   14.44   14.81   10.48   12.09   13.55   10.22   11.94   10.56   11.86   18.15   18.21   12.95   16.09   9.93   13.57   17.01   17.64   11.89   17.35   15.29   14.37   12.86   15.91   17.5   16.41   10.35   15.02   11.39   17.84   13.5   12.77   16.93   16.22   12.04   11.06   15.33   16.13   11.01   11.2   16.92   16.78   13.37   11.75   12.88   11.01   13.8   17.81   11.27   13.91    
11.55   11.75   16.78   16.05   17.81   13.29   17.16   11.3   17.87   12.42   14.99   16.22   10.16   16.72   15.4   13.72   14.63   14.62   17.27   14.56   13.25   17.63   13.94   9.71   10.91   13.85   14.4   15.99   16.9   14.73   12.15   14.78   10.26   13.13   10.94   11.33   16.77   16.49   16.39   14.42   15.22   18.47   11.63   18.29   9.78   18.49   17.22   14.18   13.69   16.13   16.75   13.21   16.9   16.99   12.18   16.92   10.77   13.52   17.67   17.48   14.86   13.54   10.32   18.23   15.13   16.53   10.42   11.13   13.53   10.37   18.55   11   16.23   15.81   18.49   10.17   14.96   14.99   9.82   17.29   16.19   18.65   15.44   16.52   17.93   17.41   18.62   10.92   16.14   17.13   11.41   13.47   13.39   12.92   18.17   13.09   11.64   10.87   12.09   15.75    
15.97   15   15.5   11.55   14.24   10.35   15.73   17.88   12.81   9.67   16.74   11.12   10.21   15.68   15.47   12.35   16.47   14.74   12.51   13.59   10.67   13.35   11.64   15.42   9.84   13.3   12.61   12.34   12.81   16.36   15.23   16.81   10.07   13.03   16.73   12.78   13.96   10   11.25   11.53   18.53   14.36   9.94   9.72   16.11   10.99   17.79   13.47   16.27   15.02   12.69   10.01   12.34   17.4   17.85   14.5   14.04   14.58   12.61   9.85   18.57   13.25   18.47   16.29   11.36   9.94   14.51   17.53   14.51   18.52   9.75   16.68   10.19   17.99   17.67   12.48   11.84   11.81   14.91   14.22   10.32   16.59   11.28   13.5   13.28   16.8   12.98   12.72   13.99   12.68   15.35   10.53   17.14   15.8   16.09   16.69   12.18   10.55   12.55   14.71    
10.38   17.71   16.52   16.31   16.35   17.4   12.46   18.44   15.09   17.18   18.26   15.18   11.96   12.96   10.36   11.84   14.36   12.64   11.12   12.42   15.43   12.37   14.48   15.2   16.35   11.46   13.95   10.61   14.53   11.41   14.73   17.77   12.3   17.16   11.63   14.14   9.66   13.39   14.84   12.95   17.48   15.78   14.21   15.63   18.44   15.5   18.66   11.91   12.05   16.82   15.95   18.65   16.55   13.39   16.56   11.73   18.38   12.27   18.08   14.94   15.05   14.75   17.23   18.18   14.65   17.61   15.15   16.31   10.4   16.66   15.85   13.84   12.12   12.61   17.78   13.68   16.21   10.05   16.85   17.28   14.29   9.62   11.69   17.98   13.29   11.59   11.17   14.78   12.25   12.57   16.9   10.18   17.82   13.65   17.15   10.39   16.57   12.5   10.3   18.57    

Physical Properties by Parcel
5.4   5.5   5.3   5.3   5.5   5.2   5.3   5.4   5.6   5.3   5.3   5.2   5.3   5.3   5.6   5.4   5.6   5.4   5.4   5.5   5.4   5.4   5.3   5.2   5.5   5.4   5.3   5.3   5.5   5.4   5.5   5.5   5.3   5.2   5.2   5.6   5.3   5.3   5.5   5.3   5.6   5.3   5.5   5.6   5.3   5.5   5.6   5.5   5.5   5.2   5.3   5.4   5.5   5.3   5.4   5.3   5.6   5.5   5.4   5.5   5.5   5.4   5.6   5.5   5.3   5.4   5.5   5.3   5.4   5.6   5.5   5.4   5.3   5.5   5.2   5.4   5.3   5.6   5.4   5.4   5.4   5.4   5.2   5.3   5.6   5.6   5.4   5.5   5.3   5.6   5.5   5.4   5.3   5.5   5.4   5.2   5.5   5.5   5.5   5.4    
5.4   5.4   5.6   5.4   5.3   5.4   5.2   5.5   5.5   5.6   5.4   5.5   5.3   5.6   5.5   5.5   5.5   5.4   5.4   5.4   5.5   5.5   5.2   5.3   5.3   5.4   5.6   5.5   5.6   5.6   5.6   5.4   5.3   5.4   5.6   5.2   5.3   5.3   5.2   5.5   5.6   5.3   5.4   5.5   5.5   5.6   5.5   5.2   5.3   5.4   5.5   5.2   5.3   5.5   5.4   5.4   5.5   5.3   5.2   5.6   5.4   5.4   5.6   5.4   5.4   5.5   5.4   5.3   5.6   5.5   5.2   5.4   5.3   5.5   5.3   5.3   5.6   5.3   5.2   5.3   5.3   5.2   5.4   5.5   5.5   5.3   5.4   5.5   5.5   5.6   5.3   5.4   5.5   5.3   5.4   5.4   5.4   5.2   5.3   5.3    
5.3   5.5   5.4   5.6   5.3   5.2   5.3   5.5   5.4   5.5   5.3   5.4   5.4   5.5   5.5   5.2   5.2   5.4   5.6   5.4   5.2   5.6   5.5   5.4   5.6   5.3   5.6   5.3   5.5   5.3   5.6   5.6   5.2   5.3   5.6   5.3   5.3   5.4   5.3   5.5   5.2   5.3   5.4   5.5   5.3   5.3   5.4   5.5   5.6   5.4   5.3   5.4   5.4   5.4   5.4   5.2   5.4   5.6   5.3   5.2   5.3   5.5   5.6   5.3   5.4   5.6   5.3   5.4   5.5   5.2   5.6   5.6   5.4   5.4   5.3   5.6   5.3   5.4   5.3   5.2   5.5   5.3   5.3   5.6   5.2   5.3   5.5   5.3   5.3   5.3   5.6   5.5   5.6   5.6   5.3   5.5   5.2   5.4   5.2   5.5    
5.5   5.3   5.2   5.4   5.5   5.2   5.4   5.3   5.4   5.4   5.5   5.5   5.5   5.3   5.4   5.5   5.5   5.2   5.4   5.5   5.2   5.6   5.5   5.5   5.5   5.6   5.3   5.4   5.2   5.5   5.6   5.5   5.4   5.3   5.6   5.2   5.6   5.2   5.2   5.4   5.5   5.4   5.4   5.3   5.5   5.3   5.5   5.3   5.3   5.3   5.3   5.3   5.5   5.5   5.3   5.5   5.5   5.3   5.5   5.4   5.2   5.4   5.4   5.5   5.3   5.3   5.5   5.4   5.4   5.2   5.5   5.5   5.2   5.5   5.4   5.3   5.5   5.3   5.4   5.6   5.4   5.3   5.5   5.2   5.3   5.5   5.2   5.5   5.4   5.6   5.3   5.3   5.3   5.5   5.5   5.5   5.4   5.5   5.4   5.5    
5.6   5.6   5.3   5.3   5.3   5.5   5.2   5.2   5.2   5.5   5.4   5.3   5.4   5.4   5.4   5.5   5.4   5.3   5.6   5.6   5.3   5.3   5.6   5.3   5.3   5.5   5.5   5.5   5.6   5.2   5.4   5.6   5.4   5.4   5.2   5.6   5.2   5.4   5.3   5.4   5.4   5.6   5.4   5.6   5.3   5.6   5.4   5.6   5.4   5.4   5.4   5.3   5.4   5.5   5.4   5.5   5.4   5.5   5.5   5.6   5.4   5.3   5.5   5.3   5.5   5.4   5.6   5.5   5.5   5.4   5.2   5.4   5.3   5.3   5.2   5.3   5.4   5.6   5.6   5.2   5.6   5.5   5.4   5.5   5.4   5.4   5.5   5.4   5.3   5.3   5.2   5.2   5.6   5.5   5.4   5.3   5.5   5.4   5.4   5.5    
5.5   5.5   5.5   5.3   5.5   5.4   5.5   5.3   5.3   5.5   5.6   5.5   5.2   5.3   5.4   5.4   5.3   5.6   5.3   5.3   5.5   5.3   5.3   5.4   5.4   5.5   5.2   5.5   5.4   5.4   5.3   5.2   5.4   5.6   5.5   5.3   5.4   5.4   5.3   5.6   5.4   5.6   5.5   5.3   5.3   5.5   5.3   5.5   5.3   5.3   5.4   5.6   5.5   5.4   5.3   5.5   5.4   5.4   5.3   5.5   5.6   5.4   5.2   5.5   5.5   5.2   5.5   5.4   5.5   5.3   5.4   5.3   5.5   5.4   5.3   5.4   5.2   5.5   5.2   5.6   5.5   5.4   5.4   5.5   5.4   5.4   5.5   5.4   5.4   5.4   5.4   5.3   5.5   5.5   5.4   5.4   5.3   5.4   5.3   5.6    
5.5   5.3   5.5   5.3   5.3   5.5   5.2   5.6   5.5   5.2   5.2   5.5   5.3   5.3   5.4   5.5   5.4   5.4   5.2   5.3   5.2   5.5   5.6   5.5   5.2   5.4   5.3   5.5   5.5   5.4   5.3   5.6   5.3   5.4   5.5   5.5   5.5   5.2   5.6   5.6   5.6   5.5   5.4   5.5   5.3   5.5   5.4   5.5   5.2   5.5   5.3   5.3   5.3   5.4   5.5   5.4   5.4   5.3   5.2   5.3   5.4   5.3   5.6   5.3   5.5   5.4   5.4   5.3   5.4   5.5   5.3   5.3   5.5   5.3   5.4   5.2   5.3   5.3   5.5   5.2   5.4   5.4   5.4   5.5   5.5   5.4   5.5   5.3   5.3   5.5   5.4   5.3   5.4   5.3   5.4   5.3   5.3   5.3   5.3   5.4    

Ha by Parcels
5   6   6   5   6   7   6   

Cost of m3 in each parcel
2.09   1.85   1.93   1.93   2.09   2.07   2.17   