Instance: 52
width: 10
long: 10
Parcels: 7
Crops: 19
Water: 276000

Chemical Properties by Parcel
17.58   14   11.58   12.25   13.48   13.12   10.5   10.63   16.93   18.34   14.09   17.23   10.99   15.1   16.47   16.13   16.66   11.47   16.82   12.65   18.56   15.46   14.38   11.85   11.16   14.73   14.89   17.59   10.78   13.13   11.95   15.54   15.46   14.9   16.13   13.19   12.4   11.18   13.65   18.35   15.14   14.26   18.24   10.86   11.92   12.24   16.13   16.69   16.43   16.93   13.39   11.35   11.65   13.97   12.76   16.79   14.29   15.25   10.95   18.41   14.02   13.6   16.4   11.93   15.2   12.48   14.75   16   17.07   12.48   18.43   14.32   14.44   18.3   18.51   18.38   9.86   11.55   11.52   14.11   9.68   16.93   10.43   10.94   13.47   15.86   12.36   11.26   14.66   17.19   14.09   18.48   12.7   11.83   11.62   11.02   18.24   11.56   11.13   18.7    
14.9   10.22   16.25   17.09   18.61   10.5   10.77   13.33   10.9   10.95   16.04   16.3   11.63   18.53   11.78   12.33   12.31   16.04   13.71   16.31   9.79   15.8   12.78   17.22   14.94   15.36   16.89   16.97   18.07   10.19   12.92   16.86   11.3   17.69   12.89   15.46   13.13   12.53   11.51   17.86   13.4   9.78   9.61   10.77   11.58   13.91   12.57   12.75   11.77   15.48   12.84   17.42   10.87   17.49   11.14   11.86   16.41   18.42   12.58   15.36   11.97   15.79   16.04   11.41   15.88   12.01   14.88   18.25   14.86   13.38   18.08   16.32   18.18   13.15   10.04   14.29   14   13.3   12.71   17.42   9.88   12.15   13.49   16.28   11.91   12.46   13.74   14.21   15.19   13.65   15.82   11.56   14.72   15.3   12.4   10.34   18.68   13.93   14.54   12.1    
18.22   18.09   15.29   14.53   9.62   13.48   13.46   14.71   18.16   17.51   14.88   17.69   17.08   17.7   16.62   16.91   17.48   15.48   10.41   12.71   9.83   10.4   11.82   15.84   17.06   13.93   9.76   16.91   13.3   10.93   18.38   12.68   17.93   14.37   12.97   16.47   9.8   13.18   13.67   16.16   16.69   13.31   16.84   16.47   15.92   17.43   10.49   10.65   10.1   15.94   10.33   18.16   14.25   16.72   16.07   15.41   17.8   13.38   15.55   14.41   12.58   10.49   18.45   16.25   14.07   14.53   10.36   12.43   11.99   18.22   18.33   15.63   14.29   14.2   14.88   11.05   11.44   11.19   15.42   9.9   15.79   15.88   14.09   14.37   12.29   17.14   12.96   12.03   11.48   18.07   17.01   18.08   13.8   15.6   13.23   10.68   12.61   9.77   15.72   14.07    
12.93   11.16   16.92   11.37   17.27   13.09   14.16   12.93   16.9   12.66   13.22   15.58   11.74   12.98   14.47   16.51   15.29   12.79   13.18   10.08   13.28   12.3   18.38   12.9   15.51   12.17   10.42   18.55   9.99   14.85   9.89   18.17   10.27   9.85   12.36   14.21   14.03   16.04   16.4   18.38   18.63   16.94   17.46   15.32   11.52   16.57   13.12   10.56   17.67   15.72   10.66   16.99   12.61   17.81   18.64   16.33   10.79   9.64   13.47   13.88   10.52   17.32   17.54   13.64   14.05   9.7   15.67   13.9   13.44   13.37   10.48   14.17   15.21   11.65   16.28   15.4   12.59   18.58   9.66   13.23   14.67   9.72   9.91   11.79   14.14   9.88   16   12.52   11.87   10.2   18.65   14.23   16.46   14.96   14.69   15.6   9.76   17.82   14.63   10.71    
16.04   14.24   10.33   13   15.65   16.09   14.08   12.48   14.6   11.14   10.01   11   16.9   12.97   17.03   18.36   11.9   15.4   13.33   11.85   13.71   10.79   17.85   10.32   11.86   10.67   10.2   14.03   15.2   14.04   16.73   10.51   16.28   14.32   16.79   9.91   12.44   17.69   15.15   9.93   11.18   18.23   16.47   17.57   10.29   11.7   11.32   18.52   16.84   11.61   9.79   12.61   13.73   12.94   13.84   15.05   10.47   12.79   9.96   14.54   14.27   15.08   9.81   15.43   12.63   10.14   11   18.57   12.64   11.36   14.94   13.49   9.91   12.04   10.47   18.34   14.26   17.38   14.36   12.92   14.05   15.08   14.04   10.48   15.59   11.86   12.67   13.53   11.94   17.7   12.75   17.35   17.81   14.09   11.21   15.86   15.61   15.64   14.84   9.7    
12.6   16.62   12.21   15.6   13.88   11.32   16.57   12.08   16.19   13.2   14.06   12.45   11.57   12.57   16.15   16.95   13.49   17.39   17.7   12.02   13.16   11.37   13.57   11.38   10.98   14.37   17.55   17.46   13.81   17.71   10.71   12.51   16.38   12.77   10.41   15.54   12.21   12.71   14.11   14.3   15.96   12.85   18.28   17.65   15.18   16.9   12.29   10.28   15.46   11.02   10.97   9.7   14.89   12.82   16.65   16.32   17.36   13.51   10.76   11.33   11.61   13.3   11.42   11.44   16.32   13.6   15.03   16.71   18.26   11.44   12.84   15.21   12.81   14.4   9.94   17.31   10.37   12.37   9.98   10.34   17.71   15.16   11.37   15.56   12.53   10.59   14.8   11   11.31   15.84   14.86   11.18   11.94   12.7   12.12   12.7   11.57   12.58   18.38   14.83    
9.64   15.1   15   11.33   17.75   16.28   9.94   15.19   15.19   17.42   10.3   14.17   11.22   16.25   9.79   11.81   14.01   13.9   10.16   14.83   13.09   12.75   18.49   13.9   9.68   16.56   10.38   12.27   12.8   14.74   13.69   11.1   10.47   14.26   12.58   15.29   15.85   10.28   17.57   14.27   15.69   13.59   10.56   10.62   11.94   16.59   10.35   14.48   11.14   16.21   13.06   13.02   15.96   11.76   16.75   14.91   10.06   14.22   11.89   15.22   17.91   12.17   10.47   17.16   12.21   12.96   13.78   10.63   14.75   13.25   9.67   16.72   17.45   17.35   17.66   16.16   14.96   12.32   17.92   16.61   12.16   18.21   10.07   12.99   15.79   13.07   10.44   13.75   10.15   15.05   15.25   14.89   16.92   11.96   11.55   12.59   11.73   11.5   17.75   18.13    

Physical Properties by Parcel
5.5   5.3   5.5   5.3   5.5   5.3   5.3   5.4   5.3   5.5   5.6   5.5   5.4   5.3   5.6   5.5   5.4   5.3   5.3   5.5   5.5   5.2   5.2   5.4   5.3   5.2   5.3   5.4   5.4   5.2   5.4   5.4   5.3   5.3   5.5   5.4   5.3   5.3   5.3   5.2   5.5   5.6   5.4   5.3   5.4   5.4   5.2   5.2   5.3   5.4   5.5   5.4   5.4   5.6   5.4   5.4   5.3   5.2   5.4   5.6   5.2   5.6   5.3   5.5   5.3   5.4   5.3   5.5   5.5   5.4   5.5   5.3   5.5   5.3   5.2   5.6   5.5   5.5   5.3   5.3   5.3   5.5   5.2   5.4   5.4   5.3   5.2   5.3   5.2   5.2   5.4   5.4   5.3   5.6   5.2   5.3   5.2   5.3   5.4   5.3    
5.3   5.4   5.5   5.5   5.4   5.6   5.2   5.5   5.3   5.2   5.4   5.6   5.4   5.2   5.4   5.3   5.6   5.2   5.3   5.4   5.5   5.4   5.4   5.3   5.5   5.2   5.5   5.3   5.5   5.4   5.3   5.2   5.6   5.4   5.5   5.4   5.4   5.6   5.5   5.4   5.3   5.5   5.4   5.2   5.2   5.4   5.3   5.4   5.4   5.4   5.3   5.5   5.5   5.4   5.2   5.5   5.3   5.3   5.3   5.6   5.4   5.5   5.5   5.6   5.5   5.4   5.2   5.2   5.4   5.4   5.5   5.5   5.5   5.3   5.3   5.3   5.3   5.3   5.2   5.4   5.3   5.3   5.5   5.4   5.5   5.3   5.4   5.4   5.4   5.4   5.5   5.5   5.3   5.6   5.3   5.5   5.3   5.5   5.4   5.4    
5.2   5.4   5.4   5.3   5.3   5.3   5.5   5.4   5.3   5.2   5.3   5.4   5.3   5.5   5.2   5.5   5.4   5.6   5.4   5.5   5.3   5.3   5.4   5.5   5.4   5.3   5.3   5.2   5.3   5.6   5.6   5.3   5.2   5.2   5.2   5.3   5.3   5.3   5.5   5.2   5.3   5.3   5.3   5.4   5.5   5.5   5.5   5.2   5.4   5.3   5.6   5.6   5.5   5.2   5.2   5.3   5.3   5.3   5.4   5.5   5.3   5.3   5.3   5.4   5.5   5.6   5.2   5.2   5.5   5.4   5.4   5.4   5.3   5.5   5.3   5.4   5.6   5.3   5.5   5.4   5.4   5.3   5.4   5.2   5.2   5.2   5.2   5.5   5.4   5.5   5.5   5.5   5.5   5.5   5.3   5.5   5.3   5.4   5.6   5.5    
5.3   5.3   5.4   5.6   5.4   5.4   5.5   5.6   5.5   5.4   5.6   5.3   5.3   5.3   5.5   5.6   5.5   5.4   5.4   5.4   5.5   5.6   5.2   5.5   5.5   5.3   5.3   5.5   5.4   5.5   5.2   5.5   5.4   5.2   5.5   5.4   5.3   5.4   5.4   5.5   5.5   5.4   5.3   5.5   5.2   5.2   5.6   5.2   5.3   5.3   5.2   5.4   5.5   5.4   5.3   5.3   5.6   5.3   5.5   5.3   5.2   5.4   5.5   5.3   5.6   5.3   5.4   5.6   5.3   5.2   5.3   5.5   5.4   5.3   5.5   5.4   5.3   5.4   5.4   5.4   5.4   5.3   5.5   5.3   5.2   5.2   5.3   5.4   5.4   5.3   5.5   5.4   5.6   5.5   5.4   5.6   5.3   5.6   5.3   5.2    
5.3   5.5   5.2   5.4   5.5   5.5   5.3   5.3   5.4   5.3   5.5   5.6   5.6   5.5   5.5   5.2   5.4   5.6   5.3   5.6   5.5   5.4   5.2   5.5   5.3   5.2   5.6   5.3   5.3   5.6   5.6   5.3   5.6   5.3   5.6   5.2   5.3   5.2   5.5   5.5   5.4   5.5   5.2   5.2   5.4   5.4   5.4   5.3   5.4   5.5   5.4   5.4   5.5   5.3   5.5   5.2   5.2   5.5   5.2   5.4   5.4   5.4   5.4   5.6   5.4   5.6   5.4   5.2   5.4   5.2   5.5   5.2   5.2   5.3   5.6   5.5   5.4   5.5   5.3   5.5   5.2   5.3   5.4   5.6   5.3   5.3   5.6   5.5   5.5   5.4   5.4   5.6   5.5   5.3   5.3   5.3   5.4   5.3   5.6   5.4    
5.3   5.2   5.5   5.4   5.4   5.4   5.6   5.5   5.5   5.5   5.5   5.3   5.4   5.4   5.5   5.2   5.3   5.5   5.2   5.4   5.3   5.4   5.4   5.5   5.4   5.5   5.4   5.4   5.5   5.2   5.6   5.5   5.2   5.5   5.3   5.4   5.6   5.3   5.3   5.2   5.6   5.6   5.3   5.5   5.4   5.4   5.5   5.4   5.3   5.4   5.3   5.3   5.5   5.5   5.5   5.4   5.4   5.5   5.4   5.3   5.4   5.4   5.4   5.6   5.5   5.4   5.3   5.6   5.4   5.5   5.3   5.2   5.5   5.5   5.2   5.5   5.5   5.4   5.4   5.3   5.5   5.4   5.4   5.3   5.4   5.5   5.3   5.2   5.4   5.3   5.6   5.3   5.5   5.4   5.4   5.5   5.5   5.3   5.4   5.4    
5.3   5.4   5.5   5.5   5.5   5.3   5.4   5.3   5.3   5.2   5.5   5.2   5.4   5.3   5.5   5.5   5.5   5.5   5.5   5.2   5.2   5.3   5.6   5.3   5.5   5.3   5.2   5.5   5.6   5.5   5.3   5.3   5.4   5.3   5.4   5.6   5.4   5.3   5.3   5.6   5.2   5.5   5.6   5.4   5.3   5.3   5.4   5.4   5.4   5.3   5.5   5.4   5.5   5.2   5.4   5.3   5.6   5.3   5.5   5.3   5.5   5.4   5.3   5.5   5.4   5.4   5.4   5.4   5.2   5.6   5.4   5.5   5.4   5.3   5.3   5.5   5.4   5.6   5.2   5.3   5.6   5.2   5.3   5.3   5.3   5.4   5.2   5.5   5.2   5.3   5.5   5.4   5.3   5.2   5.4   5.6   5.3   5.4   5.5   5.5    

Ha by Parcels
7   6   7   7   6   6   7   

Cost of m3 in each parcel
1.83   2.14   1.86   2.05   2.11   2.06   2.02   