Instance: 53
width: 10
long: 10
Parcels: 7
Crops: 19
Water: 246000

Chemical Properties by Parcel
17.83   10.75   13.96   16.95   12.79   10.26   9.93   11.38   11.92   13.22   11.38   14.72   17.53   15.56   12.89   14.21   18.35   17.51   14.31   17.71   14.14   13.53   14.64   17.41   15.26   11.77   17.3   10.43   17.25   10.33   10.37   12.66   13.97   12.19   12.77   11.08   13.2   15.11   13.59   18.53   17.93   12.92   13.74   12.42   10.08   17.24   15.25   12.21   18.25   17.88   12.92   13.59   14.98   18.18   15.49   15.94   16.4   18.11   14.52   15.6   11.27   17.83   10.08   10.61   10.6   14.42   11.52   16.75   17.69   9.97   13.12   13.08   18.54   12.89   17.54   17.17   11.05   14.12   16.09   17.01   18.23   11.21   16.73   14.32   12.67   16.39   10.64   15.66   16.27   12.35   13.89   16.59   11.02   10.42   11.28   15.51   15.99   10.87   11.65   11.47    
14.48   13.49   12.89   15.69   15.11   15.61   15.05   13.31   12.3   10.69   17.42   18.26   18.08   15.63   10.89   15.27   15.15   16.85   14   15.27   16.83   18.23   11.09   13.42   10.82   18.53   11.06   13.22   14.57   18.3   17.33   16.33   14.54   10.97   18.34   14.8   16.96   12.56   16.67   12.8   9.85   11.75   14.99   14.28   18.38   13.26   13.35   12.83   16.81   10.69   17.85   11.2   15.67   16.26   15.18   15.74   14.69   10.86   13.18   14.93   12.61   14.76   10.78   14.76   10.18   14.9   15.83   12.76   15.41   12.87   10.51   10.62   14.7   11.36   10.07   10.93   9.96   12.03   14.63   16.18   12.48   15.67   17.86   11.83   11.82   15.51   17.89   15.39   10.64   10.99   12.38   18.54   16.28   14.78   14   13.42   16.47   16.45   13.6   12.14    
18.46   13.87   14.63   9.8   10.91   10.78   12.43   16.78   18.44   14.22   17.23   13.87   13.18   10.59   15.82   11.71   13.81   10.37   13.77   10.1   16.92   17.53   17.91   14.1   12.5   10.34   12.08   15.92   10.81   15.49   16.94   15.58   16.92   11.47   15.61   16.47   16.66   16.37   18.12   14.16   10.28   14.07   9.74   14.68   12.06   10.07   10.88   9.69   15.74   16.9   11.83   17.58   16.84   14.45   9.82   17.56   9.97   12.62   12.08   13.59   15.69   16.27   13.75   18.55   18.69   10.51   14.52   13.45   17.36   12.08   10.25   18.08   12.03   13.73   14.18   18.37   13.64   12.8   16.63   14.31   18.27   14.79   10.79   15.5   11.28   11.86   11.63   11.78   10.1   18.28   13.35   9.73   18.31   17.05   12.86   16.91   18.36   18.11   17.32   10.11    
17.55   15.19   18.3   11.22   18.31   16.14   17.07   12.26   16.28   12.17   16.01   11.14   16.64   13.26   17.61   12.32   15.67   10.71   16.61   16.21   12.75   13.75   17.8   11.28   15.68   15.49   10.54   14.09   11.79   15.86   18.41   11.37   14.13   10.32   14.58   13.64   9.92   17.38   12.4   11   11.25   17.23   12.65   13.06   17.14   11.13   16.75   18.39   14.25   10.08   14.97   13.52   16.26   16.82   13.3   10.62   14.54   10.04   17.12   14.64   12.99   12.76   17.06   10.97   10.52   17.41   13.68   9.91   13.18   13.25   16.98   11.59   12.08   16.12   11.89   18.57   18.27   18.51   16.96   14.43   17.9   14.71   17.99   17.34   11.65   10.12   13.08   17.63   10.87   14.47   14.49   17.78   17.8   10.21   16.35   10.92   17.24   13.98   10.18   16.23    
11.74   16.57   11.08   13.67   17.42   16.57   16.89   17.47   17.39   12.1   9.84   11.26   11.17   16.57   13.99   12.14   16.27   16.68   15.17   15.44   15.45   12.42   14   17.58   15.43   13.77   17.5   13.98   16.88   12.41   14.8   17.37   14.05   10.32   9.67   14.71   14.74   14.18   9.88   17.4   17.18   13.96   9.69   13.65   16.4   18.31   11.06   14.07   12.93   10.31   10.68   17.76   14.6   14.76   16.65   16.97   13.44   12.99   12.74   13.14   10.19   14.67   16.02   17.08   13.94   13.58   18.38   14.98   16.65   18.49   12.31   18.59   15.48   13.46   9.78   17.61   10.08   11.48   17.92   16.19   11.29   10.2   17.02   17.19   15.64   13.73   13.53   17.76   18.64   11.14   13.48   16.28   11.99   11.91   16.37   12.57   10.56   10.72   11.33   10.21    
11.95   12.22   11.43   13.18   11.51   9.78   14.11   12.28   13.25   9.67   10.51   9.79   17.4   18.54   13.17   16.41   10.6   11.12   11.96   10.78   12.03   10.06   16.89   11.23   12.72   13.23   12.16   13.41   17.23   14.34   12.62   11.99   14.78   16.77   13.29   15.65   16.33   13.19   13.98   9.64   12.11   13.02   9.73   11.65   13.26   17.56   10.87   11.74   13.85   15.56   10.76   14.46   9.81   17.5   10.38   10.66   11.04   10.23   17.89   15.09   10.22   14.01   14.07   15.4   17.66   14.33   11.1   14.35   16.54   14.48   13.39   10.64   11.39   17.41   17.19   18.34   15.1   9.98   12.45   15.9   11.03   13.14   14.19   15.65   17.36   16.13   14.36   17.29   17.32   12.98   17.78   18.33   9.9   14.04   16.7   17.55   17.47   14.29   13.1   11.84    
16.04   13.31   17.05   14.03   13.86   14.22   15.26   9.73   12.5   17.82   17.23   13.26   12.29   16.9   17.89   10.79   14.33   10.95   10.21   12.64   11   16.58   17.72   10.17   15.1   16.47   11.07   16.92   18.45   10.67   17.96   11.84   16.52   15.65   16.87   12.25   17.07   10.94   15.16   12.55   14.72   15.51   11.11   16.2   13.3   11.68   12.82   15.42   13.97   16.93   13.89   18.6   14.88   12.41   16.87   16.33   12.97   10.15   13.55   13.41   17.19   13.41   12.9   17.57   18.53   15.68   16.81   12.37   16.86   11.07   16.21   14.17   13.71   16.07   16.86   13.14   16.37   11.63   12.68   16.64   17   15.05   16.13   12.95   10.38   17.48   17.9   10.07   14.01   14.81   12.67   13.15   17.57   13.5   18.03   13.22   16.67   11.39   13.75   14.67    

Physical Properties by Parcel
5.3   5.5   5.3   5.2   5.4   5.5   5.4   5.4   5.3   5.2   5.2   5.2   5.6   5.3   5.4   5.4   5.4   5.5   5.4   5.4   5.3   5.2   5.4   5.5   5.2   5.4   5.5   5.3   5.4   5.2   5.4   5.2   5.3   5.4   5.6   5.4   5.5   5.6   5.4   5.5   5.5   5.2   5.4   5.2   5.3   5.5   5.3   5.4   5.6   5.3   5.4   5.5   5.4   5.3   5.5   5.4   5.2   5.5   5.2   5.3   5.5   5.6   5.4   5.6   5.4   5.3   5.4   5.4   5.2   5.4   5.2   5.5   5.3   5.4   5.2   5.3   5.2   5.4   5.2   5.3   5.3   5.4   5.2   5.2   5.6   5.3   5.4   5.5   5.3   5.4   5.6   5.5   5.5   5.5   5.2   5.2   5.2   5.4   5.4   5.4    
5.4   5.5   5.4   5.2   5.4   5.4   5.5   5.3   5.6   5.5   5.3   5.5   5.2   5.5   5.4   5.3   5.4   5.3   5.4   5.4   5.6   5.3   5.4   5.2   5.5   5.3   5.6   5.4   5.5   5.5   5.5   5.2   5.5   5.2   5.4   5.6   5.4   5.4   5.5   5.4   5.3   5.6   5.4   5.3   5.4   5.5   5.2   5.5   5.4   5.4   5.3   5.5   5.4   5.6   5.2   5.6   5.4   5.2   5.5   5.4   5.4   5.5   5.5   5.4   5.2   5.4   5.5   5.3   5.3   5.6   5.3   5.4   5.3   5.6   5.5   5.4   5.4   5.3   5.5   5.6   5.3   5.5   5.5   5.4   5.5   5.3   5.4   5.2   5.3   5.3   5.3   5.5   5.3   5.3   5.3   5.5   5.5   5.4   5.5   5.3    
5.4   5.5   5.4   5.6   5.5   5.4   5.3   5.6   5.6   5.5   5.4   5.4   5.3   5.4   5.4   5.5   5.3   5.2   5.3   5.5   5.4   5.3   5.6   5.5   5.6   5.4   5.6   5.6   5.4   5.3   5.4   5.5   5.3   5.4   5.4   5.3   5.4   5.4   5.5   5.3   5.5   5.4   5.6   5.2   5.5   5.5   5.2   5.5   5.4   5.5   5.4   5.4   5.4   5.3   5.5   5.6   5.3   5.4   5.3   5.5   5.4   5.3   5.4   5.5   5.4   5.3   5.3   5.5   5.4   5.5   5.2   5.4   5.5   5.6   5.6   5.2   5.3   5.3   5.3   5.3   5.6   5.6   5.3   5.6   5.5   5.4   5.5   5.5   5.3   5.5   5.3   5.6   5.3   5.4   5.3   5.5   5.6   5.4   5.3   5.4    
5.6   5.6   5.5   5.5   5.5   5.3   5.5   5.6   5.3   5.6   5.4   5.4   5.4   5.4   5.4   5.4   5.5   5.3   5.3   5.3   5.2   5.4   5.2   5.5   5.6   5.5   5.4   5.3   5.4   5.3   5.4   5.4   5.3   5.5   5.5   5.3   5.2   5.4   5.4   5.3   5.6   5.3   5.4   5.4   5.4   5.5   5.5   5.6   5.5   5.3   5.5   5.2   5.3   5.6   5.6   5.5   5.3   5.4   5.6   5.3   5.3   5.6   5.3   5.4   5.5   5.2   5.3   5.5   5.3   5.2   5.3   5.4   5.5   5.3   5.3   5.3   5.3   5.3   5.6   5.4   5.2   5.2   5.4   5.5   5.5   5.3   5.6   5.4   5.4   5.5   5.3   5.3   5.2   5.6   5.4   5.3   5.5   5.5   5.3   5.4    
5.3   5.4   5.3   5.4   5.4   5.4   5.2   5.5   5.3   5.3   5.3   5.2   5.3   5.4   5.5   5.5   5.5   5.3   5.3   5.5   5.2   5.3   5.6   5.6   5.5   5.4   5.4   5.6   5.6   5.4   5.2   5.3   5.6   5.5   5.4   5.4   5.2   5.6   5.5   5.6   5.5   5.5   5.5   5.5   5.5   5.4   5.4   5.5   5.5   5.4   5.6   5.5   5.4   5.5   5.5   5.4   5.3   5.5   5.3   5.3   5.4   5.2   5.5   5.3   5.3   5.3   5.4   5.2   5.3   5.3   5.5   5.2   5.3   5.2   5.6   5.4   5.6   5.4   5.2   5.3   5.6   5.5   5.4   5.6   5.5   5.2   5.4   5.6   5.4   5.2   5.3   5.4   5.3   5.3   5.5   5.4   5.3   5.3   5.3   5.5    
5.2   5.3   5.2   5.6   5.4   5.5   5.5   5.4   5.3   5.5   5.5   5.5   5.3   5.3   5.4   5.3   5.5   5.2   5.5   5.3   5.3   5.5   5.3   5.5   5.6   5.6   5.5   5.5   5.5   5.3   5.5   5.3   5.3   5.5   5.3   5.5   5.3   5.5   5.3   5.4   5.5   5.5   5.3   5.5   5.4   5.2   5.5   5.5   5.5   5.4   5.2   5.3   5.5   5.3   5.5   5.6   5.4   5.5   5.3   5.4   5.5   5.2   5.3   5.5   5.3   5.5   5.5   5.4   5.4   5.5   5.4   5.6   5.4   5.4   5.3   5.5   5.4   5.4   5.6   5.4   5.3   5.6   5.3   5.3   5.4   5.4   5.5   5.6   5.6   5.4   5.3   5.5   5.6   5.3   5.6   5.2   5.2   5.4   5.3   5.3    
5.3   5.5   5.3   5.3   5.3   5.3   5.3   5.4   5.3   5.3   5.4   5.4   5.3   5.3   5.5   5.4   5.5   5.5   5.3   5.2   5.2   5.3   5.2   5.2   5.3   5.3   5.6   5.4   5.4   5.3   5.4   5.5   5.2   5.6   5.6   5.3   5.6   5.4   5.2   5.2   5.5   5.2   5.3   5.5   5.4   5.4   5.3   5.4   5.3   5.5   5.5   5.2   5.2   5.3   5.5   5.6   5.5   5.2   5.4   5.6   5.5   5.4   5.3   5.4   5.3   5.5   5.2   5.3   5.5   5.4   5.4   5.4   5.5   5.4   5.5   5.4   5.4   5.3   5.4   5.4   5.5   5.4   5.3   5.4   5.3   5.5   5.4   5.2   5.3   5.3   5.4   5.4   5.3   5.3   5.3   5.3   5.4   5.4   5.5   5.5    

Ha by Parcels
6   5   5   5   7   7   6   

Cost of m3 in each parcel
1.92   1.86   1.92   2.2   1.96   2.19   2.19   