Instance: 56
width: 10
long: 10
Parcels: 7
Crops: 19
Water: 246000

Chemical Properties by Parcel
17.16   10.08   16.06   16.07   18.47   17.07   10.07   18.6   13.95   14.57   13.42   14.22   12.44   10.78   15.71   18.7   12.67   16.84   15.91   10.74   15.4   10.62   12.74   15.18   10.43   11.89   15.71   15.49   11.46   14.26   12.75   14.27   11.3   10.27   13.08   14.01   12.15   9.82   10.37   18.37   12.67   15.24   11.86   17.56   15.51   16.88   15.2   12.36   9.81   18.28   14.87   13.11   10.6   18.14   10.8   13.7   18.58   12.71   10.29   13.34   18.5   18.67   13.87   13.27   16.33   16.45   12.63   15.75   14.91   14   15.08   16.28   10.13   12.86   12.61   16.24   16.64   12.86   10.92   10.49   13.99   9.92   18.2   13.72   13.32   14.48   17.39   16.2   17.08   17.45   13.59   14.63   17.49   13.11   10.8   18.01   15.48   15.24   18.39   10.19    
14.24   14.9   16.85   12.27   10.27   17.37   12.71   17.2   11.13   15.66   17.56   14.8   11.4   10.6   11.33   18.12   13.46   16.13   16.45   12.74   11.09   17.37   14.41   16.06   11.79   12.87   10.18   11.49   15.88   13.56   16.98   12.24   16.1   16.79   16.05   18.31   17.64   9.85   9.69   12   14.96   12.22   12.84   10.45   16.37   10.85   10.61   11.14   16.36   16.05   18.11   12.52   15.6   10.47   15.22   9.6   15.98   18.59   10.93   10.02   17.88   14.74   10.03   15.99   10.72   15.39   18.26   17.6   11.12   9.9   13.54   15.73   12.46   11.83   10.33   10.8   18.61   12.48   17.12   12.03   16.14   18.53   14.4   12.53   12.61   10.14   16.79   12.22   13.41   10.45   10.07   15.67   9.9   11.76   17.84   14.09   15.44   13.28   15.8   14.98    
12.05   10.47   11.89   17.05   11.47   11.59   12.71   13.49   18.64   11.97   11.93   17.02   15.82   17.59   14.92   14.39   16   15.09   12.34   18.29   18.12   15.08   13.83   11.73   10.01   15.94   11.2   13.01   10.08   15.29   16.66   15.62   11.19   14.72   12.39   12.23   17.68   17.65   11.46   11.91   12.04   11.24   11.99   14.08   14.7   14.35   17.13   12.13   9.73   18.51   11.92   17.39   18.3   13.08   15.17   12.64   10.69   12.71   15.35   17.14   11.64   14.26   17.93   17.32   16.92   10.56   13.1   18.15   12.18   15.62   18.58   14.83   12.39   10.14   15.47   12.27   12.47   16.74   13.83   10.47   13.03   13.66   11.28   10.29   12.02   14.5   17.6   12.52   16.75   13.8   17.93   10.03   12.79   16.72   10.98   18.62   17.02   16.46   13.17   10.05    
10.44   11.17   16.56   18.04   12.4   14.15   10.53   11.39   17.81   16.51   13.69   9.92   18.68   17.76   9.82   15.08   15.75   18.47   15.98   10.38   18.11   12.45   14.96   18.41   17.73   17.53   17.46   14.52   11.76   17.8   17.23   15.71   18.06   17.13   12.33   17.02   11.05   13.19   10.33   12.23   14.59   10.07   17.68   16.67   15.06   15.06   13.11   10.55   13.28   10.31   14.33   11.84   15.01   17.84   10.47   15.07   14.55   12.07   15.11   14.12   17.1   16.66   12.43   18.4   17.82   12.54   14.77   16.48   10.55   11.93   13.27   15.01   16.95   16.45   12.76   16.01   17.77   13.84   14.22   14.84   13.92   13.33   17.79   18.47   16.9   10.57   9.83   11.52   14.26   18.43   15.94   15.55   10.14   18.28   10.71   14.14   13.42   13.58   11.64   16.7    
11.69   15.45   10.38   15.47   14.02   17.32   16.85   16.67   14.57   14.6   12.24   16.45   14.13   12.35   13.81   11.39   14.47   12.6   11.45   16.43   16.83   9.98   17.33   16.13   13.48   16.85   17.67   18.28   18.03   17.96   17.81   9.67   16.09   18.39   16.8   14.24   18.31   11.77   11.46   17   15.58   14.66   11.96   17.69   18.41   11.96   13.99   13.78   16.72   14.06   9.81   13.18   14.65   15.91   10.52   12.77   13.08   13.18   16.05   15.55   12.6   11.45   14.76   13.8   9.71   10.46   12.58   10.75   13.42   17.87   9.84   17.4   18.67   10.74   16.75   15.04   18.41   17.6   16.59   11.18   17.99   11.61   13.05   15.79   15.37   15.41   16.15   10.74   10.91   17.05   12.26   12.49   10.43   15.65   18.25   9.67   12.17   14.7   10.54   12.13    
11.14   11.32   16.16   16.79   12.14   15.62   11   11.33   11.66   15.26   10.61   10.1   15.75   13.17   15.86   17.87   15.18   12.63   17.52   15.11   10.01   16.21   17.48   12.64   18.33   18.04   15.78   17.74   14.37   16.39   18.16   11.49   14.5   10.43   18.58   10.34   10.9   17.44   11.26   11.65   16.54   10.37   14.2   14.36   12.52   12.43   12.99   14.48   15.84   11.87   16.1   12.18   12.98   15.63   12.43   11.81   14.15   14.18   12.87   15.32   18.66   12.42   12.44   17.79   9.97   17.27   18.24   14.41   16.73   18.5   16.05   9.75   12.18   17.28   11.98   11.02   16.16   11.57   12.73   14.62   17.28   11.04   17.2   13.1   15.78   17.84   10.35   13.45   13.95   9.75   13.96   12.28   18.01   16.45   12.32   18.67   14.9   16.22   16.58   15.66    
13.14   15   15.93   11.24   14.47   14.02   12.15   17.71   11.96   18.58   18.66   12.68   13.13   13.61   13   11.77   17.21   17.83   16.88   16.4   11.38   13.43   16.12   17.38   14.68   14.4   10.24   9.84   15   9.81   9.82   10.41   17.61   18.59   17.83   13.02   13.99   9.99   13.3   10.65   16.66   17.53   10.01   10.27   14.41   18.53   17.44   13.62   11.69   16.15   12.99   18.49   15.64   14.53   16.68   13.22   16.37   14.37   13.32   9.77   14.94   10.8   13.57   15.47   17.24   11.7   17.04   16.07   11.97   12.87   14.2   15.71   14.58   11.77   17.79   15.46   13.36   14.51   14.59   12.29   17.95   17.79   10.53   18.59   9.97   11.3   14.29   11.07   14.29   9.77   14.21   18.58   17.81   14.35   11.88   11.81   17.98   12.83   12.69   13.85    

Physical Properties by Parcel
5.2   5.6   5.6   5.3   5.3   5.2   5.4   5.3   5.3   5.5   5.5   5.4   5.4   5.4   5.6   5.2   5.4   5.6   5.3   5.6   5.4   5.2   5.3   5.3   5.5   5.5   5.5   5.5   5.5   5.4   5.4   5.6   5.6   5.4   5.3   5.6   5.4   5.4   5.5   5.4   5.2   5.5   5.3   5.2   5.5   5.4   5.5   5.4   5.3   5.3   5.5   5.4   5.4   5.4   5.4   5.6   5.3   5.3   5.5   5.5   5.2   5.3   5.5   5.3   5.3   5.3   5.5   5.3   5.6   5.4   5.3   5.3   5.2   5.5   5.5   5.4   5.3   5.6   5.3   5.4   5.3   5.4   5.5   5.4   5.6   5.5   5.4   5.4   5.3   5.5   5.3   5.2   5.4   5.3   5.5   5.2   5.5   5.5   5.5   5.5    
5.3   5.3   5.4   5.6   5.4   5.4   5.4   5.5   5.5   5.6   5.5   5.4   5.5   5.5   5.3   5.2   5.4   5.4   5.4   5.3   5.4   5.4   5.5   5.5   5.4   5.3   5.5   5.3   5.2   5.6   5.5   5.5   5.3   5.4   5.6   5.5   5.4   5.3   5.3   5.5   5.5   5.3   5.5   5.4   5.2   5.6   5.4   5.5   5.2   5.2   5.2   5.3   5.5   5.3   5.4   5.3   5.3   5.3   5.5   5.4   5.2   5.6   5.3   5.5   5.3   5.3   5.5   5.3   5.2   5.6   5.4   5.5   5.6   5.4   5.4   5.3   5.3   5.5   5.6   5.3   5.3   5.3   5.5   5.2   5.3   5.4   5.3   5.4   5.5   5.3   5.2   5.4   5.2   5.4   5.4   5.4   5.3   5.6   5.4   5.5    
5.4   5.4   5.2   5.3   5.2   5.6   5.5   5.4   5.3   5.2   5.5   5.3   5.4   5.2   5.4   5.5   5.3   5.5   5.3   5.3   5.2   5.4   5.3   5.3   5.3   5.6   5.2   5.5   5.5   5.3   5.4   5.2   5.2   5.3   5.6   5.3   5.5   5.3   5.3   5.6   5.4   5.6   5.4   5.2   5.4   5.5   5.3   5.4   5.5   5.4   5.2   5.3   5.5   5.5   5.3   5.4   5.4   5.2   5.3   5.4   5.3   5.3   5.3   5.5   5.5   5.6   5.5   5.3   5.5   5.2   5.3   5.4   5.2   5.3   5.4   5.6   5.2   5.2   5.2   5.2   5.2   5.4   5.5   5.4   5.4   5.3   5.2   5.5   5.2   5.3   5.4   5.3   5.5   5.3   5.2   5.3   5.4   5.6   5.5   5.4    
5.4   5.4   5.3   5.6   5.3   5.3   5.4   5.6   5.5   5.3   5.4   5.3   5.3   5.5   5.6   5.4   5.6   5.5   5.4   5.2   5.3   5.6   5.6   5.2   5.5   5.2   5.4   5.4   5.6   5.5   5.4   5.3   5.5   5.5   5.5   5.2   5.5   5.5   5.4   5.5   5.3   5.3   5.5   5.4   5.3   5.4   5.6   5.2   5.5   5.5   5.4   5.2   5.3   5.5   5.4   5.4   5.5   5.4   5.5   5.2   5.6   5.6   5.3   5.5   5.2   5.5   5.6   5.3   5.3   5.3   5.6   5.2   5.3   5.2   5.5   5.2   5.5   5.4   5.3   5.2   5.4   5.5   5.2   5.5   5.2   5.3   5.3   5.4   5.4   5.2   5.4   5.2   5.5   5.2   5.4   5.3   5.3   5.4   5.3   5.2    
5.5   5.2   5.4   5.5   5.3   5.6   5.2   5.3   5.4   5.2   5.3   5.3   5.5   5.3   5.6   5.4   5.5   5.6   5.4   5.5   5.5   5.4   5.6   5.5   5.4   5.4   5.4   5.3   5.2   5.3   5.3   5.4   5.3   5.5   5.3   5.5   5.3   5.5   5.6   5.4   5.5   5.3   5.4   5.4   5.4   5.6   5.3   5.5   5.5   5.4   5.6   5.2   5.2   5.5   5.4   5.5   5.3   5.3   5.2   5.4   5.6   5.4   5.2   5.2   5.6   5.2   5.6   5.4   5.4   5.3   5.3   5.5   5.4   5.4   5.2   5.4   5.3   5.2   5.4   5.4   5.3   5.3   5.6   5.2   5.3   5.2   5.4   5.5   5.3   5.3   5.3   5.2   5.4   5.5   5.4   5.5   5.2   5.3   5.5   5.2    
5.5   5.2   5.5   5.5   5.3   5.5   5.4   5.2   5.4   5.4   5.2   5.3   5.6   5.5   5.5   5.5   5.5   5.4   5.5   5.5   5.5   5.4   5.4   5.4   5.5   5.2   5.4   5.2   5.5   5.3   5.3   5.3   5.6   5.5   5.3   5.3   5.2   5.3   5.3   5.6   5.2   5.4   5.5   5.3   5.3   5.4   5.5   5.6   5.3   5.5   5.2   5.3   5.5   5.2   5.3   5.5   5.6   5.2   5.2   5.3   5.3   5.3   5.4   5.4   5.4   5.4   5.2   5.6   5.5   5.4   5.5   5.5   5.4   5.5   5.2   5.5   5.4   5.3   5.4   5.3   5.5   5.3   5.4   5.3   5.4   5.6   5.5   5.4   5.6   5.3   5.6   5.4   5.4   5.5   5.3   5.6   5.6   5.4   5.5   5.5    
5.6   5.3   5.4   5.5   5.5   5.4   5.4   5.6   5.5   5.3   5.4   5.4   5.4   5.5   5.5   5.4   5.2   5.3   5.5   5.3   5.3   5.3   5.3   5.3   5.6   5.4   5.5   5.3   5.3   5.4   5.3   5.4   5.4   5.5   5.5   5.3   5.2   5.5   5.4   5.3   5.2   5.3   5.5   5.4   5.3   5.4   5.5   5.5   5.5   5.6   5.4   5.3   5.5   5.3   5.4   5.4   5.4   5.5   5.5   5.2   5.6   5.4   5.5   5.5   5.5   5.5   5.5   5.3   5.3   5.4   5.2   5.5   5.5   5.4   5.2   5.6   5.4   5.4   5.4   5.5   5.4   5.3   5.4   5.3   5.6   5.3   5.6   5.6   5.4   5.3   5.2   5.4   5.4   5.6   5.5   5.4   5.5   5.5   5.3   5.3    

Ha by Parcels
7   6   5   6   5   6   6   

Cost of m3 in each parcel
2.19   1.89   2.06   1.83   1.95   2.15   2.12   