Instance: 54
width: 10
long: 10
Parcels: 7
Crops: 19
Water: 252000

Chemical Properties by Parcel
17.44   18.36   11.67   15.61   17.51   11.03   11.74   10.68   12.37   15.69   14.1   11.4   16.36   14.89   12.56   11.92   11.14   16.45   16.06   15.58   14.63   10.4   14.13   11.07   15.76   10.05   17.45   14.75   11.56   13.49   9.61   15   10.18   12.78   10.38   9.89   17.91   14.63   13.91   10.79   10.35   17.74   10.98   11.76   15   10.7   13.65   15.85   14.15   17.61   18.43   18.21   13.87   18.62   17.21   18.7   15.08   18.31   10.49   18.67   14.33   16.23   13.77   10.84   15.85   16.2   11.66   16.96   18.61   10.48   14.27   18.61   14.78   11.79   15.89   17.6   17.7   14.76   10.44   16.76   10.32   14.26   18.39   12.16   14.11   16.97   15.78   14.84   14.73   9.61   11.13   11.14   17.33   11.44   15.49   16.31   13.11   10.71   14.64   12.08    
16.52   13.95   13.43   16.35   9.78   13.26   16.8   13.71   15.73   12.64   14.72   15.8   15.09   18.19   16.8   10.29   13.53   15.7   11.6   11.56   18.54   12.91   12.88   13.07   18.45   11.21   17.04   14.79   18.48   16.01   17.51   16.52   15.25   13.01   12.28   13.48   10   10.41   13.71   12.39   15.01   10.62   15.12   13.4   16.76   11.56   14.24   12.5   14.17   10.19   11.66   15.33   13.64   17.45   11.51   16.84   17.25   11.76   15.41   10.53   13.22   13.11   18.55   18.17   14.16   13.81   17.3   12.58   15.7   11.6   9.87   15.64   11.98   17.79   17.5   16.45   13.45   13.03   16.97   10.24   12.28   14.52   11.76   12.11   13.79   18.21   14.64   18.49   15.6   15.96   14.19   16.41   16.21   15.04   16.49   13.22   16.95   14.35   16.26   13.94    
15.78   10.07   10.35   13.98   9.63   16.13   13.42   16.05   17.3   17.45   11.57   17.6   17.9   11.28   18.15   17.76   14.59   13.75   17.18   12.73   10.25   14.52   17.5   15.25   12.74   15.6   18.21   12.64   15.14   17.82   12.81   18.16   14.67   9.64   13.8   15.38   15.67   12.74   15.81   14.09   16.65   11.67   15.73   17.44   17.83   13.13   16.74   18.65   12.79   16.56   16.59   18.27   18.67   14.24   16.22   16.31   17.82   11.95   12.54   15.8   10.8   15.43   11.62   10.45   17.07   10.07   16.93   10.92   14.3   15.64   10.67   9.71   16.45   15.91   10.25   12.04   17.54   17.94   17.82   14.35   10.64   13.55   17.54   12.4   18.11   15.85   11.54   11.68   14.97   16.2   12.74   12.73   18.32   16.14   12.49   17.02   15.29   16.2   14.34   16.79    
15.33   14.56   18.11   16.83   17.05   17.63   13.89   16.9   11.45   16.51   18.69   18.65   14.61   11.32   14.56   10.55   11.7   13.01   14.69   14.99   13.4   10.55   16.37   11.14   14.58   13.13   10.76   14.67   9.72   12.8   13.23   14.2   10.76   13.01   13.97   10.15   12.51   14   12.85   10.28   14.95   18.59   11.04   18.51   11.51   13.03   13.97   16.8   15.84   13.76   18.41   13.15   18.23   16.35   10.92   9.81   17.02   10.45   14   10.3   15.88   15.17   16.37   10.42   14.3   16.71   14.54   9.81   18.52   17.36   11.3   16.58   18.39   14.05   16.42   17.95   11.93   15.56   13.22   16.71   14   16.5   18.46   15.52   12.71   9.96   17.04   12.44   9.87   11.52   17.33   17.03   18.31   12.81   17.79   14.08   15.99   10.03   12.15   11.54    
15.21   17.88   11.81   14.56   18.06   12.7   10.46   16.91   18.29   10.55   14.45   14.68   16.25   17.82   9.65   16.67   13.4   10.21   10.46   9.82   13.08   12.4   11.6   12.83   14.35   16.37   14.98   13.72   17.3   11.08   13.32   9.82   12.35   14.47   12.55   13.56   17.36   16.72   10.82   15.09   16.95   16.8   16.32   10.87   13.21   15.8   12.74   16.31   15.08   12.5   17.96   17   11.76   10.34   17.66   13.22   12.04   17.56   10.41   12.14   13.24   13.26   18.6   13.13   17.79   15.72   10.66   13.62   15.77   16.62   16.68   17.21   15.16   17.56   9.66   16.72   10.76   14.29   16.58   15.97   9.85   10.5   13.3   17.41   14.79   15.68   12.88   12.01   16.82   17.95   10.54   16.95   10.48   13.82   12.82   15.48   10.21   12.82   14.39   17.31    
13.55   12.18   9.81   13.1   11.82   16.59   10.31   18.13   15.76   13.67   12.79   13.6   13.83   13.63   14.51   15.06   10.06   16.31   16.47   17.82   14.52   12.52   10.44   17.58   17.89   14.86   13.77   15.16   13.79   18.07   15.55   14.32   14.23   16.2   15.95   12.81   12.84   13.04   13.3   13.94   13.99   16.52   11.65   12.98   9.6   17.3   12.32   13.32   12.89   15.01   16.96   17.45   12.38   10.49   14.54   11.2   10.2   18.4   16.25   13.92   17.1   18.47   10.68   12.68   13.31   18.19   12.27   16.98   11.88   17.73   12.05   15.66   14.96   13.43   12.41   18.02   17.96   12.79   9.66   15.29   15.97   15.24   15.15   17.12   12.37   13.44   15.11   17.69   11.65   15   14.53   18.49   14.37   11.96   10.58   17.18   14.49   16.16   13.83   16.78    
17.07   9.93   13.26   11.5   11.96   10.81   10.75   11.76   17.04   16.69   13.9   15   17.03   17.13   13.65   14.81   13.56   14.59   16.83   11.77   14.56   10.94   13.84   10.22   16.69   14.43   12.37   17.21   17.51   12.51   9.67   16.56   11.59   10.67   12.59   17.85   16.25   9.83   14.42   16.76   17.69   13.28   10.37   12.3   10.35   17.75   15.36   17.18   11.33   15.84   11.24   15.83   13.22   9.77   14.67   15.79   12.23   18.38   10.64   10.26   11.08   13.55   15.82   15.83   15.23   13.64   16.66   12.28   13.06   15.36   9.92   12.16   13.02   9.87   18.19   14.25   10.21   10.17   16.64   13.99   9.82   17.18   16.79   16.07   16.5   15.26   16   13.03   16.82   15.66   13   11.52   9.61   11.08   16.57   15.38   11.21   14.55   10.95   11.01    

Physical Properties by Parcel
5.5   5.6   5.4   5.2   5.4   5.3   5.4   5.2   5.4   5.3   5.5   5.5   5.2   5.4   5.2   5.2   5.3   5.6   5.5   5.4   5.4   5.3   5.4   5.2   5.2   5.4   5.3   5.6   5.2   5.6   5.5   5.3   5.5   5.2   5.6   5.3   5.3   5.4   5.2   5.4   5.5   5.5   5.4   5.2   5.4   5.3   5.3   5.5   5.4   5.3   5.5   5.3   5.4   5.6   5.5   5.3   5.6   5.4   5.5   5.5   5.4   5.3   5.3   5.4   5.6   5.2   5.3   5.3   5.6   5.3   5.2   5.2   5.6   5.4   5.6   5.4   5.4   5.5   5.2   5.2   5.4   5.3   5.4   5.5   5.5   5.5   5.6   5.5   5.3   5.3   5.4   5.4   5.3   5.5   5.6   5.4   5.6   5.5   5.3   5.3    
5.4   5.3   5.6   5.2   5.3   5.3   5.6   5.4   5.3   5.3   5.4   5.3   5.4   5.6   5.6   5.5   5.6   5.5   5.2   5.4   5.6   5.5   5.3   5.3   5.2   5.3   5.2   5.6   5.3   5.4   5.5   5.5   5.4   5.5   5.3   5.4   5.5   5.4   5.4   5.4   5.5   5.3   5.4   5.6   5.2   5.5   5.6   5.6   5.5   5.5   5.5   5.5   5.3   5.2   5.6   5.5   5.5   5.3   5.2   5.6   5.5   5.2   5.6   5.5   5.5   5.4   5.2   5.3   5.5   5.6   5.4   5.3   5.4   5.5   5.5   5.5   5.3   5.3   5.4   5.2   5.4   5.3   5.2   5.5   5.3   5.3   5.4   5.5   5.4   5.3   5.4   5.6   5.2   5.4   5.4   5.5   5.4   5.2   5.6   5.6    
5.3   5.5   5.4   5.4   5.3   5.5   5.4   5.5   5.4   5.6   5.4   5.3   5.3   5.5   5.6   5.2   5.3   5.2   5.5   5.5   5.5   5.4   5.5   5.2   5.5   5.2   5.4   5.6   5.2   5.5   5.4   5.3   5.4   5.5   5.6   5.4   5.3   5.2   5.4   5.4   5.4   5.4   5.4   5.5   5.3   5.5   5.4   5.4   5.2   5.5   5.5   5.2   5.2   5.6   5.3   5.5   5.4   5.4   5.5   5.5   5.3   5.3   5.5   5.3   5.4   5.3   5.4   5.3   5.6   5.3   5.3   5.2   5.2   5.3   5.2   5.6   5.5   5.5   5.6   5.6   5.3   5.4   5.3   5.6   5.2   5.6   5.3   5.2   5.2   5.6   5.2   5.2   5.4   5.3   5.4   5.5   5.5   5.2   5.6   5.3    
5.3   5.5   5.4   5.5   5.4   5.5   5.4   5.6   5.6   5.3   5.2   5.2   5.5   5.2   5.3   5.5   5.5   5.2   5.3   5.4   5.6   5.4   5.4   5.4   5.6   5.6   5.5   5.2   5.6   5.3   5.4   5.5   5.3   5.6   5.4   5.5   5.5   5.4   5.2   5.2   5.5   5.6   5.2   5.5   5.6   5.5   5.5   5.4   5.4   5.5   5.4   5.3   5.6   5.3   5.6   5.3   5.4   5.2   5.3   5.3   5.5   5.3   5.5   5.2   5.3   5.5   5.3   5.5   5.4   5.3   5.4   5.5   5.3   5.3   5.4   5.4   5.4   5.3   5.3   5.5   5.2   5.4   5.5   5.5   5.4   5.6   5.3   5.5   5.5   5.6   5.3   5.3   5.5   5.4   5.5   5.4   5.3   5.3   5.5   5.4    
5.2   5.3   5.6   5.3   5.6   5.5   5.4   5.4   5.2   5.5   5.3   5.5   5.6   5.2   5.2   5.5   5.5   5.5   5.3   5.6   5.4   5.4   5.3   5.5   5.5   5.3   5.3   5.2   5.5   5.3   5.3   5.4   5.4   5.4   5.2   5.4   5.5   5.6   5.5   5.3   5.4   5.4   5.2   5.5   5.3   5.5   5.2   5.3   5.5   5.6   5.2   5.3   5.6   5.5   5.5   5.3   5.2   5.5   5.4   5.3   5.4   5.3   5.6   5.2   5.3   5.5   5.5   5.3   5.6   5.4   5.4   5.5   5.3   5.2   5.2   5.5   5.5   5.3   5.2   5.6   5.4   5.3   5.4   5.3   5.3   5.5   5.5   5.6   5.5   5.5   5.3   5.4   5.5   5.6   5.3   5.5   5.5   5.3   5.2   5.4    
5.4   5.5   5.3   5.4   5.2   5.6   5.5   5.4   5.3   5.2   5.4   5.4   5.4   5.5   5.3   5.5   5.5   5.5   5.6   5.3   5.4   5.3   5.3   5.5   5.6   5.4   5.6   5.3   5.3   5.2   5.5   5.5   5.6   5.3   5.3   5.4   5.4   5.5   5.4   5.6   5.3   5.4   5.5   5.2   5.5   5.5   5.5   5.3   5.4   5.3   5.5   5.3   5.4   5.4   5.4   5.4   5.6   5.5   5.6   5.3   5.6   5.3   5.5   5.2   5.2   5.4   5.2   5.4   5.4   5.6   5.6   5.4   5.4   5.4   5.3   5.6   5.3   5.5   5.3   5.3   5.4   5.5   5.4   5.5   5.5   5.4   5.6   5.6   5.6   5.6   5.2   5.5   5.4   5.5   5.3   5.6   5.2   5.3   5.2   5.3    
5.3   5.3   5.6   5.4   5.5   5.3   5.4   5.3   5.3   5.3   5.3   5.5   5.3   5.6   5.4   5.3   5.6   5.3   5.4   5.4   5.3   5.5   5.4   5.4   5.5   5.4   5.5   5.3   5.3   5.5   5.4   5.4   5.6   5.6   5.4   5.3   5.3   5.3   5.5   5.4   5.3   5.3   5.3   5.6   5.4   5.3   5.3   5.5   5.4   5.5   5.6   5.3   5.5   5.5   5.4   5.3   5.4   5.5   5.4   5.5   5.5   5.5   5.2   5.6   5.5   5.5   5.3   5.5   5.3   5.4   5.3   5.5   5.6   5.4   5.3   5.4   5.5   5.3   5.4   5.5   5.4   5.2   5.3   5.5   5.6   5.4   5.5   5.4   5.6   5.3   5.2   5.4   5.5   5.5   5.2   5.4   5.5   5.6   5.5   5.4    

Ha by Parcels
7   5   7   5   5   6   7   

Cost of m3 in each parcel
1.93   1.93   1.83   2.08   2.11   2.14   2.04   