Instance: 93
width: 5
long: 5
Parcels: 10
Crops: 19
Water: 366000

Chemical Properties by Parcel
15.7   17.61   11.36   12.89   16.1   14.4   11.1   18.31   15.59   16.5   14.44   18.04   16.65   14.78   17.45   17.67   12.23   10.5   12.43   15.85   16.05   15.38   14.79   14.68   13.25    
14.18   13.45   14.13   13.81   18.11   15.04   16.97   12   14.78   17.27   17.65   17.44   14.72   16.42   16.52   15.96   17.83   13.32   18.48   16.2   10.15   14.07   12.61   10.52   17.4    
11   15.32   16.18   12.51   14.85   15.09   12.45   11.94   17.68   14.57   10.63   11.66   10.75   15.49   15.16   14.83   16.96   15.67   14.99   16.48   10.84   12.53   18.43   17.31   13.6    
12.46   17.68   12.22   17.87   9.81   13.62   17.23   17.58   14.25   10.07   9.91   13.79   14.14   10.67   18.62   13   15.6   11.31   13.03   15.74   15.32   17.91   14.63   12.73   12.11    
10.65   11.57   17.9   16.62   14.6   14.88   10.3   16.53   12.92   9.79   12.68   13.88   9.75   18.63   17.84   14.86   14.32   11.91   10.14   14.63   14.46   15.43   17.39   14.51   15.87    
14.15   11.06   17.36   13.65   15.1   14.17   10.64   10.04   17.53   16.15   15.6   10.29   10.13   15.08   18.08   16.44   16.91   12.31   12.29   14.55   9.74   10.93   14.63   15.22   14.26    
14.48   17.94   12.43   18.3   11.56   16.79   11.4   9.74   10.77   9.89   16.74   14.81   16.47   14.24   14.37   10.36   12.22   18.34   12.09   16.73   14.93   10.7   17.61   18.27   13    
13.49   15.97   10.97   11.26   12.99   15.37   12.22   11.4   12.26   11.66   16.01   15.17   12.31   16.03   9.82   15.25   15.25   18.14   18.41   10.69   13.1   10.72   11.85   9.95   15.15    
17.94   14.08   16.9   15.93   16.27   17.86   11.53   16.42   18.53   11.29   14.66   13.57   9.63   10.67   9.77   14.38   14.7   11.68   14.94   12.91   15.66   12.26   14.2   14.4   15.63    
15.99   14.61   13.62   10.94   17.16   14.74   13.68   11.74   14.17   9.63   9.85   10.14   14.96   12.4   15.71   16.06   10.9   13.12   13.81   14.14   14.44   11.4   12.7   11.18   17.17    

Physical Properties by Parcel
5.4   5.4   5.3   5.4   5.3   5.5   5.3   5.2   5.4   5.3   5.5   5.5   5.6   5.3   5.2   5.3   5.4   5.5   5.3   5.6   5.3   5.3   5.4   5.3   5.2    
5.3   5.4   5.2   5.5   5.3   5.5   5.3   5.2   5.5   5.4   5.2   5.3   5.5   5.4   5.3   5.4   5.3   5.3   5.5   5.3   5.5   5.5   5.6   5.5   5.3    
5.4   5.2   5.3   5.5   5.3   5.3   5.4   5.5   5.3   5.3   5.3   5.3   5.2   5.3   5.4   5.3   5.4   5.4   5.4   5.6   5.5   5.6   5.3   5.3   5.5    
5.3   5.5   5.2   5.4   5.3   5.4   5.4   5.5   5.3   5.2   5.4   5.4   5.4   5.4   5.6   5.3   5.4   5.5   5.2   5.3   5.5   5.2   5.5   5.5   5.4    
5.4   5.4   5.5   5.5   5.3   5.4   5.3   5.4   5.4   5.2   5.3   5.5   5.4   5.4   5.6   5.6   5.6   5.6   5.5   5.3   5.5   5.5   5.4   5.2   5.5    
5.3   5.5   5.4   5.6   5.2   5.5   5.5   5.2   5.3   5.6   5.5   5.3   5.5   5.4   5.4   5.4   5.2   5.5   5.4   5.4   5.3   5.2   5.3   5.3   5.5    
5.3   5.4   5.6   5.2   5.6   5.3   5.3   5.3   5.6   5.4   5.2   5.3   5.5   5.5   5.4   5.5   5.4   5.5   5.2   5.3   5.3   5.5   5.2   5.5   5.5    
5.2   5.5   5.6   5.6   5.4   5.2   5.4   5.3   5.5   5.4   5.3   5.4   5.3   5.3   5.4   5.3   5.2   5.6   5.2   5.3   5.6   5.2   5.2   5.6   5.3    
5.3   5.2   5.5   5.5   5.3   5.4   5.4   5.4   5.2   5.3   5.4   5.5   5.4   5.4   5.3   5.3   5.3   5.2   5.3   5.4   5.2   5.5   5.3   5.3   5.3    
5.5   5.4   5.4   5.5   5.3   5.4   5.2   5.3   5.2   5.4   5.3   5.4   5.5   5.4   5.3   5.3   5.5   5.5   5.5   5.4   5.4   5.6   5.5   5.6   5.5    

Ha by Parcels
7   7   6   7   5   5   7   5   7   5   

Cost of m3 in each parcel
2.15   1.83   2.16   2.14   2.18   1.83   2.08   2.2   2.08   2.19   