Instance: 94
width: 5
long: 5
Parcels: 10
Crops: 19
Water: 384000

Chemical Properties by Parcel
17.6   14.17   10.33   18.15   16.6   14.08   13.03   14.18   18.44   13.76   9.75   11.67   10.67   12.44   17.05   18.41   15.98   13.16   12.74   12.82   17.82   18.35   12.82   13.43   15.72    
14.24   10.07   11.1   12.33   13.28   16.47   10.96   12.46   16.13   9.61   10.56   15.22   14.51   14.91   13.78   14.13   12.54   11.48   17.92   13.3   9.85   10.14   16.13   11.08   14.19    
13.31   10.91   17.32   13.49   12.38   16.55   12.26   13.58   14.16   16.4   17.64   12.23   12.49   13.57   15.6   15.83   11.52   16.61   17.44   16.08   13.93   11.24   12   17.47   11.4    
12.37   13.72   14.02   10.84   13.03   16.57   11.45   12.04   13.05   16.97   11.14   12.58   14.82   12.87   12.98   13.43   13.73   14.12   17.57   13.27   11.97   10.16   13.94   18.36   16.4    
18.18   11.37   10.5   12.74   17.99   15.79   15.27   10.33   9.99   14.96   12.66   17.59   10.41   13.06   13.41   14.22   17.02   15.12   16.7   14.67   14.35   11.19   11.95   17.06   17.67    
18.16   9.99   10.47   14.57   12.35   17.81   18.13   9.74   11.12   16.33   13.04   10.31   10.22   9.77   17.29   9.81   13.7   13.85   18.34   14.51   14.7   13.33   14.75   15.69   14.93    
9.68   10.03   16.59   14.43   11.08   13.63   11.94   12.24   13.7   10.78   16.85   10.71   17.38   13.9   12.84   18.05   11.65   11.7   16.14   11.2   16.28   11.44   14.68   15.52   14.87    
14   18.1   16.32   10   13.32   11   12.71   15.98   12.2   11.65   12.01   16.54   17.43   13.94   17.27   12.18   16.7   14.35   14.54   18.05   17.46   13.87   12.79   16.88   15.19    
14.31   18.55   18.18   18.08   14.59   13.15   13.97   12.3   16.67   18.56   10.5   13.99   12.73   11.09   11.16   15.85   16.12   12.67   9.87   11.63   9.77   18.19   18   15.6   15.16    
11.49   17.95   11.33   17.36   12.94   14.18   14.05   9.94   17.01   13.27   12.5   11.55   14.53   15.97   11.8   11.9   11.88   12.81   11.38   17.85   18.62   12.09   11.91   14.31   10.08    

Physical Properties by Parcel
5.5   5.5   5.6   5.2   5.4   5.2   5.6   5.4   5.5   5.6   5.2   5.3   5.5   5.5   5.3   5.4   5.6   5.3   5.2   5.5   5.6   5.5   5.2   5.4   5.4    
5.4   5.3   5.4   5.4   5.3   5.3   5.2   5.5   5.6   5.4   5.3   5.6   5.3   5.5   5.3   5.6   5.6   5.6   5.4   5.3   5.3   5.2   5.6   5.6   5.3    
5.5   5.3   5.5   5.6   5.5   5.5   5.2   5.5   5.3   5.3   5.5   5.4   5.6   5.3   5.3   5.5   5.4   5.2   5.6   5.2   5.4   5.2   5.2   5.2   5.3    
5.4   5.3   5.3   5.5   5.4   5.6   5.4   5.4   5.3   5.3   5.4   5.2   5.3   5.3   5.4   5.6   5.2   5.3   5.6   5.5   5.2   5.4   5.3   5.2   5.3    
5.4   5.6   5.4   5.5   5.6   5.4   5.3   5.3   5.5   5.5   5.5   5.4   5.5   5.5   5.3   5.2   5.4   5.5   5.2   5.3   5.3   5.4   5.5   5.5   5.5    
5.6   5.6   5.4   5.4   5.4   5.5   5.5   5.3   5.3   5.5   5.6   5.2   5.3   5.4   5.2   5.3   5.3   5.5   5.4   5.5   5.3   5.4   5.6   5.5   5.3    
5.3   5.5   5.5   5.5   5.3   5.4   5.4   5.2   5.3   5.3   5.4   5.3   5.4   5.2   5.5   5.5   5.2   5.4   5.3   5.3   5.2   5.4   5.5   5.6   5.5    
5.2   5.6   5.2   5.3   5.3   5.6   5.5   5.3   5.5   5.5   5.3   5.5   5.2   5.2   5.5   5.5   5.3   5.3   5.5   5.4   5.4   5.5   5.6   5.5   5.4    
5.6   5.5   5.5   5.4   5.3   5.4   5.3   5.3   5.5   5.2   5.5   5.2   5.4   5.5   5.3   5.5   5.5   5.3   5.3   5.4   5.3   5.4   5.3   5.2   5.4    
5.3   5.3   5.2   5.5   5.3   5.2   5.3   5.6   5.4   5.4   5.4   5.2   5.4   5.5   5.5   5.5   5.3   5.4   5.6   5.5   5.4   5.5   5.5   5.3   5.5    

Ha by Parcels
7   7   6   7   6   7   6   5   6   7   

Cost of m3 in each parcel
1.82   2   1.87   2.1   2.03   1.83   2.19   2.11   1.97   1.89   