Instance: 97
width: 5
long: 5
Parcels: 10
Crops: 19
Water: 354000

Chemical Properties by Parcel
12.09   13.32   14.99   11.5   10.07   17.64   18.6   16.92   10.94   11.34   14.44   9.89   10.99   12.96   15.69   17.36   11.75   16.14   10.17   15.04   13.96   17.04   14.51   10.49   13.62    
10.34   9.62   17.02   12.69   17.02   13.51   17.82   11.61   18.6   16.06   17.81   18.27   17.45   10.8   16.56   11.73   15.54   10.55   10.23   17.78   11.18   11.83   16.7   15.2   16.26    
17.26   11.97   16.29   14.69   9.9   16.11   14.51   17.66   10.38   16.09   12.6   13.37   10.04   13.44   15.64   12.19   10.26   15.98   9.82   17.45   15.18   14.11   15.43   12.03   17.67    
10.73   14.79   17.86   10.06   14.98   16.47   17.29   9.74   15.23   10.98   13.81   18.6   13.86   14.53   16.23   10.79   13.91   13.98   12.22   14.78   10.17   11.91   15.08   18.52   9.76    
13.4   18.63   14.5   9.82   13.12   12.16   12.64   17.86   11.22   17.14   11.27   10.8   13.59   14.15   10.11   10.54   9.67   15.01   15.21   10.88   18.6   15.17   18.04   12.94   10.35    
17.29   11.04   16.51   9.81   18.44   10.43   12.14   16.53   10.65   17.17   16.73   12.44   14.27   16.34   9.69   9.91   13.26   11.06   16.29   10.98   13.41   11.88   12.31   11.55   11.72    
16.8   13.63   17.42   18.08   13.53   16.09   16.1   15.23   17.5   11.12   12.49   11.01   13.8   9.85   10.22   11.08   17.9   14.18   13.2   11.09   11.54   18.13   12.68   17.36   17.3    
15.12   11.8   12.19   14.16   11.9   13.96   12.28   14.66   10.37   11.79   14.02   16.9   10.77   9.72   16.06   16.46   15.56   14.55   9.96   11.9   18.23   14.52   15.62   16.87   12.55    
10.75   13.12   14.55   11.42   9.93   14.64   15.11   14.85   13.85   17.03   13.22   16   17.15   16.51   16.3   13.66   14.88   17.05   17.47   13.07   10.1   16.95   17.93   13.55   14.51    
16.59   15.12   14.33   11.25   18.04   15.82   17.49   15.54   11.67   17.71   11.15   11.53   13.18   10.65   14.93   18.28   13.71   12.65   18.56   17.11   17.55   11.47   11.61   17.17   18.35    

Physical Properties by Parcel
5.6   5.5   5.4   5.4   5.2   5.5   5.4   5.4   5.4   5.5   5.5   5.6   5.3   5.5   5.4   5.2   5.4   5.4   5.6   5.2   5.4   5.2   5.4   5.3   5.5    
5.5   5.4   5.2   5.5   5.5   5.3   5.3   5.6   5.3   5.3   5.4   5.2   5.2   5.5   5.6   5.2   5.3   5.3   5.3   5.5   5.5   5.5   5.4   5.5   5.4    
5.5   5.5   5.2   5.5   5.4   5.2   5.5   5.3   5.4   5.3   5.4   5.3   5.5   5.6   5.5   5.4   5.5   5.5   5.4   5.5   5.4   5.4   5.2   5.5   5.5    
5.4   5.4   5.3   5.4   5.3   5.3   5.3   5.4   5.5   5.5   5.4   5.4   5.4   5.5   5.3   5.5   5.5   5.5   5.2   5.4   5.6   5.2   5.4   5.4   5.4    
5.5   5.4   5.3   5.3   5.2   5.3   5.6   5.4   5.5   5.6   5.3   5.3   5.3   5.6   5.3   5.4   5.5   5.3   5.5   5.4   5.5   5.2   5.3   5.6   5.3    
5.4   5.6   5.2   5.4   5.4   5.5   5.6   5.2   5.6   5.5   5.5   5.5   5.3   5.5   5.5   5.4   5.2   5.4   5.6   5.2   5.4   5.4   5.3   5.2   5.2    
5.4   5.5   5.3   5.4   5.6   5.6   5.4   5.4   5.4   5.5   5.5   5.3   5.6   5.4   5.3   5.4   5.5   5.2   5.5   5.3   5.3   5.4   5.6   5.3   5.5    
5.4   5.5   5.5   5.5   5.2   5.2   5.3   5.4   5.5   5.2   5.5   5.4   5.2   5.4   5.3   5.5   5.3   5.4   5.5   5.5   5.4   5.4   5.5   5.3   5.5    
5.5   5.4   5.3   5.2   5.3   5.3   5.2   5.4   5.4   5.5   5.3   5.3   5.5   5.3   5.5   5.5   5.4   5.5   5.3   5.4   5.4   5.4   5.6   5.2   5.3    
5.3   5.2   5.2   5.3   5.2   5.4   5.4   5.4   5.3   5.4   5.5   5.4   5.4   5.2   5.6   5.4   5.6   5.4   5.4   5.4   5.5   5.2   5.4   5.4   5.4    

Ha by Parcels
6   7   7   6   5   5   5   5   6   7   

Cost of m3 in each parcel
2.1   1.92   1.91   2.03   1.94   1.96   1.94   1.95   1.81   2.04   