Instance: 100
width: 5
long: 5
Parcels: 10
Crops: 19
Water: 372000

Chemical Properties by Parcel
17.67   15.72   18.57   18.45   13.47   12.01   17.2   16.87   10.26   11.35   15.95   14.4   11.34   11.22   18.39   12.24   13.62   10.08   16.1   11.25   15.16   12.03   10.97   17.7   15.89    
15.02   11.47   13.94   10.05   10.59   16.75   15.3   11.19   11.95   9.65   11.47   18.4   14.49   13.73   11.99   17.33   18.58   10.17   16.94   12.76   12.73   15.87   10.37   12.26   13.48    
12.1   16.66   11.91   12.45   12.75   14.6   11.61   16.87   18.46   15.58   11.16   12.96   11.81   11.03   18.69   11.05   12.43   17.71   11.74   13.06   10.57   13.06   13.11   12.62   12.25    
15.72   13.72   11.19   9.7   18.09   14.73   13.42   16.83   12.14   15.82   17.12   14.29   14.45   17.92   13.32   11.42   13.56   15.03   13.7   10.14   11.04   16.62   10.91   14.82   10.3    
17.03   16.73   16.01   13.4   9.92   12.76   15.07   11.49   13.94   17.24   18   10.52   13.87   10.42   16.3   11.5   16.39   16.06   16.66   15.46   9.85   12.81   15.44   17.95   17.3    
14.84   15.29   17.65   14.74   10.41   9.71   11.36   14.08   9.6   13.66   15.43   10.91   12.38   18.67   17.22   11.96   10.53   13.57   12.13   17.89   13.94   14.78   12.88   13.85   15.47    
16.74   12.71   9.72   13.35   15.7   13.85   14.57   12.65   14.85   18.41   15.3   14.99   14.72   18.59   17.7   10.37   14.05   11.88   11.65   18.32   13.95   16.01   17.34   12.99   15.18    
14.3   17.72   15.89   16.01   17.53   13.53   14.18   11.58   16.24   17.98   10.51   14.09   18.31   12.51   17.84   12.49   9.71   17.06   15.63   14.37   11.5   9.97   17.1   17.06   11.71    
17.51   17.84   11.86   16.84   15.21   11.5   18.32   10.19   17.49   14.47   18.61   11.28   10.65   11.58   17.92   16.48   15.26   12.19   11.42   15.8   16.35   14.01   11.16   12.38   14.18    
16.94   13.57   15.88   11.33   17.21   15.49   13.33   11.64   13.32   10.99   13.86   14.8   10.03   13.72   11.21   17.46   11.1   12.91   17.83   14.65   16.11   10.41   17.31   15.27   10.31    

Physical Properties by Parcel
5.4   5.2   5.4   5.3   5.6   5.4   5.4   5.6   5.5   5.3   5.4   5.6   5.3   5.4   5.6   5.2   5.6   5.3   5.5   5.6   5.4   5.3   5.4   5.3   5.4    
5.5   5.5   5.3   5.2   5.3   5.6   5.6   5.4   5.5   5.5   5.4   5.3   5.6   5.2   5.3   5.3   5.3   5.3   5.5   5.2   5.4   5.5   5.4   5.4   5.5    
5.2   5.6   5.4   5.4   5.3   5.3   5.4   5.2   5.4   5.5   5.5   5.5   5.5   5.5   5.6   5.4   5.5   5.5   5.2   5.3   5.4   5.2   5.6   5.4   5.4    
5.4   5.2   5.2   5.3   5.4   5.5   5.6   5.5   5.4   5.3   5.3   5.4   5.5   5.5   5.4   5.4   5.3   5.2   5.3   5.3   5.5   5.6   5.4   5.5   5.3    
5.2   5.5   5.3   5.4   5.3   5.6   5.2   5.5   5.4   5.5   5.5   5.5   5.2   5.5   5.4   5.5   5.3   5.3   5.5   5.5   5.6   5.3   5.5   5.3   5.4    
5.2   5.5   5.4   5.5   5.5   5.2   5.6   5.2   5.2   5.4   5.3   5.5   5.5   5.5   5.3   5.4   5.2   5.4   5.3   5.3   5.4   5.4   5.6   5.3   5.5    
5.3   5.6   5.5   5.4   5.3   5.6   5.6   5.5   5.2   5.5   5.4   5.3   5.2   5.3   5.4   5.5   5.5   5.2   5.3   5.2   5.5   5.6   5.2   5.4   5.6    
5.5   5.6   5.5   5.4   5.4   5.5   5.3   5.4   5.2   5.6   5.6   5.5   5.4   5.5   5.6   5.3   5.3   5.3   5.5   5.4   5.4   5.3   5.4   5.5   5.5    
5.4   5.5   5.5   5.4   5.4   5.5   5.5   5.5   5.5   5.5   5.3   5.4   5.4   5.5   5.6   5.2   5.2   5.6   5.3   5.4   5.6   5.2   5.6   5.5   5.3    
5.6   5.2   5.2   5.4   5.4   5.3   5.3   5.6   5.5   5.4   5.5   5.6   5.2   5.2   5.3   5.4   5.5   5.6   5.4   5.3   5.3   5.2   5.4   5.5   5.3    

Ha by Parcels
5   6   7   7   7   5   7   6   6   6   

Cost of m3 in each parcel
1.99   1.93   1.83   2   1.99   1.9   2.06   2.06   1.88   1.88   