Instance: 98
width: 5
long: 5
Parcels: 10
Crops: 19
Water: 366000

Chemical Properties by Parcel
13.27   17.15   13.21   10.46   18.65   16.42   16.99   14.9   14.87   10.48   16.06   12.46   12.89   10.3   9.98   16.39   9.85   13.59   10.77   11.72   14.89   18.57   10.59   15.64   13.37    
12.84   15.44   9.73   17.74   11.36   15.72   14.59   15.66   9.75   10   11.02   17.97   12.03   14.14   13.49   13.72   17.55   12.4   12.84   17.32   13.22   17.39   15.08   15.83   13.4    
18.55   11.2   13.93   13.1   17.97   13.83   14.77   13.96   16.59   16.6   12.78   12.25   10.6   15.6   11.22   14.7   12.21   13.48   11.78   14.52   10.51   18.48   17.59   9.73   16.56    
14.67   10.69   11.56   16.55   10.08   10.23   12.36   18.12   13.82   12.28   14.2   18.21   17.24   11.46   17.87   14.99   14.97   10.85   16.94   10.08   18.64   17.04   12.72   18.34   18.41    
16.22   10.37   15.95   16.38   10.78   17.18   17.25   13.3   10.78   10.84   12.07   12.6   18.29   10.71   11.25   11.98   13.52   10.76   10.6   17.7   14.65   18.48   11   11.76   12.55    
12.31   17.02   11.79   16.2   18.08   14.27   15.03   14.63   9.63   17.67   18.35   11.9   16.63   11.6   12.3   14.14   14.46   15.85   17.7   18.57   14.26   15.79   12.99   13.15   18.66    
14.73   16.28   15.5   10.24   18.68   14.81   18.35   17.68   14.3   12.77   17.71   14.91   11.74   9.85   15.06   13.92   16.54   10.46   15.89   14.72   15.56   11.41   12.21   12.34   10.65    
15.14   18.26   14.22   12.05   10.82   16.66   10.31   15.8   16.67   13.78   13.68   14.66   13.64   17.2   13.54   14.3   10.29   15.54   10.48   13.46   17.81   16.68   11.01   11.43   18.4    
17.91   17.65   18.48   15.29   10.48   17.46   15.98   16.02   12.63   18.42   11.37   10.05   10.34   15.39   16.06   11.48   16.46   13.59   10.4   18.38   10.03   10.54   16.07   14.1   14.29    
16.28   13.27   14.51   13.09   9.92   16.17   11.17   18.46   10.05   14.83   11.17   14.56   17.54   16.35   9.75   11.67   13.52   14.16   15.8   15.57   10.76   16.08   13.27   15.8   16.21    

Physical Properties by Parcel
5.3   5.5   5.3   5.4   5.2   5.5   5.6   5.4   5.6   5.3   5.5   5.5   5.5   5.5   5.4   5.2   5.4   5.4   5.4   5.3   5.5   5.5   5.3   5.2   5.4    
5.6   5.3   5.4   5.4   5.5   5.2   5.4   5.4   5.6   5.4   5.4   5.3   5.6   5.6   5.4   5.4   5.3   5.5   5.2   5.4   5.6   5.2   5.4   5.3   5.2    
5.3   5.3   5.3   5.5   5.5   5.4   5.2   5.4   5.3   5.4   5.4   5.3   5.4   5.2   5.5   5.5   5.5   5.4   5.6   5.4   5.2   5.4   5.5   5.4   5.2    
5.3   5.5   5.4   5.5   5.3   5.6   5.5   5.5   5.6   5.4   5.5   5.2   5.5   5.4   5.3   5.5   5.5   5.5   5.4   5.4   5.3   5.3   5.3   5.4   5.6    
5.5   5.3   5.5   5.5   5.3   5.3   5.5   5.4   5.6   5.6   5.4   5.5   5.6   5.4   5.6   5.5   5.6   5.6   5.4   5.5   5.4   5.3   5.4   5.2   5.3    
5.4   5.4   5.5   5.3   5.4   5.3   5.3   5.4   5.4   5.3   5.5   5.5   5.2   5.6   5.3   5.6   5.5   5.3   5.2   5.6   5.4   5.6   5.2   5.4   5.2    
5.5   5.5   5.6   5.5   5.4   5.2   5.3   5.3   5.6   5.3   5.6   5.3   5.3   5.4   5.4   5.3   5.2   5.5   5.6   5.3   5.3   5.5   5.3   5.4   5.4    
5.6   5.4   5.5   5.3   5.6   5.3   5.4   5.2   5.2   5.3   5.4   5.5   5.5   5.3   5.3   5.3   5.5   5.3   5.6   5.3   5.2   5.5   5.2   5.5   5.6    
5.3   5.6   5.4   5.3   5.4   5.4   5.6   5.3   5.4   5.4   5.3   5.5   5.4   5.6   5.5   5.3   5.3   5.5   5.6   5.5   5.5   5.6   5.4   5.2   5.4    
5.4   5.6   5.3   5.5   5.4   5.5   5.5   5.5   5.6   5.5   5.2   5.4   5.4   5.5   5.4   5.4   5.3   5.4   5.5   5.3   5.5   5.3   5.6   5.4   5.4    

Ha by Parcels
7   6   6   7   5   6   6   5   6   7   

Cost of m3 in each parcel
2.16   2.06   1.81   1.87   1.96   1.97   2.19   1.94   2.04   2.08   