Instance: 92
width: 5
long: 5
Parcels: 10
Crops: 19
Water: 354000

Chemical Properties by Parcel
14.6   17.65   16.44   13.85   14.71   18.64   11.77   17.06   12.49   14.43   13.78   17.87   9.97   15.43   14.54   15.66   9.6   12.57   10.02   16.22   12.72   18.33   13.35   10.36   11.14    
18.33   17.44   12.06   13.09   18.34   15.63   15.93   17.52   13.84   14.19   12.75   15.38   11.99   10.37   18.17   10.4   13.61   11.39   17.93   14.02   14.45   12.39   15.82   10.94   17.83    
17.75   13.18   18.34   14.29   16.58   11.45   14.2   11.49   18.37   9.99   18.25   11.72   10.1   14.28   14.58   15.51   13.53   16.51   18.16   12.68   9.68   12.72   14.08   9.82   11.24    
14.47   9.76   9.79   17.27   12.54   16.25   17.77   13.41   11.68   12.9   11.5   10.66   14.09   16.4   16.56   14.77   9.87   16.08   13.19   12.75   18.1   14.44   14.98   9.97   11.89    
14.91   18.67   14.42   14.58   17.16   13.34   10.19   17.42   13.16   14.02   17.1   17.58   15.96   16.2   17.43   16.48   12.79   11.06   15.43   13.31   15.72   15.22   11.87   17.68   14.68    
9.96   14.52   11.54   12.84   13.09   10.74   17.47   13.63   11.93   12.89   17.26   15.91   11.43   15.78   15.76   10.34   15.19   18.32   14.47   15.67   15.31   17.46   11.77   14.6   11.9    
10.25   16.65   17.22   14.82   12.09   13.11   15.04   16.47   15.01   10.37   16.65   15.61   17.1   16.95   15.19   12.89   12.43   17.13   12.92   18.04   13.33   13.15   12.81   11.33   11.32    
16.5   13.06   14.89   18.39   12.22   14.93   17.21   17.27   18.62   16.22   17.89   12.95   13.3   16.43   12.15   11.31   13.36   14.89   14.01   16.37   14.13   12.54   14.33   10.54   12.05    
9.95   11.61   17.17   13.83   12.83   16.45   9.96   15.75   13.85   13.55   11.4   17.37   11.68   14.29   10.6   17.76   9.68   15.97   11.71   16.46   9.8   11.02   15.24   14.75   17.85    
10.14   14.61   16.27   17.81   11.25   11.16   11.05   9.62   18.64   15.47   11.9   13.55   17.02   10.33   14.1   12.46   15.14   15.53   11.21   12.6   15.27   15.73   11.11   13.64   12.18    

Physical Properties by Parcel
5.6   5.6   5.5   5.3   5.3   5.5   5.3   5.3   5.3   5.3   5.6   5.5   5.6   5.4   5.2   5.6   5.5   5.3   5.4   5.3   5.6   5.2   5.3   5.6   5.5    
5.2   5.3   5.3   5.4   5.3   5.5   5.5   5.4   5.5   5.3   5.2   5.6   5.6   5.5   5.5   5.3   5.3   5.4   5.4   5.4   5.6   5.4   5.3   5.4   5.6    
5.2   5.3   5.3   5.4   5.5   5.4   5.3   5.2   5.6   5.4   5.5   5.5   5.5   5.5   5.4   5.5   5.4   5.2   5.3   5.5   5.4   5.4   5.5   5.3   5.5    
5.5   5.5   5.5   5.5   5.4   5.4   5.2   5.2   5.3   5.3   5.4   5.5   5.2   5.5   5.3   5.2   5.2   5.4   5.6   5.4   5.2   5.5   5.5   5.5   5.4    
5.2   5.2   5.4   5.3   5.4   5.4   5.4   5.4   5.3   5.4   5.2   5.4   5.4   5.6   5.4   5.4   5.5   5.4   5.6   5.5   5.5   5.5   5.5   5.4   5.5    
5.4   5.5   5.4   5.4   5.5   5.5   5.6   5.5   5.2   5.4   5.5   5.4   5.6   5.5   5.4   5.2   5.2   5.6   5.6   5.5   5.4   5.3   5.2   5.3   5.2    
5.5   5.5   5.3   5.5   5.5   5.3   5.5   5.5   5.5   5.3   5.4   5.3   5.4   5.3   5.3   5.4   5.4   5.5   5.6   5.5   5.3   5.5   5.2   5.4   5.5    
5.6   5.3   5.4   5.6   5.3   5.5   5.5   5.3   5.4   5.5   5.5   5.6   5.3   5.6   5.3   5.5   5.4   5.5   5.5   5.6   5.2   5.2   5.4   5.4   5.3    
5.5   5.2   5.2   5.4   5.5   5.5   5.2   5.2   5.5   5.4   5.6   5.5   5.4   5.3   5.3   5.3   5.5   5.3   5.4   5.2   5.3   5.6   5.4   5.3   5.4    
5.4   5.5   5.4   5.3   5.3   5.3   5.4   5.4   5.4   5.6   5.3   5.2   5.2   5.2   5.6   5.5   5.3   5.5   5.3   5.5   5.5   5.3   5.6   5.3   5.3    

Ha by Parcels
5   5   6   6   6   5   6   6   7   7   

Cost of m3 in each parcel
1.89   2.07   1.86   2.15   1.96   2.14   2.01   1.93   1.99   1.85   