Instance: 96
width: 5
long: 5
Parcels: 10
Crops: 19
Water: 390000

Chemical Properties by Parcel
18.61   12.67   10.24   14.07   14.63   17.12   12.53   17.15   14.25   12.24   11.11   17.15   11.02   15.65   12.91   14.38   13.73   17.47   16.24   16.71   17.54   12.35   14.97   18.12   13.75    
15.91   11.05   17.52   10.5   11.98   13.41   13.72   14.33   16.37   18.58   18.31   15.36   16.69   9.66   16.57   17.36   13.56   12.71   10.52   10.26   12.74   10.99   12.27   17.48   10.52    
18.16   17.73   14.65   13.65   17.24   13.26   15.61   14.01   17.77   18.12   11.21   17.14   13.64   17.12   11.2   10.24   11.87   10.18   16.4   16.49   11.78   11.35   12.54   13.26   13.59    
16.4   11.22   10.9   15.66   12.2   14.6   12.57   13.94   9.77   10.54   15.54   16.75   13.97   16.94   14.45   13.44   18.64   11.84   14.36   16.68   11.38   10.3   18.39   17.68   16.85    
16.47   15.04   12.94   10.58   18.08   16.49   10.26   15.86   12.74   12.37   12.53   14.3   13.03   17.85   15.75   11.67   11.33   17.66   16.26   12.61   12.42   13.97   12.64   15.17   13.68    
16.56   14.93   13.39   16.29   12.2   12.29   16.17   16.56   15.18   12.56   17.37   18.3   14.31   13.43   13.09   11.11   16.38   13.34   15.42   18.36   17.84   14.42   16.28   14.86   15.18    
10.64   17.58   17.28   15.16   18.62   16.36   18.67   10.93   15.59   11.28   15.06   16.91   14.49   11.8   15.01   14.78   11.73   13.36   14.6   14.63   18.58   12.27   16.31   16.42   12.98    
10.12   11.91   15.61   15.41   14.55   18.62   10.49   15.25   18.37   17.7   11.25   12.13   14.31   17.83   12.88   12.55   17.56   14.98   12.12   17.77   13.56   12.44   11.01   13.13   17.29    
14.25   16.57   12.4   16   15.45   17.65   15.63   16.45   13.17   11.27   12.99   10.11   13.55   13.72   15.29   12.89   14.91   10.16   17.63   15.01   10.74   18.39   17.18   18.69   13.16    
14.38   14.98   12.25   11.27   13.91   17.69   11.61   11.22   13.09   16.22   11.86   16.09   11.18   13.37   12.05   15.65   14.46   18.17   10.62   10.53   14.73   10.25   12.43   18.67   15.67    

Physical Properties by Parcel
5.5   5.2   5.3   5.5   5.3   5.5   5.4   5.3   5.5   5.6   5.3   5.5   5.2   5.5   5.4   5.3   5.3   5.3   5.3   5.3   5.5   5.3   5.3   5.3   5.5    
5.6   5.3   5.2   5.6   5.5   5.5   5.3   5.4   5.3   5.4   5.5   5.4   5.3   5.4   5.3   5.5   5.5   5.3   5.3   5.2   5.4   5.3   5.3   5.3   5.5    
5.3   5.2   5.6   5.6   5.4   5.3   5.5   5.2   5.6   5.3   5.3   5.2   5.3   5.4   5.4   5.5   5.5   5.2   5.4   5.2   5.5   5.3   5.6   5.5   5.4    
5.5   5.3   5.4   5.4   5.6   5.6   5.5   5.5   5.3   5.5   5.4   5.2   5.6   5.3   5.4   5.2   5.2   5.3   5.4   5.3   5.5   5.3   5.3   5.5   5.4    
5.4   5.4   5.6   5.6   5.3   5.3   5.3   5.2   5.4   5.2   5.2   5.3   5.3   5.5   5.4   5.5   5.3   5.5   5.2   5.3   5.2   5.2   5.4   5.3   5.6    
5.6   5.6   5.6   5.3   5.5   5.4   5.5   5.3   5.4   5.3   5.3   5.2   5.6   5.3   5.5   5.3   5.5   5.5   5.5   5.5   5.3   5.3   5.2   5.2   5.6    
5.2   5.2   5.5   5.2   5.3   5.5   5.5   5.5   5.5   5.6   5.3   5.5   5.6   5.4   5.2   5.3   5.4   5.5   5.3   5.6   5.4   5.6   5.4   5.6   5.5    
5.5   5.6   5.4   5.3   5.3   5.6   5.6   5.3   5.2   5.3   5.3   5.3   5.2   5.4   5.3   5.3   5.4   5.6   5.5   5.6   5.6   5.3   5.4   5.4   5.3    
5.4   5.3   5.5   5.2   5.4   5.3   5.4   5.3   5.5   5.4   5.3   5.6   5.3   5.6   5.3   5.2   5.2   5.2   5.3   5.3   5.5   5.4   5.5   5.3   5.2    
5.3   5.3   5.3   5.6   5.4   5.2   5.5   5.3   5.3   5.3   5.3   5.4   5.4   5.4   5.5   5.5   5.3   5.6   5.2   5.6   5.5   5.4   5.5   5.5   5.3    

Ha by Parcels
6   6   7   6   7   6   7   6   7   7   

Cost of m3 in each parcel
1.89   1.99   1.92   1.9   2.15   1.81   2.13   1.98   1.98   2.04   