Instance: 99
width: 5
long: 5
Parcels: 10
Crops: 19
Water: 354000

Chemical Properties by Parcel
14.01   16.77   13.41   17.27   16.93   15.51   15.12   11.48   11.2   13.23   9.83   11.39   16.17   13.87   18.16   12.56   18.36   10.66   10.9   14.47   10.83   13.61   17.78   12.65   16.66    
11.35   14.57   14.65   9.64   11.16   12.46   13.13   12.82   17.14   13.93   16.52   17.95   12.75   14.51   18.32   13.22   18.08   18.29   13.72   18.19   13.7   11.27   15.67   17.36   12.51    
14.39   15.52   11.77   9.89   15.7   15.39   12.13   11.12   16.42   11.37   13.84   12.06   15.89   17.39   12.04   16.43   17.23   17.86   17.7   16.94   10.97   16.7   10.51   18.25   15.59    
16.57   11.14   14.48   17.65   18.06   11.57   9.85   16.57   13.92   12   10.37   11.88   12.39   11.05   13.92   10.47   18.4   17.23   16.04   17.25   15.54   12.1   11.16   13.09   13.94    
17   18.62   18.61   12.61   14   18.18   14.13   18.41   12.72   12.32   17.57   16.4   14.28   14.2   12.75   12.48   10.69   9.66   10.87   12.27   12.89   9.68   11.42   11.09   17.32    
13.4   11.2   14.16   13.39   18.14   16.44   15.13   17.3   15.5   17.56   16.26   11.82   13.19   10.19   10.75   13.33   10.44   15.42   15.56   12.54   10.63   14.53   12.31   15.03   18.08    
11.26   9.66   18.23   12.48   12.51   18.06   13.46   13.31   16.36   16.99   14.8   17.16   10.8   18.03   15.38   15.62   17.02   15.04   16.04   13.64   16.2   12.71   12.32   13.72   15.07    
11.52   13.58   15.7   13.44   11.89   11.36   9.75   16.86   10.87   16.35   18.59   12.17   16.25   10.27   18   18.04   15.9   16.45   13.66   17.99   12.01   15.21   12.87   18.03   12.17    
15.49   13.54   14.94   14.43   15.69   16.68   14.76   16.8   14.42   14.3   15.4   18.46   10.06   18.7   12.36   17.54   17.88   18.7   17.02   10.08   13.95   11.62   15.22   14.05   17.7    
13.78   13.03   15.72   12.58   15.81   17.26   10.73   15.84   16.08   15.86   9.87   17.72   14.84   17.77   11.88   17.99   15.62   12.91   18.04   17.91   17.49   13.8   16.4   12.99   18.54    

Physical Properties by Parcel
5.6   5.4   5.5   5.3   5.5   5.4   5.4   5.5   5.5   5.5   5.4   5.3   5.2   5.2   5.3   5.4   5.6   5.6   5.3   5.3   5.5   5.6   5.4   5.5   5.4    
5.6   5.4   5.3   5.2   5.4   5.3   5.4   5.5   5.4   5.5   5.3   5.4   5.4   5.4   5.5   5.4   5.3   5.6   5.2   5.4   5.5   5.5   5.6   5.6   5.5    
5.5   5.3   5.2   5.3   5.5   5.3   5.5   5.2   5.6   5.3   5.6   5.5   5.4   5.3   5.5   5.3   5.5   5.4   5.4   5.2   5.3   5.4   5.5   5.4   5.5    
5.2   5.2   5.5   5.5   5.4   5.4   5.3   5.2   5.5   5.2   5.4   5.6   5.6   5.3   5.4   5.2   5.3   5.3   5.3   5.2   5.4   5.5   5.5   5.4   5.4    
5.5   5.6   5.3   5.6   5.5   5.4   5.5   5.4   5.3   5.5   5.3   5.3   5.2   5.4   5.3   5.6   5.2   5.4   5.4   5.3   5.3   5.6   5.6   5.4   5.2    
5.3   5.6   5.3   5.2   5.2   5.3   5.4   5.4   5.5   5.2   5.4   5.2   5.6   5.6   5.2   5.6   5.5   5.2   5.4   5.4   5.5   5.3   5.3   5.2   5.4    
5.3   5.4   5.5   5.5   5.4   5.3   5.4   5.3   5.5   5.6   5.4   5.3   5.5   5.4   5.5   5.6   5.5   5.6   5.5   5.3   5.3   5.5   5.4   5.6   5.4    
5.5   5.4   5.5   5.5   5.6   5.3   5.3   5.2   5.5   5.3   5.5   5.3   5.5   5.6   5.2   5.4   5.2   5.6   5.3   5.4   5.2   5.6   5.2   5.2   5.3    
5.3   5.4   5.3   5.5   5.2   5.4   5.5   5.2   5.4   5.4   5.5   5.3   5.6   5.3   5.4   5.4   5.4   5.6   5.4   5.4   5.3   5.6   5.3   5.4   5.4    
5.3   5.2   5.4   5.6   5.5   5.3   5.3   5.2   5.4   5.3   5.4   5.4   5.2   5.3   5.5   5.3   5.4   5.3   5.4   5.6   5.5   5.3   5.3   5.5   5.4    

Ha by Parcels
5   6   5   7   7   6   6   5   7   5   

Cost of m3 in each parcel
1.85   1.86   2.19   1.92   2.01   1.85   2.17   1.87   2.11   1.82   