Instance: 95
width: 5
long: 5
Parcels: 10
Crops: 19
Water: 354000

Chemical Properties by Parcel
11.57   10.77   16.74   14.88   10.42   12.35   10.78   11.34   14.74   11.49   15.75   9.75   18.22   16.31   12.39   16.14   12.43   14.01   16.9   12   17.08   16.51   16.89   10.13   12.54    
12.72   11.01   14.58   14.81   17.17   11.77   17.79   18.31   15.08   13.26   11.75   16.17   11.77   18.31   13.51   16.97   11.58   14.45   13.34   18.6   14.66   10.93   18.15   14.59   15.91    
11.93   15.42   16.31   10.83   14.7   12.9   17.9   17.18   10   13.47   13.49   13.44   10.75   17.65   11.24   9.77   9.75   13.46   11.25   13.33   17.95   16.43   13.01   14.76   13.94    
13.35   14.09   16.65   14.55   17.17   17.5   9.62   10.14   18.2   16.94   15.09   11.91   15.21   12.1   18.66   18.14   11.66   15.96   11.51   10.35   15.8   17.99   9.9   13.16   15.8    
10.78   11.75   15.75   9.74   11.49   13.53   10   12.23   14.19   13.66   14.53   13.48   13.66   16.97   10.82   17.31   17.2   18.05   11.13   17.09   18.05   17.29   10.32   12.86   16.56    
12.72   16.37   16.64   15.74   18.1   13.71   13.69   14.07   11.43   16.38   14.44   15.12   9.75   10.25   14.04   11.29   11.35   10.09   11.99   18.25   17.58   12.45   16.88   15.36   11.31    
15.75   10.61   17.63   16.62   11.28   15.39   13.2   11.59   10.86   10.95   18.7   11.76   17.17   10.21   14.12   11.8   14.94   16.34   17.82   18.58   16.01   14.91   9.95   17.18   15.63    
12   14.83   12.99   18.42   15.5   17.72   11.88   10.43   11.99   12.84   11.38   14.17   14.58   11.41   17.04   13.5   15.35   15.07   17.71   15.21   10.46   13.17   11.79   15.56   18.48    
14.66   10.09   15.74   13.35   14.92   12.77   17.79   15.59   12.63   17.75   10.85   14.67   10.05   16.5   16.54   12.33   11.61   12.26   12.01   16.2   13.19   15.66   16.04   18.32   11.99    
12.31   18.54   14.02   18.63   12.91   16.56   13.74   13.19   13.98   15.89   10.39   14.27   12.57   16.88   10.34   17.03   16.99   13.35   12.24   12.41   11.71   16.04   18.55   16.34   15.54    

Physical Properties by Parcel
5.4   5.3   5.2   5.4   5.4   5.3   5.2   5.5   5.4   5.4   5.4   5.3   5.5   5.4   5.3   5.4   5.3   5.4   5.3   5.5   5.4   5.5   5.3   5.5   5.5    
5.6   5.6   5.3   5.2   5.3   5.2   5.4   5.4   5.5   5.4   5.6   5.5   5.5   5.5   5.3   5.6   5.3   5.5   5.2   5.5   5.6   5.4   5.3   5.2   5.5    
5.3   5.6   5.5   5.4   5.2   5.3   5.6   5.4   5.4   5.5   5.4   5.3   5.4   5.5   5.2   5.6   5.2   5.4   5.6   5.4   5.6   5.5   5.6   5.4   5.3    
5.5   5.2   5.2   5.5   5.3   5.5   5.4   5.3   5.4   5.4   5.4   5.4   5.2   5.4   5.4   5.5   5.5   5.3   5.2   5.5   5.3   5.5   5.5   5.4   5.3    
5.3   5.2   5.2   5.5   5.3   5.3   5.6   5.5   5.4   5.4   5.4   5.5   5.6   5.3   5.6   5.4   5.5   5.5   5.6   5.6   5.2   5.4   5.2   5.5   5.4    
5.5   5.5   5.3   5.3   5.4   5.6   5.5   5.5   5.6   5.3   5.3   5.3   5.6   5.6   5.4   5.4   5.5   5.5   5.2   5.3   5.5   5.5   5.3   5.3   5.5    
5.6   5.5   5.3   5.4   5.5   5.3   5.3   5.3   5.4   5.6   5.3   5.2   5.3   5.3   5.6   5.5   5.3   5.2   5.5   5.3   5.2   5.6   5.3   5.4   5.3    
5.3   5.3   5.6   5.2   5.2   5.4   5.5   5.5   5.2   5.5   5.6   5.3   5.6   5.4   5.5   5.6   5.3   5.3   5.4   5.6   5.5   5.5   5.5   5.3   5.6    
5.4   5.3   5.3   5.4   5.5   5.6   5.3   5.3   5.5   5.3   5.2   5.3   5.2   5.3   5.5   5.5   5.4   5.5   5.3   5.4   5.5   5.6   5.5   5.3   5.3    
5.5   5.4   5.6   5.2   5.5   5.5   5.4   5.2   5.2   5.4   5.5   5.2   5.6   5.3   5.4   5.4   5.3   5.4   5.3   5.2   5.2   5.4   5.5   5.4   5.4    

Ha by Parcels
7   7   6   5   6   5   6   6   5   6   

Cost of m3 in each parcel
2.17   2.2   2.05   2.09   1.96   1.94   2.12   1.94   2.15   1.97   