Instance: 91
width: 5
long: 5
Parcels: 10
Crops: 19
Water: 372000

Chemical Properties by Parcel
11.78   17.3   12.06   11.46   18.39   13.51   13.98   18.16   17.87   13.24   13.46   16.81   14.64   10.62   15.08   14.81   14.4   14.1   16.76   12.05   18.06   10.21   18.55   11.3   17.83    
12.7   13.91   15.62   9.82   10.44   15.16   12.5   10.4   9.99   14.85   11.58   11.97   11.2   14.03   17.03   16.21   11.79   10.95   14.22   17.52   13.26   10.83   13.11   18.46   10.74    
11.17   12.48   13.47   17.97   15.59   16.12   17.9   15.55   10.77   14.5   18.64   9.71   14.11   12.89   18.68   17.09   17.21   12.05   16.33   13.78   15.01   11.77   12.73   12.82   9.94    
16.54   18.28   17.35   18.12   16.75   15.18   18.2   15.95   15.3   18.36   14.44   12.13   10.62   10.37   15.78   14.52   13.75   17.79   18.17   17.66   12.12   10.65   14.17   17.08   17.44    
16.84   15.8   9.68   9.64   12.06   11.03   10.81   11.69   10.09   15.75   11.5   12.82   17.61   17.4   18.18   14.79   11.68   10.21   16.87   16.85   13.34   11.26   16.02   14.73   17.77    
11.03   17.71   14.65   15.58   9.69   11.05   14.35   15.9   12.69   10.6   10.5   17.96   9.97   10.72   18.36   17.5   17.1   10.74   10.92   9.64   15.16   13.41   14.61   11.22   11.15    
12.52   9.68   15.87   17.4   13.33   14.28   10.54   10.23   15.63   12.75   10.43   17.85   18.64   10.26   9.67   10.7   16.11   10.19   16.89   15.75   14.11   15.41   14.99   9.77   14.66    
15.01   10.75   10.35   16.38   15.14   10.98   10.13   17.93   10.02   11.76   17.38   15.19   18.12   17.43   12.85   11.86   17.49   17.04   14.01   10.67   16.45   18.07   10.38   16.35   17.31    
13.58   9.71   9.61   17.14   10.94   11.68   14.63   17.01   14.33   12.97   15.09   14.1   11.74   11.5   13.17   13.79   14.88   15.85   15.57   17.1   12.21   13.55   10.25   17.39   15.04    
17.63   15.08   14.22   12.18   13.42   17.01   15.55   16.41   14.75   18.68   14.02   12.89   15.48   11.81   14.5   10.35   10.49   12.35   13.02   16.73   15.17   11.04   17.37   13.74   14.41    

Physical Properties by Parcel
5.5   5.5   5.5   5.4   5.4   5.6   5.3   5.3   5.2   5.5   5.3   5.6   5.6   5.4   5.3   5.4   5.5   5.4   5.4   5.5   5.2   5.5   5.6   5.5   5.5    
5.4   5.3   5.4   5.4   5.6   5.5   5.3   5.5   5.4   5.4   5.4   5.3   5.4   5.3   5.6   5.5   5.4   5.5   5.6   5.5   5.2   5.5   5.3   5.6   5.6    
5.5   5.5   5.3   5.3   5.5   5.6   5.3   5.5   5.6   5.5   5.5   5.4   5.5   5.5   5.3   5.2   5.4   5.4   5.5   5.2   5.2   5.5   5.3   5.5   5.6    
5.5   5.5   5.5   5.5   5.5   5.3   5.3   5.3   5.4   5.5   5.5   5.5   5.5   5.4   5.3   5.4   5.3   5.2   5.3   5.6   5.6   5.4   5.4   5.4   5.4    
5.3   5.5   5.4   5.4   5.3   5.5   5.3   5.4   5.5   5.3   5.5   5.4   5.4   5.3   5.4   5.4   5.5   5.6   5.4   5.5   5.3   5.5   5.5   5.3   5.5    
5.3   5.5   5.3   5.5   5.4   5.4   5.6   5.2   5.2   5.5   5.5   5.5   5.3   5.3   5.4   5.3   5.3   5.3   5.5   5.3   5.3   5.5   5.3   5.4   5.2    
5.2   5.6   5.5   5.4   5.6   5.4   5.5   5.4   5.5   5.6   5.5   5.3   5.4   5.2   5.6   5.6   5.3   5.5   5.5   5.4   5.3   5.3   5.2   5.6   5.3    
5.2   5.3   5.5   5.2   5.4   5.3   5.5   5.3   5.6   5.3   5.3   5.5   5.5   5.3   5.3   5.2   5.4   5.3   5.2   5.2   5.6   5.4   5.4   5.4   5.5    
5.4   5.4   5.3   5.5   5.4   5.6   5.4   5.2   5.6   5.3   5.6   5.6   5.6   5.5   5.3   5.5   5.5   5.3   5.3   5.4   5.4   5.3   5.3   5.5   5.2    
5.4   5.3   5.3   5.4   5.4   5.5   5.6   5.3   5.3   5.4   5.4   5.5   5.6   5.3   5.5   5.2   5.5   5.3   5.5   5.6   5.3   5.5   5.5   5.4   5.5    

Ha by Parcels
7   5   5   7   6   6   7   6   7   6   

Cost of m3 in each parcel
1.82   2.05   1.9   1.93   2.03   1.8   2.09   2   1.83   2.19   