Instance: 14
width: 7
long: 6
Parcels: 5
Crops: 19
Water: 174000

Chemical Properties by Parcel
14.37   15.91   9.63   10.09   15.55   14.46   9.99   14.16   17.43   14.35   14.2   10.45   13.24   11.45   16.97   13.05   11.35   10.79   12.92   18.23   9.83   11.89   13.16   18.28   9.68   14.6   18.7   17.53   12.13   18.1   14.36   14.3   18.18   13.09   10.43   12.46   12.3   12.64   13.78   16.96   12.01   12.49    
10.62   17.42   13.85   14.4   13.14   15.18   15.98   14.99   10.9   16.44   12.6   17.06   12.94   15.16   13.34   17.34   15.99   14.85   17.31   16.78   13.18   11.69   18.36   13.92   14.06   16.24   12.64   18.61   12.35   13.83   17.49   13.55   10.52   18.1   10.71   18.07   10.24   17.72   17.77   17.8   14.29   16.33    
12.43   11.09   15.04   16.45   15.13   9.85   18.68   17.17   16.71   14.26   16.65   10.19   15.44   14.19   12.56   10.28   17.6   11.82   9.6   15.26   16.64   11.48   13.53   15.25   10.89   11.86   10.63   13.3   14.58   18.67   11.65   11.84   16.4   14.06   16.13   10.59   13.24   10.21   15.34   15.76   9.73   14.26    
11.03   13.59   10.4   10.45   17.81   18.12   15.46   14.42   14.48   13.77   10.07   15.33   14.25   18.36   14.17   15.43   15.48   12.36   14.1   17.52   14.9   17.51   18.01   13.7   14.01   13.94   13.26   12.84   18.67   14.25   17.26   15.65   13.62   12.45   12.13   10.32   12.11   17.09   18.27   15.87   16.84   13.89    
10.36   12.49   11.61   10.81   11.58   13.61   14.33   13.92   16.17   14.91   13.02   12.42   12.05   9.95   18.43   17.78   15.39   16.8   13.33   16.29   17.81   17.88   14.63   10.16   17.87   11.29   10.38   15.33   18.31   9.85   17.34   16.18   16.57   15   13.49   13.38   15.69   11.34   18.32   10.45   10.27   17.93    

Physical Properties by Parcel
5.3   5.3   5.3   5.4   5.6   5.3   5.5   5.5   5.4   5.3   5.6   5.2   5.4   5.2   5.5   5.3   5.3   5.6   5.4   5.6   5.3   5.5   5.4   5.2   5.3   5.2   5.4   5.3   5.4   5.5   5.4   5.3   5.5   5.5   5.4   5.5   5.2   5.5   5.4   5.3   5.4   5.2    
5.6   5.4   5.6   5.3   5.4   5.4   5.4   5.6   5.4   5.6   5.5   5.4   5.2   5.2   5.6   5.4   5.5   5.5   5.5   5.4   5.2   5.4   5.5   5.3   5.6   5.4   5.2   5.2   5.4   5.3   5.3   5.4   5.4   5.5   5.4   5.3   5.4   5.6   5.6   5.4   5.6   5.5    
5.5   5.4   5.4   5.5   5.4   5.3   5.3   5.6   5.3   5.3   5.4   5.4   5.5   5.4   5.4   5.4   5.3   5.3   5.6   5.3   5.6   5.6   5.5   5.3   5.4   5.4   5.3   5.2   5.6   5.5   5.5   5.3   5.2   5.2   5.5   5.4   5.3   5.2   5.4   5.6   5.6   5.3    
5.5   5.2   5.5   5.6   5.6   5.4   5.5   5.5   5.4   5.3   5.5   5.2   5.2   5.2   5.3   5.2   5.5   5.6   5.4   5.5   5.4   5.3   5.3   5.3   5.4   5.5   5.3   5.3   5.3   5.4   5.3   5.4   5.5   5.5   5.6   5.2   5.4   5.3   5.5   5.2   5.2   5.2    
5.3   5.4   5.2   5.4   5.5   5.5   5.5   5.2   5.6   5.4   5.5   5.4   5.6   5.6   5.6   5.3   5.5   5.4   5.4   5.3   5.6   5.5   5.3   5.4   5.4   5.4   5.4   5.5   5.3   5.4   5.4   5.3   5.6   5.4   5.3   5.6   5.6   5.4   5.5   5.5   5.3   5.5    

Ha by Parcels
6   5   5   7   6   

Cost of m3 in each parcel
2.19   1.97   2.03   2.05   2.19   