Instance: 15
width: 7
long: 6
Parcels: 5
Crops: 19
Water: 186000

Chemical Properties by Parcel
17.82   10.95   16.29   18.16   15.22   10.93   14.76   11.62   15.92   13.29   14.79   10.69   14.46   14.48   13.96   16.33   17.63   10.63   10.8   17.61   13.32   18.17   15.73   13.44   14.45   14.84   9.66   18.42   14.17   10.34   14.11   16.34   16.2   10.07   17.97   16.06   12.71   17.57   15.76   18.68   10.11   11.9    
11.57   18.28   17.24   17.08   10.85   17.27   13.79   12.7   15.83   10.88   9.6   15.71   10.48   18.16   16.36   12.06   10.22   18.43   10.17   12.62   10.3   15.2   12.96   18.09   18.31   11.22   12.52   13.4   16.3   13.18   12.04   9.99   16.02   11.42   18.36   17.51   16.42   16.42   14.23   17.75   18.07   15.76    
12.4   15.2   16.88   17.43   9.78   18.3   15   12.14   15.19   17.54   18.62   17.69   15.27   14.89   17.86   11.99   13.16   17.42   14.83   9.67   11.03   16.94   11.92   15.61   13.03   17.47   11.25   17.09   12.37   10.35   16.65   14.67   17.07   15.34   10.36   9.78   14.26   14.76   14.12   12.89   18.64   17.37    
14.09   15.24   17.26   12.45   15.77   15.81   10.16   15.81   16.23   12.37   10.7   18.51   15.72   11.59   13.11   13.3   18.35   17.67   9.92   16.46   12.28   9.77   14.15   9.88   15.98   12.65   11.21   12.89   17.53   14.96   13.03   10.75   16.21   17.09   14.42   12.8   11.89   17.72   15.38   12.77   14.84   11.66    
12.29   17.28   9.86   18.04   10.13   15.26   16.45   17.15   13.08   16.97   18.29   11.17   16.38   16.82   9.97   10.14   17.82   10.61   18.27   18.43   13.93   16.18   13.04   11.05   16.6   14.36   11.42   12.22   17.38   10.53   11.42   12.52   17.81   16.61   9.73   15.66   16.43   17.06   12.64   14.73   16.36   9.93    

Physical Properties by Parcel
5.3   5.5   5.5   5.4   5.4   5.3   5.5   5.4   5.3   5.5   5.6   5.5   5.5   5.4   5.6   5.4   5.5   5.5   5.5   5.4   5.3   5.6   5.3   5.2   5.3   5.6   5.3   5.2   5.3   5.5   5.2   5.5   5.4   5.6   5.2   5.6   5.6   5.5   5.2   5.5   5.4   5.4    
5.3   5.5   5.3   5.3   5.3   5.3   5.6   5.2   5.3   5.5   5.4   5.3   5.5   5.5   5.5   5.6   5.4   5.5   5.5   5.3   5.6   5.6   5.4   5.3   5.4   5.4   5.5   5.3   5.4   5.5   5.2   5.5   5.4   5.6   5.6   5.2   5.4   5.3   5.6   5.4   5.5   5.5    
5.3   5.5   5.3   5.5   5.2   5.2   5.6   5.4   5.3   5.4   5.2   5.5   5.3   5.5   5.4   5.3   5.4   5.4   5.5   5.5   5.3   5.5   5.5   5.6   5.4   5.5   5.4   5.5   5.4   5.4   5.4   5.5   5.3   5.5   5.3   5.2   5.4   5.4   5.4   5.5   5.4   5.5    
5.2   5.6   5.4   5.5   5.3   5.2   5.3   5.3   5.3   5.4   5.6   5.5   5.4   5.3   5.3   5.2   5.4   5.2   5.5   5.6   5.3   5.4   5.4   5.4   5.5   5.2   5.5   5.4   5.4   5.3   5.4   5.4   5.4   5.5   5.3   5.4   5.5   5.5   5.5   5.5   5.2   5.4    
5.5   5.6   5.4   5.4   5.4   5.6   5.4   5.5   5.3   5.4   5.3   5.3   5.4   5.3   5.6   5.4   5.6   5.4   5.3   5.4   5.5   5.4   5.3   5.3   5.3   5.4   5.2   5.6   5.3   5.3   5.4   5.4   5.2   5.5   5.3   5.3   5.6   5.6   5.6   5.3   5.2   5.2    

Ha by Parcels
6   5   6   7   7   

Cost of m3 in each parcel
2.09   2   1.98   2.14   2.04   