Instance: 12
width: 7
long: 6
Parcels: 5
Crops: 19
Water: 198000

Chemical Properties by Parcel
10.89   17.77   13.8   16.14   16.85   18.25   14.24   11.47   15.81   14.15   14.08   15.2   15.36   12.84   9.98   17.41   13.95   12.79   16.25   9.89   14.05   18.45   10.94   11.26   10.42   12.02   11.65   12.52   16.94   18.4   17.06   15.9   13.88   17.73   14.52   12.21   15.71   14.94   17.08   15.13   13.8   11.45    
12.4   15.57   11.21   12.8   12.29   18.69   13.9   16.3   14.9   10.3   15.78   10.05   10.49   13.32   12.31   15.02   14.15   12.62   13.08   9.87   13.06   13.16   12.88   17.64   16.06   18.52   10.62   12.55   14.6   11.7   12.36   11.17   18.68   11.03   18.3   11.12   13.23   9.98   12.19   14   16.81   10.32    
15.21   12.02   13.96   16.85   15.64   14.52   15.66   13.74   12.14   11.18   14.85   14.52   17.05   13.35   14.5   17.66   12.8   12.9   12.18   10.5   15.15   10.9   14.45   17.2   11.37   11.96   17.06   12.4   9.85   11.98   14.78   10.1   10.1   15.23   13.46   18.31   11.43   17.55   17.12   14.14   14.81   9.8    
17.84   11.08   11.92   17.09   12.11   13.07   17.39   14.14   10.06   17.72   10.2   17.67   10.4   13.55   16.31   11.76   11.34   17.81   11.78   11.92   17.04   11.85   16.78   10.56   9.79   15.16   9.79   15.89   15.67   16.13   17.11   11.05   17.56   14.29   13.41   15.67   16.23   10.2   15.77   13.29   11.66   15.87    
14.01   12.74   15.9   12.38   11.35   12.2   18.12   15.31   12.42   18.1   11.69   12.11   9.86   9.93   13.28   14.75   18.41   9.97   11.14   11.26   15.36   16.42   11.3   18.25   10.64   11.42   13.27   17.31   9.99   16.99   15.27   12.04   16.81   16.66   12.69   14.54   18.11   15.89   17.02   16.01   18.16   13.79    

Physical Properties by Parcel
5.4   5.4   5.3   5.4   5.3   5.5   5.6   5.5   5.4   5.4   5.2   5.3   5.5   5.3   5.5   5.4   5.5   5.5   5.4   5.4   5.6   5.5   5.4   5.4   5.3   5.6   5.3   5.4   5.2   5.2   5.2   5.4   5.6   5.5   5.3   5.2   5.3   5.4   5.5   5.5   5.4   5.5    
5.3   5.6   5.3   5.6   5.3   5.6   5.3   5.4   5.3   5.3   5.6   5.4   5.5   5.3   5.3   5.5   5.3   5.5   5.5   5.2   5.3   5.3   5.4   5.3   5.3   5.3   5.3   5.4   5.3   5.4   5.6   5.4   5.5   5.4   5.5   5.5   5.6   5.2   5.4   5.5   5.4   5.6    
5.4   5.4   5.3   5.6   5.2   5.4   5.5   5.5   5.2   5.4   5.5   5.6   5.6   5.5   5.2   5.3   5.6   5.4   5.3   5.3   5.3   5.4   5.5   5.3   5.4   5.2   5.2   5.5   5.4   5.4   5.5   5.3   5.2   5.2   5.3   5.3   5.6   5.5   5.4   5.3   5.3   5.5    
5.6   5.4   5.4   5.4   5.4   5.3   5.5   5.5   5.5   5.4   5.3   5.5   5.6   5.6   5.4   5.4   5.3   5.6   5.4   5.3   5.4   5.3   5.5   5.5   5.3   5.2   5.6   5.3   5.4   5.6   5.4   5.3   5.3   5.2   5.3   5.4   5.5   5.5   5.4   5.5   5.6   5.6    
5.5   5.3   5.4   5.4   5.3   5.4   5.5   5.3   5.4   5.4   5.3   5.3   5.4   5.6   5.4   5.2   5.4   5.3   5.5   5.3   5.5   5.5   5.3   5.6   5.4   5.5   5.4   5.5   5.4   5.3   5.2   5.4   5.6   5.3   5.3   5.5   5.4   5.5   5.2   5.3   5.6   5.4    

Ha by Parcels
7   5   7   7   7   

Cost of m3 in each parcel
2.16   2.08   2   1.92   2.14   