Instance: 19
width: 7
long: 6
Parcels: 5
Crops: 19
Water: 180000

Chemical Properties by Parcel
18.05   17.7   14.68   17.19   12.83   11.25   11.6   14.09   15.92   13.75   16.53   9.73   18.16   14.59   11.85   14.35   16.64   11.66   18.09   14.66   15.45   18.31   18.5   18.3   10.41   18.03   13.16   9.64   12.61   12.32   11.78   17.02   10.34   16.31   10.47   18.51   15.42   11.12   16.41   13.68   11.47   16.81    
13.88   12.88   15.17   9.89   13.55   15.77   12.19   13.14   14.06   13.04   17.15   10.23   16.44   18.09   13.15   18.31   15.34   18   16.79   17.73   15.63   14.61   18.57   12.51   14.96   13.28   16.63   11.1   15.83   13.94   16.29   18.6   12.61   13.52   13.69   12.99   17.34   10.61   18.15   14.67   14.9   12.46    
11.51   16.92   10.01   11.33   12.69   14.81   14.29   15.91   12.58   12.89   10.82   10.83   12.9   13.46   15.97   13.45   16.75   14.53   13.54   11.59   15.76   12.25   11.11   12.57   15.77   14.67   16.94   12.7   10.28   12.33   9.93   14.44   10.68   14.79   11.98   18.56   15.18   16.68   17.1   18.66   16.28   11.43    
10.64   16.49   18.12   9.65   11.12   9.77   10.93   15.51   15.66   13.91   11.13   15.73   14.84   10.03   16.8   9.81   10.73   17.46   11.46   13.63   10.83   12.01   18.23   15.27   15.12   10.24   10.71   14.91   14.48   10.51   17.14   12.51   9.6   18.12   17.68   15.9   14   18.13   16.72   14.74   13.74   14.23    
11.4   15.18   16.87   17.65   17.67   14.51   12.24   17.34   17.94   17.94   9.69   13.1   13.96   18.52   17   11.75   13.17   10.42   11.31   11.88   11.22   14.06   18.34   12.01   13.17   12.6   11.84   11.82   11.41   18.04   15.54   15.75   11.43   12.2   16.3   11.47   14.32   17.39   15.98   14.46   10.67   14.68    

Physical Properties by Parcel
5.3   5.4   5.4   5.2   5.3   5.5   5.6   5.3   5.4   5.5   5.5   5.6   5.4   5.4   5.4   5.3   5.4   5.6   5.2   5.3   5.6   5.6   5.3   5.2   5.4   5.3   5.3   5.3   5.5   5.3   5.4   5.3   5.6   5.4   5.4   5.5   5.2   5.5   5.6   5.4   5.4   5.3    
5.2   5.5   5.2   5.3   5.4   5.5   5.3   5.2   5.3   5.2   5.3   5.5   5.6   5.2   5.2   5.3   5.2   5.4   5.2   5.5   5.4   5.6   5.4   5.3   5.6   5.5   5.3   5.4   5.5   5.6   5.3   5.5   5.2   5.5   5.6   5.2   5.3   5.5   5.5   5.5   5.5   5.5    
5.5   5.5   5.2   5.3   5.3   5.5   5.3   5.6   5.6   5.2   5.5   5.5   5.3   5.3   5.5   5.4   5.5   5.3   5.4   5.4   5.4   5.5   5.6   5.2   5.4   5.2   5.2   5.3   5.4   5.3   5.5   5.2   5.6   5.5   5.3   5.5   5.6   5.5   5.5   5.3   5.5   5.5    
5.3   5.5   5.5   5.6   5.4   5.4   5.4   5.5   5.4   5.4   5.3   5.4   5.6   5.4   5.3   5.5   5.5   5.4   5.5   5.6   5.5   5.4   5.3   5.5   5.6   5.3   5.2   5.4   5.3   5.5   5.5   5.4   5.4   5.5   5.2   5.3   5.6   5.3   5.2   5.3   5.4   5.5    
5.4   5.3   5.2   5.4   5.5   5.2   5.2   5.4   5.3   5.3   5.4   5.3   5.3   5.4   5.6   5.3   5.5   5.4   5.3   5.6   5.5   5.3   5.6   5.6   5.2   5.5   5.3   5.3   5.5   5.3   5.6   5.3   5.3   5.3   5.5   5.4   5.6   5.5   5.4   5.6   5.5   5.2    

Ha by Parcels
6   5   6   6   7   

Cost of m3 in each parcel
2.07   2.07   1.93   2.08   1.88   