Instance: 16
width: 7
long: 6
Parcels: 5
Crops: 19
Water: 162000

Chemical Properties by Parcel
16.84   13.68   16.71   12.71   15.75   14.74   13.33   16.59   16.03   16.85   18.67   13.42   16.58   17.03   14.87   18.66   12.54   14.52   13.93   12.77   13.08   11.98   17.5   16.42   15.9   10.01   15.3   13.27   11.42   12.93   13.1   11.57   16.42   9.62   17.54   16.97   9.95   11.17   14.11   16.77   17.07   18.08    
12.85   16.92   12.67   14.68   10.72   15.8   13.51   12.83   16.49   18.33   12.42   17.1   12.02   18.04   11.12   11.53   13.95   13.38   14.89   14.94   16.4   15.75   17.37   17.44   17.81   14.42   14.9   10.06   13.74   16.49   14.08   16.83   10.06   16.3   14.26   10.7   11.15   12.63   10.52   13.78   10.38   10.02    
10.17   13.17   11.55   16.45   16.99   14.61   16.64   11.65   11.36   11.89   13.06   14.4   11.16   17.95   17.14   10.41   9.74   10.1   15.64   10.4   16.43   17.73   11.96   11.57   17.51   12.12   10.93   15.92   12.09   16.92   14.98   14.45   14.04   11.59   13.46   10.11   10.57   10.07   10.65   15.62   14.12   14.23    
16.47   15.21   13.14   13.53   17.86   15.11   12.56   11.05   12.93   14.68   16.29   13.02   15.3   12.28   11.61   10.42   11.67   14.28   16.36   11.68   18.24   11.32   13.71   11   12.04   11.42   16.56   13.49   10.15   11.71   15.9   17.13   14.66   17.87   13.43   15.18   14.5   11.34   10.82   9.98   16.89   9.71    
17.33   11.12   18.53   15.78   17.37   13.78   13.63   14.4   17.35   10.37   18.29   10.3   11.45   12.13   17.58   10.09   12.27   11.41   16.81   14.37   14   10.29   10.32   11.08   12.46   14.99   16.38   16.55   18.37   14.46   14.14   9.71   18.19   15.75   10.35   14.08   10.13   17.95   17.33   18.34   15.08   15.85    

Physical Properties by Parcel
5.4   5.5   5.5   5.4   5.4   5.2   5.4   5.3   5.2   5.6   5.4   5.4   5.4   5.4   5.5   5.4   5.5   5.3   5.5   5.4   5.2   5.4   5.3   5.4   5.3   5.4   5.5   5.3   5.2   5.2   5.4   5.5   5.2   5.4   5.2   5.3   5.2   5.2   5.4   5.6   5.3   5.3    
5.3   5.3   5.6   5.4   5.6   5.6   5.2   5.5   5.2   5.6   5.2   5.3   5.3   5.5   5.6   5.6   5.5   5.4   5.4   5.3   5.3   5.3   5.5   5.2   5.5   5.6   5.4   5.4   5.2   5.4   5.5   5.3   5.2   5.5   5.4   5.3   5.4   5.4   5.6   5.3   5.5   5.3    
5.4   5.5   5.4   5.5   5.2   5.4   5.3   5.3   5.5   5.4   5.2   5.4   5.5   5.5   5.5   5.4   5.2   5.5   5.2   5.3   5.4   5.2   5.4   5.2   5.2   5.5   5.6   5.6   5.3   5.5   5.2   5.6   5.5   5.4   5.3   5.5   5.2   5.4   5.5   5.4   5.5   5.5    
5.3   5.5   5.4   5.3   5.3   5.4   5.5   5.5   5.5   5.2   5.6   5.5   5.5   5.5   5.3   5.2   5.4   5.3   5.5   5.2   5.4   5.2   5.4   5.6   5.5   5.2   5.5   5.2   5.4   5.5   5.6   5.5   5.3   5.5   5.5   5.5   5.5   5.2   5.2   5.5   5.4   5.6    
5.6   5.3   5.4   5.3   5.6   5.6   5.5   5.6   5.2   5.4   5.6   5.6   5.4   5.5   5.4   5.5   5.5   5.5   5.3   5.3   5.5   5.2   5.5   5.6   5.6   5.3   5.4   5.4   5.5   5.3   5.5   5.4   5.2   5.5   5.4   5.3   5.4   5.6   5.6   5.5   5.5   5.6    

Ha by Parcels
5   5   7   5   5   

Cost of m3 in each parcel
2.03   1.9   2.16   2.14   1.85   