Instance: 17
width: 7
long: 6
Parcels: 5
Crops: 19
Water: 180000

Chemical Properties by Parcel
15.03   12.65   10.75   15.66   14.15   10.28   16.95   11.18   14.73   12.94   16.17   12.34   17.08   18.04   12.25   10.45   11.4   16.83   18.35   14.36   17.2   12.75   11.03   15.34   15.77   14.79   14   17.93   12.27   14.81   11.21   18.44   18.28   12.79   17.03   13.12   18.37   16.91   12.01   17.58   11.76   18.68    
10.78   15.84   18.44   11.31   14.23   10.26   14.06   17.38   10.43   17.1   18.63   12.53   9.72   12.71   17.27   17   15.63   12.07   15.63   16.67   16.5   12.09   9.91   16.66   15.74   9.94   13.74   15.3   9.81   14.54   14.55   16.82   13.92   14.9   14.04   9.82   17.3   14.36   16.41   11.83   13.45   12.53    
14.49   16.82   13.33   12.69   13.22   10.72   18.12   13.82   11.12   15.38   11.28   15.17   12.25   16.95   12.21   16   10.29   14.46   10.67   13.48   14.27   15.5   16.39   17.63   12.93   15.77   10.91   13.92   14.04   17.54   10.81   10.02   13.31   13.77   14.98   12.11   11   11.06   17.85   12.46   12.66   18.4    
13.86   10.92   15.66   13.14   14.63   14.19   9.67   12.88   17.81   17.92   15.55   10.01   11.63   10.23   10.35   12.55   18.17   14.2   11.88   15.44   16.7   17.48   16.81   13.26   14.96   13.36   13.95   15.15   13.43   16.88   17.92   16.48   17.45   10.35   14.14   18.37   15.15   18.54   15.24   13.01   12.3   13.34    
14.83   11.66   18.44   14.83   13.6   11.91   12.09   16.58   16.98   14.59   13.41   14.16   12.85   17.91   14.67   15.34   14.87   15.66   12.37   15.3   10.78   15.5   15.88   16.07   13.27   14.17   12.9   11.9   12.82   11.17   9.96   13.31   14.85   15.81   11.56   9.68   15.43   10.94   10.61   16.01   15.58   9.93    

Physical Properties by Parcel
5.6   5.3   5.2   5.5   5.2   5.5   5.6   5.2   5.3   5.2   5.6   5.6   5.3   5.6   5.2   5.4   5.5   5.5   5.5   5.3   5.3   5.3   5.4   5.6   5.3   5.4   5.3   5.3   5.5   5.5   5.4   5.5   5.4   5.5   5.4   5.5   5.5   5.6   5.5   5.4   5.3   5.5    
5.6   5.5   5.5   5.5   5.5   5.5   5.5   5.5   5.2   5.4   5.6   5.3   5.3   5.4   5.4   5.4   5.5   5.4   5.5   5.3   5.4   5.4   5.6   5.4   5.3   5.3   5.6   5.5   5.2   5.5   5.4   5.5   5.5   5.4   5.4   5.5   5.5   5.4   5.4   5.5   5.2   5.3    
5.5   5.3   5.2   5.3   5.3   5.3   5.2   5.2   5.4   5.3   5.5   5.5   5.3   5.3   5.6   5.2   5.2   5.4   5.2   5.2   5.4   5.5   5.2   5.5   5.3   5.2   5.2   5.4   5.5   5.2   5.3   5.4   5.4   5.3   5.3   5.2   5.5   5.3   5.4   5.5   5.5   5.3    
5.3   5.5   5.3   5.6   5.3   5.3   5.3   5.4   5.6   5.2   5.5   5.3   5.4   5.2   5.5   5.5   5.6   5.3   5.3   5.6   5.4   5.2   5.3   5.3   5.5   5.2   5.6   5.3   5.3   5.6   5.3   5.4   5.4   5.3   5.6   5.3   5.5   5.5   5.4   5.5   5.5   5.3    
5.4   5.3   5.5   5.2   5.3   5.4   5.4   5.3   5.3   5.4   5.3   5.2   5.2   5.2   5.2   5.4   5.6   5.3   5.3   5.3   5.6   5.3   5.4   5.5   5.5   5.2   5.3   5.6   5.4   5.5   5.5   5.3   5.4   5.4   5.4   5.6   5.3   5.3   5.5   5.6   5.3   5.3    

Ha by Parcels
6   7   5   7   5   

Cost of m3 in each parcel
2.11   2.07   2.08   2.07   2.12   