Instance: 18
width: 7
long: 6
Parcels: 5
Crops: 19
Water: 168000

Chemical Properties by Parcel
14.53   15.01   18.12   17.29   9.68   16.8   16.93   10.59   17.32   15.26   14.27   15.47   14.32   9.86   12.24   14.77   11.73   15.78   11.41   14.21   15.71   17.39   13.77   15.23   17.99   15   9.79   17.37   15.95   10.27   13.28   13.9   16.69   12.02   16.6   16.97   16.18   17   11.81   12.27   16.99   11.22    
11.97   9.88   15.05   15.97   15.67   17.69   9.97   14.79   16.11   9.71   10.66   11.99   10.8   14.48   13.92   15.44   17.64   17.52   18.28   9.65   15.38   12.65   15.59   17.38   13.69   10.05   12.21   17.84   16.38   10.31   16.07   12.81   14.07   17.04   16.91   13.17   15.71   15.4   14.3   18.51   18.48   16.63    
16.55   13.81   11.68   16.71   11.97   12.72   16.23   10.64   9.73   10.35   16.52   14.24   15.01   12.15   15.01   18.47   14.63   15.08   12.3   10.68   15.21   11.14   14.71   15.74   10.98   11.47   16.74   12.01   17.4   17.97   13.21   13.33   16.19   15.56   13.58   16.94   11.75   12.06   13.09   17.15   17.09   16.79    
14.73   12.22   17.09   14.46   10.89   9.88   13.39   14.47   9.99   17.5   14.41   14.88   9.74   17.55   18.7   18.31   16.57   11.73   12.61   18.48   17.96   13.17   11.94   11.84   11.56   13.57   14.85   11.26   18.41   16.33   11.69   16.68   16.55   17.37   15.31   15.19   13.41   15.49   11.66   10.8   11.21   15.93    
11.13   18.01   12.5   14.95   10.59   14.12   15.7   14.87   11.92   18.31   17.29   15.36   15.1   15.25   18.36   11.47   12.83   11.53   17.88   13.72   15.07   16.51   15.65   11.85   12.24   16.26   17.63   13.61   13.46   13.54   16.11   13.09   14.31   15.41   17.77   15.87   12.26   14.05   10.23   11.86   15.4   15.34    

Physical Properties by Parcel
5.3   5.4   5.5   5.4   5.3   5.6   5.6   5.4   5.4   5.5   5.4   5.5   5.4   5.4   5.5   5.4   5.4   5.6   5.3   5.5   5.3   5.3   5.6   5.3   5.6   5.5   5.5   5.6   5.3   5.2   5.6   5.5   5.6   5.3   5.3   5.3   5.6   5.4   5.4   5.5   5.6   5.4    
5.5   5.5   5.2   5.3   5.4   5.4   5.3   5.3   5.6   5.5   5.4   5.2   5.4   5.3   5.4   5.4   5.5   5.5   5.5   5.6   5.3   5.4   5.5   5.5   5.3   5.2   5.5   5.4   5.2   5.4   5.4   5.2   5.6   5.3   5.5   5.5   5.4   5.4   5.4   5.6   5.6   5.6    
5.4   5.4   5.5   5.4   5.5   5.2   5.6   5.5   5.3   5.6   5.3   5.2   5.2   5.3   5.4   5.3   5.4   5.4   5.4   5.6   5.4   5.5   5.4   5.4   5.3   5.6   5.5   5.3   5.2   5.4   5.5   5.2   5.4   5.5   5.6   5.5   5.6   5.4   5.4   5.4   5.4   5.3    
5.5   5.2   5.5   5.3   5.6   5.3   5.5   5.4   5.5   5.3   5.2   5.4   5.4   5.5   5.3   5.5   5.3   5.2   5.3   5.3   5.4   5.2   5.3   5.6   5.6   5.2   5.3   5.5   5.2   5.5   5.6   5.5   5.6   5.4   5.3   5.4   5.3   5.5   5.2   5.3   5.4   5.5    
5.2   5.4   5.5   5.2   5.4   5.4   5.5   5.5   5.3   5.6   5.2   5.5   5.4   5.6   5.4   5.4   5.4   5.6   5.5   5.4   5.4   5.4   5.5   5.5   5.4   5.4   5.6   5.2   5.3   5.5   5.6   5.5   5.6   5.4   5.4   5.3   5.4   5.5   5.3   5.2   5.3   5.3    

Ha by Parcels
6   6   5   5   6   

Cost of m3 in each parcel
1.99   2.08   2.14   1.92   1.86   