Instance: 11
width: 7
long: 6
Parcels: 5
Crops: 19
Water: 174000

Chemical Properties by Parcel
9.94   12.49   9.71   12.02   15.76   12.9   11.77   16.4   9.64   12.45   17.19   17.52   10.92   15.18   9.82   12.17   11.59   16.04   9.93   15.1   13.51   16.92   17.01   12.5   13.11   17.66   18.4   17.93   15.81   18.55   18.42   12.16   16.21   15.82   15.22   12.64   17.04   17.8   16.28   18.01   13.94   17.7    
9.78   14.26   16.43   17.16   13.16   16.41   11.82   18.63   11.75   13.89   14.58   17.89   11.75   13.74   17.82   11.22   15.78   15.43   10.01   17.83   12.29   15.58   15.54   12.9   12.59   14.89   10.1   17.58   17.51   18.31   11.28   18.38   13.51   10.15   16.69   16.2   16.63   13.35   17.19   13.98   18.61   14.58    
17.19   9.86   10.28   18.57   12.23   16.09   10.75   16.56   13.26   12.04   9.82   15.35   12.93   18.11   15.12   13.13   17.23   14.57   18.14   10.98   14.4   16.79   14.28   16.4   9.77   16.23   16.09   12.8   17.32   14.71   14.17   13.04   17.22   15.41   13.13   15.25   15.66   16.26   15.22   15.47   16   14.59    
10.36   14.08   16.84   11.77   9.96   15.84   12.2   16.93   13.9   11.71   12.9   15.78   16.76   16.25   16.78   17.66   18.39   10.01   14.49   17.03   17.8   12.48   16.4   12.92   18.4   11.69   18.02   12.55   17.36   14.42   13.25   9.79   15.43   16.75   9.85   11.5   10.78   13.32   10.82   11.51   13.41   17.94    
16.27   13.68   18.39   12.92   14.16   14.42   17.04   16.56   15.81   10.44   10.14   14.14   12.77   16.29   13.75   14.93   14.24   11.8   11.6   15.99   11.34   12.74   16.05   10.34   16.56   16.39   13.13   15.46   14.37   13.03   9.84   13.21   14.28   17.91   10.97   10.23   15.13   14.59   16.44   9.65   17.21   18.7    

Physical Properties by Parcel
5.3   5.3   5.6   5.5   5.4   5.3   5.3   5.5   5.6   5.5   5.6   5.5   5.3   5.5   5.4   5.5   5.6   5.4   5.6   5.3   5.5   5.5   5.5   5.3   5.3   5.3   5.4   5.5   5.5   5.3   5.2   5.2   5.3   5.2   5.6   5.6   5.5   5.6   5.6   5.6   5.5   5.4    
5.6   5.4   5.2   5.5   5.3   5.4   5.5   5.5   5.5   5.5   5.2   5.3   5.3   5.3   5.3   5.3   5.3   5.3   5.3   5.4   5.6   5.3   5.5   5.2   5.4   5.4   5.4   5.5   5.2   5.2   5.2   5.2   5.3   5.6   5.4   5.6   5.4   5.5   5.5   5.6   5.3   5.5    
5.4   5.3   5.4   5.2   5.5   5.3   5.6   5.2   5.4   5.3   5.2   5.5   5.6   5.4   5.5   5.4   5.6   5.2   5.3   5.2   5.3   5.6   5.4   5.6   5.2   5.3   5.6   5.5   5.4   5.3   5.5   5.4   5.4   5.2   5.2   5.5   5.2   5.5   5.6   5.4   5.3   5.4    
5.3   5.4   5.5   5.5   5.6   5.6   5.5   5.6   5.3   5.5   5.5   5.3   5.3   5.5   5.2   5.3   5.2   5.5   5.4   5.2   5.6   5.6   5.4   5.3   5.6   5.4   5.6   5.5   5.3   5.3   5.4   5.6   5.3   5.4   5.5   5.3   5.2   5.5   5.2   5.2   5.5   5.5    
5.2   5.3   5.3   5.2   5.6   5.6   5.5   5.4   5.3   5.5   5.3   5.3   5.6   5.4   5.4   5.3   5.3   5.5   5.2   5.4   5.5   5.3   5.3   5.6   5.2   5.6   5.4   5.3   5.4   5.3   5.4   5.3   5.4   5.4   5.2   5.3   5.3   5.2   5.4   5.6   5.5   5.3    

Ha by Parcels
6   5   5   6   7   

Cost of m3 in each parcel
1.85   2.19   2.07   1.97   1.92   