Instance: 20
width: 7
long: 6
Parcels: 5
Crops: 19
Water: 174000

Chemical Properties by Parcel
10.15   13.5   9.77   15.1   13.83   18.38   13.34   15.7   16.76   15.88   13.36   13.05   16.54   16.03   16.7   12.14   12.42   14.83   17.73   9.96   18.52   18.28   17.21   11.61   15.62   14.08   16.2   12.17   14.43   18.42   12.24   17.39   11.97   15.81   15.93   11.92   13.85   10.44   15.27   11.85   13.4   16.08    
18.54   11.81   14.86   15.62   17.21   18.47   16.48   11.93   17.9   13.4   15.66   10.21   10.58   11.38   14.1   12.75   11.71   11.32   15.63   15.4   11.55   18.01   15.6   12.28   14.65   11.53   10.61   11.85   9.87   9.97   10.64   9.73   15.43   16.12   17.02   18.47   17.06   11.9   11.74   17.56   17.64   9.71    
16.31   15.03   13.4   11.39   17.09   18.58   14.64   10.65   12.59   18.11   14.76   16.45   15.39   15.1   9.87   11.43   9.87   13.78   15.15   12.06   15.44   13.32   15.5   16.43   15.66   11.34   18.58   18.06   16.89   9.8   10   12.86   18.31   13.95   10.97   17.47   11.53   15.45   10.68   17.07   9.68   14.11    
15.2   14.61   14.49   15.43   17.08   16.41   16.38   17.41   17.74   15.05   11.73   14.33   16.73   14.78   15.65   13.7   14.78   16.2   17.83   17.47   11.18   15.24   12.8   13.07   12.36   13.59   14.28   12.2   15.63   13.12   17.23   10.06   13.24   12.61   16.79   10.48   17   15.87   11.2   16.98   12.36   14.79    
14.84   11.15   18.04   13.86   10.48   13.28   10.4   15.55   16.81   16.92   15.75   16.68   9.65   15.57   17.75   9.98   15.94   13.16   14.29   18.28   17.75   11.68   18.18   10.52   13.34   10.17   14.67   11.06   16.65   15.1   12.21   11.08   13.7   16.64   13.53   9.73   12.22   12.7   16.42   11.94   11.6   16.99    

Physical Properties by Parcel
5.5   5.2   5.3   5.4   5.4   5.4   5.4   5.3   5.5   5.4   5.2   5.4   5.3   5.3   5.2   5.5   5.4   5.6   5.3   5.6   5.2   5.2   5.5   5.3   5.5   5.2   5.2   5.5   5.2   5.3   5.5   5.4   5.3   5.3   5.5   5.4   5.3   5.4   5.4   5.5   5.3   5.4    
5.5   5.4   5.4   5.6   5.2   5.3   5.5   5.3   5.4   5.6   5.3   5.3   5.2   5.2   5.5   5.5   5.3   5.2   5.3   5.2   5.3   5.4   5.6   5.4   5.5   5.5   5.4   5.3   5.3   5.6   5.4   5.2   5.5   5.4   5.3   5.5   5.6   5.4   5.6   5.6   5.5   5.6    
5.6   5.5   5.5   5.4   5.6   5.3   5.6   5.4   5.3   5.3   5.4   5.4   5.3   5.5   5.2   5.3   5.4   5.4   5.5   5.3   5.4   5.3   5.2   5.4   5.5   5.3   5.6   5.4   5.5   5.3   5.4   5.6   5.3   5.5   5.6   5.5   5.6   5.2   5.5   5.3   5.3   5.4    
5.3   5.5   5.2   5.2   5.4   5.6   5.2   5.5   5.5   5.4   5.4   5.3   5.5   5.3   5.5   5.6   5.5   5.5   5.5   5.6   5.5   5.4   5.4   5.3   5.3   5.3   5.4   5.5   5.6   5.5   5.5   5.2   5.5   5.4   5.6   5.4   5.5   5.4   5.5   5.4   5.4   5.4    
5.4   5.6   5.4   5.5   5.4   5.4   5.4   5.3   5.4   5.3   5.5   5.5   5.5   5.3   5.3   5.3   5.3   5.3   5.3   5.2   5.4   5.5   5.4   5.6   5.4   5.5   5.2   5.4   5.3   5.2   5.5   5.3   5.6   5.3   5.4   5.4   5.3   5.2   5.5   5.4   5.6   5.3    

Ha by Parcels
5   6   6   5   7   

Cost of m3 in each parcel
1.9   1.82   2.04   2.06   2.13   