Instance: 13
width: 7
long: 6
Parcels: 5
Crops: 19
Water: 180000

Chemical Properties by Parcel
15.35   12.26   14.72   18.16   13.45   14.76   10.05   16.81   11.27   14.98   12.42   11.99   11.98   10.81   15.04   17.86   10.09   17.07   15   18.63   17.16   15.53   17.48   10.76   17.04   16.54   14.77   11.11   14.35   13.64   13.18   12.68   12.44   13.26   16.68   15.48   11.82   12.17   12.85   14.19   10.89   13.49    
17.99   17.76   10.29   11.15   11.21   16.24   9.99   10.74   18.66   13.82   14.24   18.31   10.06   17.8   15.42   14.08   17.97   10.69   16.5   10.19   15.66   16.35   14.71   17.81   15.66   13.69   14.72   16.61   15.87   16.43   16.93   17.43   11.62   18.63   16.92   18.07   10.06   15.34   16.52   15.96   10.4   16.36    
13.7   16.8   16.04   10.32   16.74   15.46   17.13   18.07   17.34   17.24   12.48   14.05   12.73   10.48   14.83   17.54   18.52   10.41   10.95   16.39   17.03   13.73   15.88   13.9   17.19   10.12   11.01   14.11   16.57   14.31   11.95   18.52   11.17   18.36   11.22   16.05   16.63   10.05   14.2   11.59   9.79   11.67    
18.1   11.95   12.3   10.42   11.16   18.49   10.49   10.19   12.89   12.42   15.4   10.3   15.8   14.51   15.35   12.28   15.81   17.08   11.2   16.3   12.99   18.23   13.76   11.08   14.52   12.92   15.97   11.49   12.65   13.58   12.98   16.72   10.45   18.37   15.39   16.02   13.43   18.19   10.13   15.04   14.29   15    
16.43   15.15   15.03   17.59   14.12   15.84   15.65   9.89   11.5   12.14   18.26   11.6   16.37   15.28   12.47   11.25   18.22   18.69   13.99   10.07   13.94   11.82   14.15   9.6   17.63   14.34   13.58   10.75   18.09   12.65   12.76   15   11.38   16.86   13.75   9.84   17.47   10.88   15.33   10.93   17.21   14.02    

Physical Properties by Parcel
5.2   5.5   5.2   5.5   5.3   5.4   5.2   5.4   5.3   5.5   5.5   5.3   5.5   5.3   5.5   5.3   5.5   5.4   5.3   5.4   5.6   5.2   5.3   5.5   5.4   5.4   5.4   5.3   5.6   5.3   5.4   5.2   5.3   5.3   5.2   5.2   5.4   5.3   5.5   5.3   5.6   5.5    
5.4   5.5   5.4   5.5   5.2   5.5   5.2   5.3   5.3   5.3   5.3   5.5   5.5   5.5   5.4   5.3   5.6   5.6   5.4   5.6   5.2   5.5   5.5   5.5   5.4   5.3   5.5   5.5   5.3   5.2   5.2   5.5   5.4   5.5   5.3   5.5   5.2   5.3   5.3   5.4   5.3   5.4    
5.2   5.5   5.3   5.4   5.4   5.5   5.5   5.3   5.4   5.3   5.2   5.5   5.3   5.2   5.2   5.5   5.3   5.4   5.4   5.4   5.6   5.4   5.4   5.5   5.3   5.4   5.6   5.4   5.3   5.5   5.3   5.4   5.4   5.5   5.6   5.3   5.6   5.6   5.6   5.4   5.4   5.4    
5.4   5.5   5.5   5.6   5.3   5.3   5.4   5.5   5.6   5.5   5.3   5.5   5.5   5.3   5.4   5.4   5.5   5.3   5.5   5.2   5.6   5.2   5.3   5.5   5.4   5.2   5.4   5.4   5.6   5.4   5.3   5.5   5.3   5.3   5.3   5.2   5.5   5.5   5.5   5.4   5.5   5.4    
5.6   5.4   5.3   5.5   5.4   5.5   5.6   5.4   5.3   5.6   5.5   5.3   5.3   5.6   5.4   5.3   5.3   5.4   5.4   5.2   5.3   5.5   5.6   5.6   5.4   5.3   5.4   5.4   5.4   5.3   5.5   5.4   5.5   5.4   5.4   5.6   5.3   5.5   5.3   5.3   5.6   5.3    

Ha by Parcels
7   6   5   6   6   

Cost of m3 in each parcel
1.99   2.05   1.99   1.88   1.81   