Instance: 9
width: 5
long: 5
Parcels: 5
Crops: 19
Water: 198000

Chemical Properties by Parcel
11.81   17.83   16.58   10.23   11.23   16.32   14.93   17.87   9.86   12.68   14.98   16.17   12.8   12.63   18.38   16.67   17.86   16.51   15.57   9.97   12.81   18.32   16.03   11.42   11.4    
17.95   9.67   15.37   11.87   12.86   17.42   17.03   16.47   18.21   9.93   16.05   10.05   13.11   18.62   12.08   12.55   18.01   14.55   12.86   10.31   17.51   12.66   12.86   11.48   12.8    
12.53   12.75   16.64   18.06   12.65   18.09   13.12   11.67   12.18   16.99   17.12   17.99   13.31   10.27   13.14   13.61   13.98   11.52   11.04   17.29   13.12   13.11   11.51   11.56   18.23    
12.25   9.62   11.23   13.33   12.95   16.27   12.86   9.66   13.5   11.85   18.45   18.16   14.54   13.26   12   10.08   14.18   17.64   18.56   15.47   16.11   14.47   13.39   13.55   12.69    
16.47   15.83   11.69   9.87   9.73   17.26   11.4   10.1   13.19   14.89   15.02   12.02   16.9   14.05   16.19   14.77   10.31   12.89   11.98   16.37   13.63   17.26   12.68   11.49   11.5    

Physical Properties by Parcel
5.3   5.5   5.2   5.5   5.2   5.3   5.3   5.4   5.4   5.4   5.3   5.2   5.3   5.6   5.4   5.6   5.4   5.4   5.2   5.2   5.4   5.6   5.3   5.3   5.4    
5.4   5.3   5.6   5.3   5.6   5.3   5.4   5.2   5.3   5.2   5.6   5.3   5.2   5.5   5.2   5.4   5.5   5.3   5.3   5.6   5.4   5.2   5.3   5.6   5.3    
5.6   5.5   5.4   5.6   5.4   5.5   5.5   5.5   5.6   5.3   5.6   5.5   5.5   5.6   5.4   5.2   5.5   5.6   5.3   5.2   5.4   5.5   5.4   5.2   5.5    
5.3   5.2   5.5   5.3   5.2   5.5   5.4   5.5   5.5   5.5   5.2   5.2   5.2   5.5   5.5   5.5   5.5   5.3   5.3   5.2   5.5   5.5   5.2   5.5   5.5    
5.3   5.3   5.3   5.5   5.3   5.4   5.3   5.2   5.5   5.2   5.5   5.4   5.4   5.5   5.4   5.5   5.6   5.4   5.3   5.4   5.3   5.3   5.4   5.5   5.4    

Ha by Parcels
6   7   6   7   7   

Cost of m3 in each parcel
2.15   2.13   1.83   1.83   2.05   