Instance: 2
width: 5
long: 5
Parcels: 5
Crops: 19
Water: 174000

Chemical Properties by Parcel
9.72   15.52   15.19   14.45   9.87   16.12   12.46   18.53   12.25   12.92   12.53   12.82   11.74   14.99   15.99   12.04   14.84   14.85   18.62   18.08   11.87   16.97   16.61   13.31   15.33    
10.81   18.42   11.22   14.96   15.8   10.6   15.52   16.32   16.7   13.53   10.35   14.15   14.83   10.14   13.35   10.68   10.93   12.46   18.62   15.1   12.1   13.39   13.88   10.18   13.77    
12.08   11.18   14.21   12.73   14.27   13.21   11.96   10.21   15.43   12.92   14.57   17.62   13.45   15.01   13.07   10.12   10.6   10.93   10.92   16.52   12.01   10.86   9.98   15.9   17.28    
18.55   14.37   10.22   15.29   12.6   12.13   15.81   13.26   13.1   11.47   17.57   10.98   13.25   15.14   14.6   16.24   10.72   12.56   9.67   16.73   17.99   12.33   11.66   18.27   11.32    
12.56   18.51   14.87   14.39   10.82   17.78   9.88   16.81   16.14   11.82   18.17   13.85   16.19   13.21   11.71   15.08   14.62   13.8   15.51   16.57   10.19   11.03   10.51   10.07   14.57    

Physical Properties by Parcel
5.6   5.3   5.3   5.6   5.4   5.3   5.5   5.2   5.3   5.6   5.5   5.5   5.6   5.3   5.5   5.5   5.6   5.4   5.2   5.6   5.3   5.3   5.4   5.3   5.4    
5.6   5.4   5.6   5.5   5.4   5.5   5.4   5.4   5.2   5.2   5.3   5.4   5.3   5.5   5.3   5.4   5.3   5.6   5.3   5.2   5.5   5.5   5.3   5.5   5.5    
5.6   5.3   5.4   5.6   5.6   5.4   5.6   5.4   5.4   5.5   5.5   5.6   5.3   5.5   5.5   5.6   5.5   5.5   5.5   5.4   5.5   5.4   5.3   5.3   5.4    
5.6   5.5   5.4   5.6   5.4   5.6   5.4   5.5   5.3   5.2   5.6   5.4   5.5   5.5   5.5   5.6   5.2   5.5   5.3   5.3   5.2   5.6   5.6   5.3   5.4    
5.3   5.3   5.3   5.3   5.4   5.4   5.5   5.2   5.3   5.5   5.4   5.3   5.5   5.3   5.6   5.4   5.5   5.5   5.4   5.3   5.4   5.5   5.4   5.2   5.5    

Ha by Parcels
5   6   6   6   6   

Cost of m3 in each parcel
2.19   2   2.18   2.12   1.95   