Instance: 3
width: 5
long: 5
Parcels: 5
Crops: 19
Water: 174000

Chemical Properties by Parcel
12.47   13.56   13.45   17.39   10.11   17.77   11.78   10.08   16.7   9.93   10.84   15.69   11.99   17.26   11.51   11.66   14.21   15.24   15.12   10.51   18.18   13.08   12.76   9.96   17.7    
18.07   11.89   14.64   10   17.01   13.88   14.57   13.03   10.94   16.27   11.6   11.51   12.54   13.46   16.35   10.68   13.57   17.1   14.82   16.6   12.27   10.24   15.28   14.17   15.86    
11.06   17.85   12.96   17.02   11.09   14.14   9.91   16.4   17.25   12.28   13.43   14.28   9.64   15.66   18.49   10.45   16.7   10   18.39   18.7   15.87   15.86   11.23   11.19   18.4    
10.76   10.97   12.06   9.89   12.55   17.81   11.78   15.98   17.16   10.39   17.05   16.99   11.44   10.55   15.28   10.29   15.27   13.8   18.18   11.36   12.31   15.12   11.85   12.45   10.45    
16.28   13.49   13.78   13.79   17.39   13.34   16.03   13.02   13.12   11.76   11.67   10.24   16.79   17.09   12.62   13.42   18.64   15.96   14.06   17.18   12.69   10.99   17.84   14.25   16.78    

Physical Properties by Parcel
5.4   5.3   5.6   5.3   5.3   5.3   5.5   5.6   5.2   5.6   5.4   5.6   5.5   5.3   5.4   5.5   5.3   5.5   5.4   5.4   5.2   5.2   5.5   5.6   5.2    
5.5   5.6   5.2   5.4   5.4   5.6   5.3   5.5   5.5   5.3   5.2   5.6   5.4   5.5   5.2   5.2   5.6   5.3   5.6   5.4   5.3   5.3   5.5   5.5   5.3    
5.3   5.5   5.5   5.4   5.4   5.3   5.6   5.3   5.2   5.3   5.4   5.4   5.5   5.5   5.5   5.3   5.2   5.3   5.3   5.6   5.3   5.5   5.6   5.3   5.3    
5.5   5.5   5.4   5.3   5.4   5.2   5.3   5.5   5.5   5.4   5.4   5.3   5.2   5.3   5.6   5.2   5.5   5.2   5.5   5.3   5.6   5.2   5.4   5.4   5.6    
5.4   5.5   5.5   5.2   5.4   5.4   5.5   5.4   5.6   5.3   5.5   5.5   5.5   5.4   5.6   5.5   5.3   5.5   5.3   5.5   5.5   5.4   5.2   5.4   5.2    

Ha by Parcels
5   6   6   7   5   

Cost of m3 in each parcel
1.86   1.96   2.05   2.15   2.18   