225
25
5
174000
[[0,0,0,0,0],
[0,0,0,0,0],
[0,0,0,0,0],
[0,0,0,0,0],
[0,0,0,0,0],
[16.82,28.96,0.41,8.74,17.7],
[0.05,25.92,4.59,8.61,6.62],
[0.27,6.99,1.1,12.85,0.12],
[10.49,0.35,1.19,3.62,6.37],
[10.61,18.32,2.42,17.35,9],
[0.3,12.97,2.3,7.3,5.08],
[8.3,5.94,0.76,6.43,4.9],
[7.31,12.76,1.63,11.77,6.21],
[6.92,8.86,2.14,4.98,9.89],
[8.45,10.33,1.81,9.63,8.29],
[0,0,0,0,0],
[0,0,0,0,0],
[0,0,0,0,0],
[0,0,0,0,0],
[0,0,0,0,0],
[6.7,12.1,0.78,6.77,31.21],
[18.42,0.32,1.53,3.25,24.01],
[19.72,0.07,13.62,0.01,0.22],
[0.22,5.02,3.15,1.33,9.33],
[9.34,9.59,2.27,3.55,18.56],
[12.72,0.36,7.06,2.31,14.61],
[11.89,3,6.82,0.98,7.34],
[9.21,8.03,4.82,2.47,12.81],
[9.04,2,4.74,3.21,11.25],
[7.64,6.33,3.62,2.74,11.83],
[0,0,0,0,0],
[0,0,0,0,0],
[0,0,0,0,0],
[0,0,0,0,0],
[0,0,0,0,0],
[0.04,7.22,4.65,21.71,9.33],
[0.58,0.23,8.69,2.58,2.74],
[5.28,11,1.22,1.79,4.44],
[0.5,5.15,1.88,0.15,1.13],
[0.31,5.83,4.66,11.21,4.68],
[2.74,6.42,4.44,4.34,2.46],
[4.94,5.75,1.06,0.95,5.2],
[1.93,6.09,3.12,7.84,5.16],
[3.8,4.31,4.27,3.44,3.47],
[3.21,4.76,3.21,5.9,6.53],
[0,0,0,0,0],
[0,0,0,0,0],
[0,0,0,0,0],
[0,0,0,0,0],
[0,0,0,0,0],
[3.92,0.03,0.12,15.24,0.11],
[0,1.17,0.05,1.69,0.34],
[7.11,18.97,0,4.18,1.46],
[0.15,6.2,15.68,24.92,0.56],
[2.62,0.93,0.17,7.9,0.42],
[4.75,16.57,0.04,2.14,0.73],
[4.16,9.55,10.43,12.6,1.95],
[7.29,13.81,0.14,8.33,0.54],
[4.14,11.35,8.16,9.68,1.42],
[7.26,11.1,7.02,10.18,1.06],
[0,0,0,0,0],
[0,0,0,0,0],
[0,0,0,0,0],
[0,0,0,0,0],
[0,0,0,0,0],
[13.01,0.83,0.66,16.02,0.35],
[0.06,0.12,0.39,0.22,0.14],
[5.45,6.85,17.52,21.85,0.1],
[2.04,6.44,0.95,24.15,10.13],
[8.1,0.85,1.04,12.09,0.18],
[4.07,4.04,10.2,13.24,0.23],
[2.77,4.43,15.04,15.35,6.15],
[6.25,2.73,6.82,12.63,0.18],
[2.74,3.11,13.14,10.74,4.22],
[4.77,2.43,10.3,12.28,3.53],
[20.48,0.02,0.64,20.61,13.62],
[4.68,4.21,0.3,1.04,37.24],
[5.58,13.01,8,4.62,1.88],
[2.42,1.51,3.65,2.4,1.53],
[4.65,2.58,0.91,0.64,0.5],
[8.77,14.49,0.7,7.24,17.27],
[6.17,9.15,2.9,5.63,13.94],
[6.77,6.25,5.05,4.35,1.25],
[3.63,1.82,1.6,2.57,5.86],
[9.47,11.3,2.02,8.49,11.1],
[5.33,5.85,3.75,4.02,8.69],
[8.66,4.27,3.26,2.97,5.63],
[7.44,9.16,2.77,6.41,8.15],
[6.86,4.7,3.01,3.54,9.34],
[7.78,7.43,2.42,5.81,8.96],
[6.44,0.03,0.92,14.8,0.08],
[0.06,0.94,16.02,11.66,7.88],
[23.05,1.11,5.25,0,0.19],
[3.75,21.52,0.09,2.08,4.29],
[4.71,0.02,0.01,4.9,0.01],
[3.12,6.66,5.92,9.53,15.1],
[9.78,0.87,10.01,3.89,9.85],
[9.7,9.09,5.61,0.94,2.61],
[3.05,7.18,1.68,2.72,4.26],
[7.21,6.49,6.28,5.92,9.76],
[6.64,5.67,7,2.92,6.83],
[6.76,5.76,3.44,1.66,5.46],
[5.72,7.72,5.13,4.54,7.71],
[5.51,4.35,5.19,2.85,6.31],
[5.02,6.01,4.15,4.21,8.16],
[0.12,0.05,9.9,0.88,4.77],
[2.04,5.18,24.64,0.03,0.3],
[4.84,2.81,3.18,0.24,2.86],
[6.59,35.96,8.36,14.96,2.65],
[2.18,1.53,5.95,2.27,11.81],
[1.52,3.11,12.55,12.53,3.59],
[2.39,3.07,10.5,1.5,1.24],
[7.91,13.1,4.05,5.15,1.97],
[2.94,12.5,5.89,9.29,4.83],
[1.89,3.63,8.45,7.82,2.78],
[5.55,9.48,7.98,3.97,1.29],
[6.24,8.18,4.93,5.96,3.62],
[5.18,8.71,7.23,8,2.55],
[5.5,7.09,7.18,5.95,2.64],
[5.85,7.32,6.92,7.5,3.44],
[0.01,1.01,1.79,1.53,11.96],
[2.27,3.03,0.03,1.3,6.44],
[1.55,1.01,0.45,0.41,5.41],
[14.1,35.62,12.4,36.98,14.8],
[3.78,0.88,0.29,14.63,2],
[5.96,1.54,0.64,11.36,6.15],
[1.28,1.68,0.19,0.68,4.1],
[5.23,12.71,7.19,13.61,6.87],
[6.14,12.17,8.29,17.21,8.18],
[4.75,1.65,0.53,8.2,4.86],
[3.59,8.94,4.71,9.04,5.44],
[4.09,7.92,10.95,11.35,7.08],
[5.85,7.26,3.67,11.17,5.6],
[3.26,6.81,9.58,9.02,6.08],
[5.56,6.23,8.23,10.34,6.14],
[10.29,0.05,1.55,11.96,9.81],
[2.8,4.75,12.35,6.15,18.66],
[11.53,6.88,4.51,3.07,0.98],
[2.11,11.55,2.11,1.5,2.17],
[9.36,1.86,0.55,2.51,0.3],
[5.43,10.81,5.59,8.92,12.7],
[6.45,5.74,7.02,4.34,8.91],
[5.93,7.38,3.59,3.37,1.83],
[4.87,5.39,1.35,2.39,3.93],
[7.24,8.64,4.79,8.11,8.36],
[4.62,6.8,5.33,3.67,6.16],
[6.68,5.09,2.38,2.79,4.86],
[5.65,8.41,4.17,6.22,6.61],
[5.4,5.33,3.98,3.2,6.93],
[5.92,6.93,3.36,5.51,7.64],
[4.96,0.03,5.2,8.04,2.83],
[1.65,5.55,13.86,8.22,6.47],
[11.55,3.79,2.89,0.16,2.53],
[10.21,19.77,6.21,7.64,2.38],
[6.74,0.93,4.15,7,7.7],
[2.65,4.91,7.8,8.87,9.08],
[6.11,4.04,7.74,3.43,5.98],
[8.72,9.54,5.17,3.17,2.09],
[6.82,8.68,4.19,6.65,4.79],
[5.16,5.58,6.15,5.78,6.43],
[6.66,7.78,6.83,4.06,4.48],
[7.2,6.37,4.84,4.24,4.14],
[5.96,8.72,5.93,5.79,5.12],
[6.32,5.86,6.05,4.71,4.89],
[5.95,7.03,5.56,5.69,5.63],
[0.12,0.86,4.99,0.83,16.19],
[4.31,2.83,15.84,0.75,3.57],
[6.08,1.42,3.22,0.64,8.13],
[7.37,23.86,7.05,18.95,7.46],
[2.06,0.83,5.03,7.43,5.97],
[4.01,2.43,8.52,11.16,8.42],
[4.22,1.95,8.37,0.95,4.72],
[5.84,10.28,5.97,8.88,6.33],
[3.98,10.24,5.68,10.56,5.92],
[4.22,2.68,6.48,7.96,7.32],
[4.73,7.2,7.72,6.82,4.85],
[4.69,6.76,7.13,7.56,5.74],
[5.1,6.32,6.59,9.32,6.81],
[4.27,5.55,8.15,6.76,4.85],
[5.13,5.44,7.4,8.41,6.3],
[7,0.04,3.54,7.98,6.84],
[2.25,9.67,10.47,6.35,12.51],
[7.71,5.28,3.73,2.07,1.82],
[6.98,13.19,4.42,6.85,1.67],
[12.88,1.43,2.77,5.36,6.75],
[4.45,9.07,6.04,8.98,9.1],
[4.66,6.72,6.2,3.73,6.55],
[6.3,8.47,3.99,4.1,1.6],
[8.73,6.39,3.21,5.32,4.85],
[5.74,7.47,4.91,7.48,6.32],
[4.95,8.06,5.39,4.35,4.63],
[7.7,5.78,3.72,4.33,4.24],
[5.9,8.98,4.69,6.91,4.99],
[6.25,6.2,4.87,4.45,5.61],
[6.69,7.45,4.48,6.3,5.94],
[4.03,0.63,3.56,7.15,13.52],
[4.33,3.71,10.85,5.49,5.08],
[8.32,2.63,2.53,0.57,8.16],
[7.78,19.36,5.25,13.03,7.55],
[4.52,0.63,5.18,6.84,5.49],
[3.95,3.74,6.2,8.96,10.47],
[5.81,2.94,6.48,2.61,6.8],
[7.02,9.49,6.21,6.36,6.83],
[5.45,8.57,4.59,8.59,5.59],
[5.5,4.22,5.16,6.43,8.95],
[5.82,7.15,6.91,5.74,6.42],
[5.75,6.22,6.56,5.92,5.88],
[5.64,7.16,5.79,7.35,8.09],
[5.28,5.37,7.08,5.62,5.82],
[5.4,5.85,6.26,6.89,7.26],
[5.36,0.47,2.7,6.68,11.64],
[3.56,7.63,8.63,4.84,11.41],
[6.25,3.96,3.78,1.64,6.18],
[5.86,14.74,4.44,10.08,5.75],
[9.91,1.17,3.98,5.3,5.74],
[5.15,7.15,5.04,8.83,10.63],
[4.57,5.3,5.65,3,8.02],
[5.5,8.35,5.05,6.44,5.39],
[7.03,7.08,3.93,7.09,5.27],
[5.95,5.99,4.42,7.61,8.62],
[4.62,7.62,5.76,5.56,6.8],
[6.46,5.74,5.28,5.66,5.37],
[5.69,7.74,4.83,7.77,7.59],
[5.53,5.87,5.93,5.23,6.37],
[6.16,6.49,5.27,7.1,7.15]]
[[0,0,0,0,0],
[0,0,0,0,0],
[0,0,0,0,0],
[0,0,0,0,0],
[0,0,0,0,0],
[0.04,0.02,0.04,0,0],
[0,0.02,0.01,0,0],
[0.04,0,0.02,0.02,0],
[0.02,0,0,0.02,0.01],
[0.03,0.01,0.02,0.01,0],
[0.03,0.01,0.02,0.01,0],
[0.02,0.01,0.01,0.01,0],
[0.03,0.01,0.02,0.01,0],
[0.02,0.01,0.02,0.01,0],
[0.02,0.01,0.02,0.01,0],
[0,0,0,0,0],
[0,0,0,0,0],
[0,0,0,0,0],
[0,0,0,0,0],
[0,0,0,0,0],
[0.02,0,0.02,0.02,0],
[0.04,0,0.02,0,0.04],
[0,0.02,0,0.02,0],
[0.04,0,0,0,0.02],
[0.02,0,0.01,0.01,0.02],
[0.02,0.01,0.01,0.01,0.02],
[0.04,0.01,0,0.02,0.02],
[0.02,0.02,0.01,0.02,0.02],
[0.03,0.01,0.01,0.02,0.02],
[0.03,0.02,0.01,0.03,0.02],
[0,0,0,0,0],
[0,0,0,0,0],
[0,0,0,0,0],
[0,0,0,0,0],
[0,0,0,0,0],
[0,0.01,0,0.02,0.01],
[0,0.01,0.04,0,0.02],
[0.04,0.02,0.02,0,0.02],
[0.02,0.02,0,0,0.04],
[0,0,0.02,0.01,0.01],
[0.02,0.01,0.02,0,0.01],
[0.02,0.01,0.01,0,0.02],
[0.02,0.01,0.02,0.01,0.01],
[0.02,0.01,0.02,0,0.02],
[0.01,0.01,0.01,0,0.02],
[0,0,0,0,0],
[0,0,0,0,0],
[0,0,0,0,0],
[0,0,0,0,0],
[0,0,0,0,0],
[0,0.01,0,0.08,0],
[0.02,0.04,0,0.04,0],
[0.02,0.04,0,0.02,0],
[0.08,0,0,0,0.01],
[0.01,0.02,0,0.04,0],
[0.04,0.03,0,0.02,0],
[0.04,0.04,0,0.01,0.01],
[0.03,0.02,0,0.03,0],
[0.04,0.03,0,0.02,0.01],
[0.03,0.02,0,0.03,0.01],
[0,0,0,0,0],
[0,0,0,0,0],
[0,0,0,0,0],
[0,0,0,0,0],
[0,0,0,0,0],
[0,0,0,0.08,0],
[0.01,0.02,0.01,0,0],
[0.01,0.02,0,0.04,0.02],
[0.01,0,0.01,0.01,0.04],
[0,0.01,0.01,0.05,0],
[0,0.01,0,0.03,0.02],
[0,0.01,0,0.02,0.02],
[0,0.01,0.01,0.04,0.02],
[0,0.01,0,0.02,0.02],
[0,0.01,0.01,0.03,0.02],
[0.04,0,0.02,0,0.01],
[0.02,0,0.04,0,0.02],
[0,0.02,0,0,0],
[0.04,0.04,0.02,0.04,0],
[0.02,0.02,0,0.02,0],
[0.02,0.01,0.02,0.01,0.01],
[0.02,0.01,0.02,0,0.02],
[0.03,0.03,0.01,0.02,0],
[0.02,0.02,0.01,0.03,0.01],
[0.02,0.01,0.01,0.01,0.01],
[0.02,0.02,0.01,0.01,0.01],
[0.03,0.03,0.01,0.02,0.01],
[0.02,0.02,0.01,0.01,0.01],
[0.02,0.02,0.01,0.02,0.01],
[0.02,0.02,0.01,0.02,0.01],
[0.02,0.02,0,0,0],
[0,0,0,0,0.02],
[0.08,0.01,0.01,0,0.04],
[0,0.04,0,0.02,0],
[0,0,0,0.04,0],
[0.01,0.01,0.01,0.01,0.01],
[0.03,0,0.02,0,0.02],
[0.03,0.02,0.01,0.01,0.02],
[0.02,0.02,0,0.02,0.02],
[0.02,0.01,0.01,0.01,0.01],
[0.02,0.01,0.01,0.01,0.02],
[0.03,0.01,0.01,0.02,0.02],
[0.02,0.01,0.01,0.01,0.01],
[0.02,0.01,0.01,0.01,0.02],
[0.02,0.01,0.01,0.02,0.02],
[0,0.01,0,0,0],
[0,0.01,0,0.02,0.02],
[0.02,0.04,0.02,0,0],
[0,0.02,0,0.02,0.01],
[0,0,0,0.02,0.04],
[0,0,0,0.04,0.01],
[0.01,0.02,0.02,0.02,0.01],
[0.03,0.02,0.01,0.01,0.01],
[0.03,0.02,0,0.01,0.02],
[0.01,0.01,0.01,0.02,0.01],
[0.03,0.02,0.01,0.02,0.01],
[0.03,0.02,0.01,0.01,0.01],
[0.02,0.01,0.01,0.02,0.01],
[0.02,0.02,0.01,0.01,0.01],
[0.02,0.01,0.01,0.02,0.01],
[0.02,0,0,0.08,0],
[0.04,0.02,0,0.08,0],
[0,0.04,0.02,0,0],
[0,0.02,0.02,0,0.02],
[0.02,0.04,0,0.01,0.02],
[0.02,0.01,0.01,0.05,0],
[0.02,0.02,0.01,0.04,0],
[0.01,0.02,0.01,0.02,0.02],
[0.03,0.02,0.01,0,0.02],
[0.01,0.01,0.01,0.04,0],
[0.02,0.02,0.01,0.03,0.01],
[0.02,0.02,0.01,0.02,0.01],
[0.02,0.01,0.01,0.03,0.01],
[0.02,0.02,0.01,0.02,0.01],
[0.02,0.02,0.01,0.03,0.01],
[0.02,0.02,0.01,0,0],
[0.01,0,0.03,0,0.01],
[0.04,0.02,0,0,0.02],
[0.03,0.03,0.01,0.02,0],
[0.01,0.01,0,0.02,0.01],
[0.02,0.01,0.02,0.01,0.01],
[0.02,0.01,0.02,0,0.02],
[0.03,0.02,0.01,0.01,0.01],
[0.02,0.02,0.01,0.02,0.02],
[0.02,0.01,0.02,0.01,0.01],
[0.02,0.01,0.02,0.01,0.01],
[0.02,0.02,0.01,0.02,0.02],
[0.02,0.01,0.01,0.01,0.01],
[0.02,0.01,0.01,0.01,0.01],
[0.02,0.02,0.01,0.01,0.01],
[0.01,0.01,0.01,0,0],
[0,0,0,0.01,0.01],
[0.04,0.02,0.01,0,0.03],
[0,0.02,0,0.01,0],
[0,0,0,0.02,0.02],
[0.01,0.01,0.01,0.03,0.01],
[0.02,0.01,0.01,0.01,0.02],
[0.02,0.02,0.01,0.01,0.01],
[0.03,0.01,0,0.02,0.02],
[0.02,0.01,0.01,0.02,0.01],
[0.03,0.01,0.01,0.01,0.01],
[0.03,0.02,0.01,0.02,0.02],
[0.02,0.01,0.01,0.02,0.01],
[0.02,0.02,0.01,0.01,0.02],
[0.02,0.01,0.01,0.02,0.01],
[0.01,0.01,0,0.05,0],
[0.02,0.01,0.01,0.04,0.01],
[0.01,0.03,0.01,0,0],
[0,0.01,0.01,0.01,0.01],
[0.01,0.02,0,0.01,0.02],
[0.02,0.01,0.01,0.04,0.01],
[0.01,0.02,0.01,0.02,0.01],
[0.02,0.02,0.01,0.02,0.01],
[0.02,0.02,0.01,0.01,0.02],
[0.01,0.01,0.01,0.03,0],
[0.02,0.01,0.01,0.02,0.01],
[0.02,0.02,0.01,0.01,0.02],
[0.02,0.01,0.01,0.02,0.01],
[0.02,0.02,0.01,0.02,0.01],
[0.02,0.01,0.01,0.02,0.01],
[0.02,0.02,0.01,0,0],
[0.02,0,0.02,0.02,0.01],
[0.03,0.02,0.01,0,0.02],
[0.03,0.02,0.01,0.02,0],
[0.01,0.01,0.01,0.02,0.02],
[0.01,0.01,0.01,0.02,0.01],
[0.02,0.01,0.01,0.01,0.02],
[0.03,0.02,0.01,0.01,0.01],
[0.03,0.02,0.01,0.02,0.01],
[0.02,0.01,0.01,0.01,0.01],
[0.02,0.02,0.01,0.01,0.01],
[0.03,0.02,0.01,0.01,0.01],
[0.02,0.01,0.01,0.02,0.01],
[0.02,0.02,0.01,0.01,0.01],
[0.02,0.02,0.01,0.02,0.01],
[0.01,0.01,0.01,0.04,0],
[0.02,0.01,0.01,0.03,0.01],
[0.03,0.02,0.01,0,0.02],
[0,0.02,0.01,0.01,0.01],
[0.01,0.02,0,0.02,0.02],
[0.01,0.01,0.01,0.03,0.01],
[0.02,0.01,0.01,0.02,0.01],
[0.02,0.02,0.01,0.01,0.01],
[0.02,0.02,0.01,0.01,0.02],
[0.02,0.01,0.01,0.02,0.01],
[0.02,0.01,0.01,0.02,0.01],
[0.02,0.02,0.01,0.02,0.02],
[0.02,0.01,0.01,0.02,0.01],
[0.02,0.02,0.01,0.02,0.02],
[0.02,0.01,0.01,0.02,0.01],
[0.02,0.01,0.01,0.03,0],
[0.02,0.01,0.02,0.02,0.01],
[0.02,0.02,0.01,0,0.02],
[0.02,0.02,0.01,0.02,0.01],
[0.01,0.02,0.01,0.01,0.01],
[0.02,0.01,0.01,0.03,0.01],
[0.02,0.01,0.01,0.01,0.01],
[0.02,0.02,0.01,0.01,0.01],
[0.02,0.02,0.01,0.02,0.02],
[0.02,0.01,0.01,0.02,0.01],
[0.02,0.01,0.01,0.02,0.01],
[0.02,0.02,0.01,0.01,0.01],
[0.02,0.01,0.01,0.02,0.01],
[0.02,0.02,0.01,0.02,0.01],
[0.02,0.02,0.01,0.02,0.01]]
[[0.2,0.24,0.24,0.24,0.24],
[0.2,0.24,0.24,0.24,0.24],
[0.2,0.24,0.24,0.24,0.24],
[0.2,0.24,0.24,0.24,0.24],
[0.2,0.24,0.24,0.24,0.24],
[0.4,0.48,0.48,0.48,0.48],
[0.4,0.48,0.48,0.48,0.48],
[0.4,0.48,0.48,0.48,0.48],
[0.4,0.48,0.48,0.48,0.48],
[0.6,0.72,0.72,0.72,0.72],
[0.6,0.72,0.72,0.72,0.72],
[0.6,0.72,0.72,0.72,0.72],
[0.8,0.96,0.96,0.96,0.96],
[0.8,0.96,0.96,0.96,0.96],
[1,1.2,1.2,1.2,1.2],
[0.2,0.24,0.24,0.24,0.24],
[0.2,0.24,0.24,0.24,0.24],
[0.2,0.24,0.24,0.24,0.24],
[0.2,0.24,0.24,0.24,0.24],
[0.2,0.24,0.24,0.24,0.24],
[0.4,0.48,0.48,0.48,0.48],
[0.4,0.48,0.48,0.48,0.48],
[0.4,0.48,0.48,0.48,0.48],
[0.4,0.48,0.48,0.48,0.48],
[0.6,0.72,0.72,0.72,0.72],
[0.6,0.72,0.72,0.72,0.72],
[0.6,0.72,0.72,0.72,0.72],
[0.8,0.96,0.96,0.96,0.96],
[0.8,0.96,0.96,0.96,0.96],
[1,1.2,1.2,1.2,1.2],
[0.2,0.24,0.24,0.24,0.24],
[0.2,0.24,0.24,0.24,0.24],
[0.2,0.24,0.24,0.24,0.24],
[0.2,0.24,0.24,0.24,0.24],
[0.2,0.24,0.24,0.24,0.24],
[0.4,0.48,0.48,0.48,0.48],
[0.4,0.48,0.48,0.48,0.48],
[0.4,0.48,0.48,0.48,0.48],
[0.4,0.48,0.48,0.48,0.48],
[0.6,0.72,0.72,0.72,0.72],
[0.6,0.72,0.72,0.72,0.72],
[0.6,0.72,0.72,0.72,0.72],
[0.8,0.96,0.96,0.96,0.96],
[0.8,0.96,0.96,0.96,0.96],
[1,1.2,1.2,1.2,1.2],
[0.2,0.24,0.24,0.24,0.24],
[0.2,0.24,0.24,0.24,0.24],
[0.2,0.24,0.24,0.24,0.24],
[0.2,0.24,0.24,0.24,0.24],
[0.2,0.24,0.24,0.24,0.24],
[0.4,0.48,0.48,0.48,0.48],
[0.4,0.48,0.48,0.48,0.48],
[0.4,0.48,0.48,0.48,0.48],
[0.4,0.48,0.48,0.48,0.48],
[0.6,0.72,0.72,0.72,0.72],
[0.6,0.72,0.72,0.72,0.72],
[0.6,0.72,0.72,0.72,0.72],
[0.8,0.96,0.96,0.96,0.96],
[0.8,0.96,0.96,0.96,0.96],
[1,1.2,1.2,1.2,1.2],
[0.2,0.24,0.24,0.24,0.24],
[0.2,0.24,0.24,0.24,0.24],
[0.2,0.24,0.24,0.24,0.24],
[0.2,0.24,0.24,0.24,0.24],
[0.2,0.24,0.24,0.24,0.24],
[0.4,0.48,0.48,0.48,0.48],
[0.4,0.48,0.48,0.48,0.48],
[0.4,0.48,0.48,0.48,0.48],
[0.4,0.48,0.48,0.48,0.48],
[0.6,0.72,0.72,0.72,0.72],
[0.6,0.72,0.72,0.72,0.72],
[0.6,0.72,0.72,0.72,0.72],
[0.8,0.96,0.96,0.96,0.96],
[0.8,0.96,0.96,0.96,0.96],
[1,1.2,1.2,1.2,1.2],
[0.4,0.48,0.48,0.48,0.48],
[0.4,0.48,0.48,0.48,0.48],
[0.4,0.48,0.48,0.48,0.48],
[0.4,0.48,0.48,0.48,0.48],
[0.4,0.48,0.48,0.48,0.48],
[0.8,0.96,0.96,0.96,0.96],
[0.8,0.96,0.96,0.96,0.96],
[0.8,0.96,0.96,0.96,0.96],
[0.8,0.96,0.96,0.96,0.96],
[1.2,1.44,1.44,1.44,1.44],
[1.2,1.44,1.44,1.44,1.44],
[1.2,1.44,1.44,1.44,1.44],
[1.6,1.92,1.92,1.92,1.92],
[1.6,1.92,1.92,1.92,1.92],
[2,2.4,2.4,2.4,2.4],
[0.4,0.48,0.48,0.48,0.48],
[0.4,0.48,0.48,0.48,0.48],
[0.4,0.48,0.48,0.48,0.48],
[0.4,0.48,0.48,0.48,0.48],
[0.4,0.48,0.48,0.48,0.48],
[0.8,0.96,0.96,0.96,0.96],
[0.8,0.96,0.96,0.96,0.96],
[0.8,0.96,0.96,0.96,0.96],
[0.8,0.96,0.96,0.96,0.96],
[1.2,1.44,1.44,1.44,1.44],
[1.2,1.44,1.44,1.44,1.44],
[1.2,1.44,1.44,1.44,1.44],
[1.6,1.92,1.92,1.92,1.92],
[1.6,1.92,1.92,1.92,1.92],
[2,2.4,2.4,2.4,2.4],
[0.4,0.48,0.48,0.48,0.48],
[0.4,0.48,0.48,0.48,0.48],
[0.4,0.48,0.48,0.48,0.48],
[0.4,0.48,0.48,0.48,0.48],
[0.4,0.48,0.48,0.48,0.48],
[0.8,0.96,0.96,0.96,0.96],
[0.8,0.96,0.96,0.96,0.96],
[0.8,0.96,0.96,0.96,0.96],
[0.8,0.96,0.96,0.96,0.96],
[1.2,1.44,1.44,1.44,1.44],
[1.2,1.44,1.44,1.44,1.44],
[1.2,1.44,1.44,1.44,1.44],
[1.6,1.92,1.92,1.92,1.92],
[1.6,1.92,1.92,1.92,1.92],
[2,2.4,2.4,2.4,2.4],
[0.4,0.48,0.48,0.48,0.48],
[0.4,0.48,0.48,0.48,0.48],
[0.4,0.48,0.48,0.48,0.48],
[0.4,0.48,0.48,0.48,0.48],
[0.4,0.48,0.48,0.48,0.48],
[0.8,0.96,0.96,0.96,0.96],
[0.8,0.96,0.96,0.96,0.96],
[0.8,0.96,0.96,0.96,0.96],
[0.8,0.96,0.96,0.96,0.96],
[1.2,1.44,1.44,1.44,1.44],
[1.2,1.44,1.44,1.44,1.44],
[1.2,1.44,1.44,1.44,1.44],
[1.6,1.92,1.92,1.92,1.92],
[1.6,1.92,1.92,1.92,1.92],
[2,2.4,2.4,2.4,2.4],
[0.6,0.72,0.72,0.72,0.72],
[0.6,0.72,0.72,0.72,0.72],
[0.6,0.72,0.72,0.72,0.72],
[0.6,0.72,0.72,0.72,0.72],
[0.6,0.72,0.72,0.72,0.72],
[1.2,1.44,1.44,1.44,1.44],
[1.2,1.44,1.44,1.44,1.44],
[1.2,1.44,1.44,1.44,1.44],
[1.2,1.44,1.44,1.44,1.44],
[1.8,2.16,2.16,2.16,2.16],
[1.8,2.16,2.16,2.16,2.16],
[1.8,2.16,2.16,2.16,2.16],
[2.4,2.88,2.88,2.88,2.88],
[2.4,2.88,2.88,2.88,2.88],
[3,3.6,3.6,3.6,3.6],
[0.6,0.72,0.72,0.72,0.72],
[0.6,0.72,0.72,0.72,0.72],
[0.6,0.72,0.72,0.72,0.72],
[0.6,0.72,0.72,0.72,0.72],
[0.6,0.72,0.72,0.72,0.72],
[1.2,1.44,1.44,1.44,1.44],
[1.2,1.44,1.44,1.44,1.44],
[1.2,1.44,1.44,1.44,1.44],
[1.2,1.44,1.44,1.44,1.44],
[1.8,2.16,2.16,2.16,2.16],
[1.8,2.16,2.16,2.16,2.16],
[1.8,2.16,2.16,2.16,2.16],
[2.4,2.88,2.88,2.88,2.88],
[2.4,2.88,2.88,2.88,2.88],
[3,3.6,3.6,3.6,3.6],
[0.6,0.72,0.72,0.72,0.72],
[0.6,0.72,0.72,0.72,0.72],
[0.6,0.72,0.72,0.72,0.72],
[0.6,0.72,0.72,0.72,0.72],
[0.6,0.72,0.72,0.72,0.72],
[1.2,1.44,1.44,1.44,1.44],
[1.2,1.44,1.44,1.44,1.44],
[1.2,1.44,1.44,1.44,1.44],
[1.2,1.44,1.44,1.44,1.44],
[1.8,2.16,2.16,2.16,2.16],
[1.8,2.16,2.16,2.16,2.16],
[1.8,2.16,2.16,2.16,2.16],
[2.4,2.88,2.88,2.88,2.88],
[2.4,2.88,2.88,2.88,2.88],
[3,3.6,3.6,3.6,3.6],
[0.8,0.96,0.96,0.96,0.96],
[0.8,0.96,0.96,0.96,0.96],
[0.8,0.96,0.96,0.96,0.96],
[0.8,0.96,0.96,0.96,0.96],
[0.8,0.96,0.96,0.96,0.96],
[1.6,1.92,1.92,1.92,1.92],
[1.6,1.92,1.92,1.92,1.92],
[1.6,1.92,1.92,1.92,1.92],
[1.6,1.92,1.92,1.92,1.92],
[2.4,2.88,2.88,2.88,2.88],
[2.4,2.88,2.88,2.88,2.88],
[2.4,2.88,2.88,2.88,2.88],
[3.2,3.84,3.84,3.84,3.84],
[3.2,3.84,3.84,3.84,3.84],
[4,4.8,4.8,4.8,4.8],
[0.8,0.96,0.96,0.96,0.96],
[0.8,0.96,0.96,0.96,0.96],
[0.8,0.96,0.96,0.96,0.96],
[0.8,0.96,0.96,0.96,0.96],
[0.8,0.96,0.96,0.96,0.96],
[1.6,1.92,1.92,1.92,1.92],
[1.6,1.92,1.92,1.92,1.92],
[1.6,1.92,1.92,1.92,1.92],
[1.6,1.92,1.92,1.92,1.92],
[2.4,2.88,2.88,2.88,2.88],
[2.4,2.88,2.88,2.88,2.88],
[2.4,2.88,2.88,2.88,2.88],
[3.2,3.84,3.84,3.84,3.84],
[3.2,3.84,3.84,3.84,3.84],
[4,4.8,4.8,4.8,4.8],
[1,1.2,1.2,1.2,1.2],
[1,1.2,1.2,1.2,1.2],
[1,1.2,1.2,1.2,1.2],
[1,1.2,1.2,1.2,1.2],
[1,1.2,1.2,1.2,1.2],
[2,2.4,2.4,2.4,2.4],
[2,2.4,2.4,2.4,2.4],
[2,2.4,2.4,2.4,2.4],
[2,2.4,2.4,2.4,2.4],
[3,3.6,3.6,3.6,3.6],
[3,3.6,3.6,3.6,3.6],
[3,3.6,3.6,3.6,3.6],
[4,4.8,4.8,4.8,4.8],
[4,4.8,4.8,4.8,4.8],
[5,6,6,6,6]]
[1,1,1,1,1,2,2,2,2,3,3,3,4,4,5,1,1,1,1,1,2,2,2,2,3,3,3,4,4,5,1,1,1,1,1,2,2,2,2,3,3,3,4,4,5,1,1,1,1,1,2,2,2,2,3,3,3,4,4,5,1,1,1,1,1,2,2,2,2,3,3,3,4,4,5,2,2,2,2,2,4,4,4,4,6,6,6,8,8,10,2,2,2,2,2,4,4,4,4,6,6,6,8,8,10,2,2,2,2,2,4,4,4,4,6,6,6,8,8,10,2,2,2,2,2,4,4,4,4,6,6,6,8,8,10,3,3,3,3,3,6,6,6,6,9,9,9,12,12,15,3,3,3,3,3,6,6,6,6,9,9,9,12,12,15,3,3,3,3,3,6,6,6,6,9,9,9,12,12,15,4,4,4,4,4,8,8,8,8,12,12,12,16,16,20,4,4,4,4,4,8,8,8,8,12,12,12,16,16,20,5,5,5,5,5,10,10,10,10,15,15,15,20,20,25] 
[6.16,6.49,5.27,7.1,7.15] 
[0.02,0.02,0.01,0.02,0.01] 
[5,6,6,6,6] 
[2.19,2,2.18,2.12,1.95]