225
25
5
156000
[[0,0,0,0,0],
[0,0,0,0,0],
[0,0,0,0,0],
[0,0,0,0,0],
[0,0,0,0,0],
[0.56,0.31,5.81,7.41,22.85],
[7.92,1.02,3.95,0.22,23.46],
[0.54,0.03,3.38,0.2,6.44],
[0.17,0.74,0.64,0.01,3.3],
[7.06,0.51,9.7,5.93,15.44],
[4.26,0.82,2.45,0.42,11.74],
[0.27,0.42,1.7,0.11,3.42],
[5.67,0.56,6.51,5.35,10.7],
[3.21,0.63,1.66,0.35,9.34],
[5.11,0.47,5.3,4.55,8.54],
[0,0,0,0,0],
[0,0,0,0,0],
[0,0,0,0,0],
[0,0,0,0,0],
[0,0,0,0,0],
[0.02,6.16,0.01,0.19,0.65],
[0.51,1.75,8.86,8.99,0.03],
[12.2,4.23,0.97,4.87,4.93],
[4.29,2.42,11.19,18.79,24.64],
[0.42,3.08,5.74,7,0.36],
[6.81,2.17,8.5,4.83,3.05],
[6.17,6.57,5.91,9.4,12.37],
[4.69,4.06,8.15,4.67,3.06],
[4.54,4.54,7.11,10.68,8.3],
[3.53,6.79,6.63,10.86,6.35],
[0,0,0,0,0],
[0,0,0,0,0],
[0,0,0,0,0],
[0,0,0,0,0],
[0,0,0,0,0],
[0.07,1.62,6.3,5.78,11.14],
[0.65,3.43,0.12,30.97,25.56],
[0.14,2.71,5.68,0.01,0.48],
[0.03,0.61,7.84,0.73,2.29],
[0.62,1.8,3.71,15.58,13.22],
[0.33,2.06,3.32,20.28,15.03],
[0.07,3.07,4.56,0.55,2.55],
[0.45,1.55,6.95,14.33,10.04],
[0.24,2.17,3.09,13.96,10.06],
[0.39,1.95,5.34,11.38,7.57],
[0,0,0,0,0],
[0,0,0,0,0],
[0,0,0,0,0],
[0,0,0,0,0],
[0,0,0,0,0],
[16.36,2.44,4.09,23.53,0.71],
[30.89,3.67,6.09,0.01,4.38],
[4.68,0.04,1.05,4.65,6.81],
[4.12,3.78,7.92,1.04,34.86],
[16.51,6.07,3.46,16.08,2.22],
[15.7,2.21,3.07,2.94,11.1],
[8.79,2.81,7.9,2.33,17.51],
[11.03,5.32,2.31,10.83,8.41],
[11.78,2.52,5.63,2.03,13.41],
[9.69,4.21,4.99,8.3,10.18],
[0,0,0,0,0],
[0,0,0,0,0],
[0,0,0,0,0],
[0,0,0,0,0],
[0,0,0,0,0],
[31.84,1.67,2.55,6.41,0.45],
[0.01,0.2,0.08,2.51,0.73],
[7.76,26.43,0.34,4.65,1.23],
[2.27,21.98,4.62,3.05,0.9],
[21.63,0.86,1.45,8.62,1.17],
[4.99,16.2,0.17,2.5,0.68],
[9.48,16.2,2.47,7.65,0.72],
[14.77,14.46,1.4,5.78,0.83],
[8.86,11.8,1.84,5.19,0.57],
[12.9,11.06,1.9,5.84,0.83],
[1.77,1.96,25.21,1.31,3.89],
[0.51,0.27,7.26,11.76,4],
[1.92,0.04,5.15,0.81,7.14],
[17.17,5.95,2,12.65,5.54],
[6.2,9.81,1.28,0.77,0.63],
[0.89,2.29,11.86,6.02,7.83],
[2.89,1.01,4.3,6.19,7.91],
[9.34,2.59,3.71,5,8],
[8.82,6.23,3.95,7.46,9.72],
[3.02,1.47,8.15,7.17,6.79],
[5.97,1.87,4.45,6.24,6.53],
[6.86,5.03,3.48,4.66,7.51],
[4.88,2.09,6.86,7.21,6.79],
[5.23,3.64,3.76,6.48,7.74],
[4.63,3.76,5.89,8.32,7.01],
[4.18,9.59,0.82,9.12,0],
[3.67,3.56,12.25,0.03,6.55],
[3.33,1.84,0.03,7.53,5.41],
[1.69,0.9,2.51,23.53,14.85],
[0.35,0.03,4.53,0.12,6.88],
[2.64,6.74,5.34,3.69,5.05],
[2.72,3.48,5.25,14.74,8.54],
[4.16,3.2,2.74,11.24,8.17],
[1.52,1.22,8.64,9.9,9.23],
[2.64,4.63,5.19,11.38,5.44],
[3.25,2.87,6.58,14.07,8.11],
[2.58,4.26,5.2,7.49,6.81],
[2.92,4.3,7.83,12.3,6.07],
[2.38,3.55,6.33,12.53,7.9],
[2.31,5.12,6.85,12.31,6.21],
[0.08,0.22,15.57,6.81,2.67],
[16.47,5.61,0.34,21.58,0.74],
[5.31,5.92,4.93,0.64,4.41],
[0.05,15.02,1.41,8.16,1.45],
[4.32,7.33,1.45,0.97,10.17],
[8.61,1.96,5.34,10.46,4.05],
[11.03,6.21,2.51,12.79,10.24],
[2.33,7.55,2.42,3.78,2.56],
[2.27,8.69,6.21,3.05,13.04],
[7.13,4.4,4.94,12.77,6.72],
[6.67,6.73,2.57,9.35,10.45],
[3.54,7.77,4.99,2.59,9.14],
[5.1,5.35,4.66,10.88,8.01],
[5.74,6.64,3.76,6.85,10.43],
[4.9,5.39,4.82,8.9,8.42],
[1.51,2.78,17.64,21.78,2.23],
[0.14,3.75,0.34,7.37,2.76],
[36.38,18.54,11.09,19.53,1.66],
[1.17,1.08,2.98,0.01,7.76],
[6.02,2.9,1.13,0.39,4.71],
[16.19,3.54,6.02,10.61,2.04],
[17.13,7.79,4.61,9.33,1.73],
[12.58,10.6,4.72,6.51,5.44],
[2.44,8.66,5.47,1.41,11.98],
[17.04,6.95,6.35,10.29,1.59],
[12,9.17,3.41,5.67,5.1],
[8.76,9.25,6.65,5.01,7.53],
[12.45,10.16,5.04,7.35,3.99],
[9.75,7.84,4.8,4.66,5.99],
[10.36,8.42,5.7,6.37,4.93],
[2.15,4.81,14.32,4.65,2.63],
[1.88,3.22,6.72,7.46,3.62],
[5.18,1.45,3.74,3.91,4.23],
[8.98,6.11,4.5,12.62,7.55],
[5.35,6.92,2.27,0.39,3.62],
[1.7,4.45,8.42,4.88,7.81],
[4.08,3.04,4.21,9.98,9.9],
[7.07,3.86,5.1,6.84,6.69],
[6.21,5.89,5.92,5.97,6.32],
[3.7,3.37,6.22,8.95,7.69],
[5.12,3.54,5.45,9.79,8.08],
[5.77,5.51,4.8,4.71,5.45],
[4.4,3.78,6.79,9.69,7.09],
[4.75,4.62,4.86,8.4,7.67],
[4.33,4.85,5.94,9.38,6.7],
[2.46,7.5,13.31,5.36,1.81],
[8.25,3.14,7.03,14.96,3.39],
[8.56,2.97,3.58,3.98,3.29],
[1.36,8.16,1.36,11.89,13.95],
[2.29,4.6,2.28,0.94,16.95],
[5.6,4.58,8.14,8.68,3.74],
[7.81,4.17,5.98,12.6,6.24],
[4.16,5.47,2.34,7.68,6.9],
[2.68,6.33,6.81,6.48,12.76],
[5.82,4.49,7.55,12.12,4.45],
[5.99,4.75,5.41,10.85,8.02],
[3.83,6.73,5.4,5.32,8.93],
[4.87,4.82,7.31,11.21,6.16],
[4.92,5.52,5.82,8.95,8.91],
[4.32,5.48,6.86,10.42,7.26],
[0.83,2.52,11.09,10.94,1.64],
[12.07,3.18,0.68,10.89,3.29],
[18.53,9.32,5.75,15.8,5.85],
[0.98,13.42,4.29,5.65,3.91],
[3.49,3.75,2.56,0.49,5.31],
[11.76,2.45,5,8.73,3.54],
[13.68,5.74,2.8,11.8,6.3],
[7.87,9.82,4.27,8.58,4.51],
[1.82,10.53,6.76,2.7,8.35],
[11.99,4.8,5.03,10.32,4.51],
[9.4,8.3,3.28,9,7.03],
[5.79,8.92,5.87,5.68,6.75],
[8.92,7.58,5.11,8.84,5.41],
[7.58,7.49,4.41,7.1,6.9],
[7.51,6.81,5.29,7.59,5.67],
[1.64,5.34,13.68,3.58,4.42],
[5.81,2.58,4.84,11.53,2.43],
[11.39,2.03,7.29,2.88,3.85],
[6.03,7.02,3.06,8.74,9.49],
[3.93,5.81,1.52,0.68,13.34],
[4.15,3.67,8.08,7.59,6.34],
[7.42,3.31,5.55,9.16,7.98],
[7.68,4.38,5.06,5.55,6.01],
[5.06,6.45,5.36,4.73,9.8],
[5.81,3.56,7.27,9.95,6.69],
[6.65,4.03,5.36,8.22,7.98],
[6.32,5.86,5.42,3.89,7.59],
[5.52,4.03,6.72,9.43,6.91],
[5.84,4.9,5.12,6.74,8.58],
[5.25,4.75,6.2,8.7,7.58],
[3.13,9.54,9.67,11.31,1.28],
[8.46,2.58,4.7,10.07,3.22],
[13.26,6.9,3.99,10.81,4.02],
[2.29,10.91,2.88,8,9.55],
[2.33,3.07,2.18,0.64,11.64],
[8.6,5.22,6.31,9.17,3.07],
[9.86,4.83,4.56,10.75,4.59],
[7.39,7.69,3.25,8.25,5.84],
[2.26,8.86,6.58,5.1,9.49],
[9.13,5.74,6.13,10.39,3.45],
[8.16,6.43,4.55,9.07,6.02],
[5.34,7.84,5.48,6.21,7.16],
[7.5,6.79,6.23,9.38,4.7],
[6.51,6.42,5.2,8.03,6.76],
[6.29,6.59,6.02,8.9,5.57],
[2.4,8.14,11.93,8.87,3.34],
[7.13,2.55,3.63,8.64,2.76],
[12.25,5.65,5.87,8.15,5.13],
[4.82,8.54,3.16,6.76,7.24],
[4.26,4.48,1.7,0.51,10.72],
[6.84,4.8,6.92,7.99,5.13],
[8.64,4.35,4.4,8.74,6.35],
[8.19,6.35,4.52,6.7,5.56],
[4.26,7.93,5.31,4.07,8.03],
[8.25,5.16,6.26,9.05,5.47],
[7.57,5.58,4.46,7.62,6.44],
[6.49,6.95,5.12,4.97,6.75],
[7.18,5.95,5.95,8.37,5.64],
[6.48,5.83,4.6,6.59,7.02],
[6.42,5.99,5.65,7.87,6.25]]
[[0,0,0,0,0],
[0,0,0,0,0],
[0,0,0,0,0],
[0,0,0,0,0],
[0,0,0,0,0],
[0,0.04,0,0.02,0],
[0.02,0.04,0.04,0.02,0],
[0,0,0.08,0.01,0],
[0.01,0.02,0,0.04,0],
[0.02,0.03,0.04,0.01,0],
[0.01,0.03,0.04,0.02,0],
[0.01,0.01,0.05,0.02,0.01],
[0.02,0.02,0.04,0.02,0],
[0.01,0.02,0.04,0.02,0.01],
[0.01,0.02,0.03,0.02,0.01],
[0,0,0,0,0],
[0,0,0,0,0],
[0,0,0,0,0],
[0,0,0,0,0],
[0,0,0,0,0],
[0,0.01,0,0,0],
[0,0,0.04,0,0.02],
[0.02,0,0.02,0.02,0],
[0,0,0.01,0,0],
[0,0.01,0.03,0,0.01],
[0.01,0,0.02,0.02,0.01],
[0.01,0,0.01,0.02,0],
[0.01,0.01,0.02,0.02,0.01],
[0.01,0,0.02,0.03,0.02],
[0.01,0.01,0.02,0.03,0.02],
[0,0,0,0,0],
[0,0,0,0,0],
[0,0,0,0,0],
[0,0,0,0,0],
[0,0,0,0,0],
[0.04,0,0,0.02,0.02],
[0.02,0.08,0,0,0.02],
[0.02,0.02,0,0,0.01],
[0,0,0.08,0,0.01],
[0.02,0.05,0,0.01,0.01],
[0.04,0.04,0,0,0.01],
[0.01,0.01,0.04,0,0],
[0.03,0.04,0,0.02,0.01],
[0.04,0.03,0.04,0,0.01],
[0.03,0.03,0.03,0.01,0.01],
[0,0,0,0,0],
[0,0,0,0,0],
[0,0,0,0,0],
[0,0,0,0,0],
[0,0,0,0,0],
[0,0.02,0,0.04,0.04],
[0.02,0.01,0.02,0,0.02],
[0.01,0.01,0,0,0],
[0,0.02,0.02,0,0.04],
[0.01,0.01,0.01,0.02,0.02],
[0.01,0,0.01,0,0.02],
[0,0.02,0.02,0,0.02],
[0.01,0.01,0.01,0.02,0.02],
[0.01,0.02,0.02,0,0.02],
[0.01,0.02,0.01,0.02,0.02],
[0,0,0,0,0],
[0,0,0,0,0],
[0,0,0,0,0],
[0,0,0,0,0],
[0,0,0,0,0],
[0.01,0,0,0.01,0],
[0,0.02,0.02,0.01,0.04],
[0.02,0.04,0.02,0.02,0],
[0.04,0,0,0,0.08],
[0,0.01,0.02,0,0.02],
[0.01,0.02,0.01,0.01,0.04],
[0.02,0.04,0.02,0.01,0.04],
[0.02,0.02,0.02,0.01,0.03],
[0.02,0.03,0.02,0.01,0.04],
[0.02,0.02,0.02,0.01,0.03],
[0,0,0,0,0],
[0,0.02,0,0,0],
[0.02,0.02,0,0,0.01],
[0.04,0.01,0.02,0,0.02],
[0,0,0.04,0.08,0.08],
[0,0.02,0,0.01,0],
[0.01,0.02,0.03,0.01,0.01],
[0.03,0.01,0.04,0.01,0.01],
[0.02,0.01,0.02,0.03,0.03],
[0.01,0.02,0.03,0.01,0.01],
[0.02,0.01,0.03,0.02,0.01],
[0.02,0.01,0.03,0.02,0.02],
[0.01,0.01,0.03,0.01,0.01],
[0.01,0.01,0.03,0.03,0.02],
[0.01,0.01,0.02,0.02,0.02],
[0,0.04,0,0.02,0],
[0.02,0.02,0,0,0.04],
[0,0.04,0.04,0,0.01],
[0,0,0.02,0.04,0],
[0,0,0,0.04,0.02],
[0.02,0.02,0,0.02,0.02],
[0.01,0.03,0.03,0,0.02],
[0.01,0.02,0.03,0.02,0],
[0,0,0.03,0.03,0.01],
[0.01,0.03,0.02,0.01,0.01],
[0.02,0.02,0.02,0.01,0.01],
[0.01,0.01,0.03,0.02,0.01],
[0.02,0.02,0.02,0.01,0.01],
[0.02,0.01,0.03,0.02,0.01],
[0.02,0.02,0.02,0.02,0.01],
[0,0.08,0,0,0.02],
[0.04,0.02,0.02,0,0.04],
[0.01,0,0,0,0.01],
[0.02,0,0,0,0],
[0.02,0.02,0,0,0],
[0.02,0.04,0.01,0.02,0.02],
[0.02,0.03,0.01,0,0.02],
[0.02,0.01,0,0,0.01],
[0.01,0.01,0.03,0,0.02],
[0.02,0.03,0.01,0.02,0.01],
[0.02,0.02,0.01,0,0.01],
[0.01,0.02,0.03,0,0.01],
[0.02,0.02,0.01,0.01,0.01],
[0.02,0.02,0.02,0,0.01],
[0.02,0.02,0.02,0.01,0.01],
[0.02,0.02,0,0,0],
[0,0,0,0.02,0.04],
[0.01,0,0.08,0.02,0.02],
[0.02,0,0,0,0.08],
[0.01,0,0.02,0,0.04],
[0.01,0.01,0,0.02,0.02],
[0.01,0.01,0.03,0.02,0.02],
[0.02,0.02,0.03,0.01,0.03],
[0.02,0.01,0.01,0,0.04],
[0.01,0.01,0.02,0.02,0.02],
[0.01,0.01,0.02,0.01,0.03],
[0.01,0.03,0.02,0.01,0.03],
[0.01,0.01,0.01,0.01,0.03],
[0.01,0.02,0.02,0.01,0.03],
[0.01,0.02,0.01,0.01,0.03],
[0,0.03,0,0.01,0],
[0.01,0.01,0,0,0.03],
[0.01,0.02,0.03,0,0],
[0.03,0,0.01,0.03,0.01],
[0.01,0,0.04,0.04,0.04],
[0.01,0.02,0,0.01,0.01],
[0.01,0.03,0.03,0.01,0.01],
[0.03,0.01,0.03,0.01,0.01],
[0.02,0,0.03,0.03,0.02],
[0.01,0.02,0.02,0.01,0.01],
[0.02,0.02,0.03,0.01,0.01],
[0.02,0.01,0.03,0.02,0.01],
[0.02,0.02,0.02,0.01,0.01],
[0.02,0.01,0.03,0.02,0.02],
[0.02,0.02,0.03,0.02,0.01],
[0,0.04,0,0.01,0.02],
[0.02,0.01,0.01,0,0.03],
[0,0.02,0.04,0,0],
[0.01,0,0.01,0.02,0],
[0.01,0.01,0,0.04,0.02],
[0.01,0.03,0.01,0.02,0.02],
[0.01,0.02,0.02,0,0.01],
[0.01,0.01,0.02,0.01,0],
[0.01,0.01,0.02,0.03,0.01],
[0.01,0.02,0.02,0.01,0.02],
[0.02,0.01,0.02,0.01,0.01],
[0.01,0.01,0.03,0.02,0.01],
[0.01,0.02,0.01,0.01,0.01],
[0.02,0.01,0.02,0.02,0.01],
[0.01,0.02,0.02,0.02,0.01],
[0.01,0.04,0,0,0.01],
[0.02,0.01,0.01,0.01,0.03],
[0,0,0.04,0.01,0.01],
[0.01,0,0.01,0,0.04],
[0.02,0.01,0.02,0,0.02],
[0.02,0.02,0.01,0.02,0.02],
[0.01,0.02,0.02,0.01,0.02],
[0.01,0.01,0.02,0.01,0.02],
[0.02,0.01,0.02,0,0.03],
[0.01,0.03,0.02,0.01,0.02],
[0.02,0.02,0.02,0.01,0.02],
[0.02,0.02,0.02,0.01,0.02],
[0.01,0.02,0.01,0.01,0.02],
[0.02,0.02,0.02,0.01,0.02],
[0.01,0.02,0.02,0.01,0.02],
[0,0.03,0,0.01,0.02],
[0.02,0.01,0.01,0,0.02],
[0.01,0.02,0.04,0,0],
[0.02,0,0.01,0.02,0.02],
[0.01,0.01,0.03,0.04,0.03],
[0.01,0.02,0,0.02,0.02],
[0.01,0.02,0.03,0,0.01],
[0.02,0.01,0.03,0.01,0.01],
[0.01,0.01,0.03,0.03,0.02],
[0.01,0.02,0.02,0.01,0.01],
[0.02,0.01,0.02,0.01,0.01],
[0.02,0.01,0.03,0.02,0.02],
[0.01,0.02,0.02,0.01,0.01],
[0.02,0.01,0.02,0.02,0.02],
[0.01,0.02,0.02,0.02,0.02],
[0.01,0.03,0,0.01,0.02],
[0.02,0.01,0.01,0.01,0.03],
[0,0.02,0.04,0.01,0.01],
[0.01,0,0.01,0.02,0.03],
[0.02,0.01,0.02,0.03,0.02],
[0.01,0.02,0.01,0.02,0.02],
[0.01,0.02,0.02,0.01,0.02],
[0.01,0.01,0.02,0.01,0.02],
[0.01,0.01,0.02,0.02,0.02],
[0.01,0.02,0.02,0.01,0.02],
[0.02,0.01,0.02,0.01,0.02],
[0.01,0.02,0.02,0.02,0.02],
[0.01,0.02,0.02,0.01,0.02],
[0.01,0.01,0.02,0.01,0.02],
[0.01,0.02,0.02,0.02,0.02],
[0.01,0.02,0,0.01,0.01],
[0.01,0.01,0.01,0.01,0.03],
[0.01,0.02,0.04,0.01,0.01],
[0.02,0.01,0.01,0.02,0.03],
[0.01,0.01,0.03,0.03,0.03],
[0.01,0.02,0.01,0.02,0.02],
[0.01,0.02,0.03,0.01,0.02],
[0.02,0.01,0.03,0.01,0.02],
[0.02,0.01,0.02,0.02,0.03],
[0.01,0.02,0.02,0.01,0.01],
[0.02,0.01,0.02,0.01,0.02],
[0.02,0.02,0.03,0.02,0.02],
[0.01,0.02,0.02,0.01,0.02],
[0.02,0.02,0.02,0.01,0.02],
[0.01,0.02,0.02,0.02,0.02]]
[[0.2,0.24,0.2,0.2,0.2],
[0.2,0.24,0.2,0.2,0.2],
[0.2,0.24,0.2,0.2,0.2],
[0.2,0.24,0.2,0.2,0.2],
[0.2,0.24,0.2,0.2,0.2],
[0.4,0.48,0.4,0.4,0.4],
[0.4,0.48,0.4,0.4,0.4],
[0.4,0.48,0.4,0.4,0.4],
[0.4,0.48,0.4,0.4,0.4],
[0.6,0.72,0.6,0.6,0.6],
[0.6,0.72,0.6,0.6,0.6],
[0.6,0.72,0.6,0.6,0.6],
[0.8,0.96,0.8,0.8,0.8],
[0.8,0.96,0.8,0.8,0.8],
[1,1.2,1,1,1],
[0.2,0.24,0.2,0.2,0.2],
[0.2,0.24,0.2,0.2,0.2],
[0.2,0.24,0.2,0.2,0.2],
[0.2,0.24,0.2,0.2,0.2],
[0.2,0.24,0.2,0.2,0.2],
[0.4,0.48,0.4,0.4,0.4],
[0.4,0.48,0.4,0.4,0.4],
[0.4,0.48,0.4,0.4,0.4],
[0.4,0.48,0.4,0.4,0.4],
[0.6,0.72,0.6,0.6,0.6],
[0.6,0.72,0.6,0.6,0.6],
[0.6,0.72,0.6,0.6,0.6],
[0.8,0.96,0.8,0.8,0.8],
[0.8,0.96,0.8,0.8,0.8],
[1,1.2,1,1,1],
[0.2,0.24,0.2,0.2,0.2],
[0.2,0.24,0.2,0.2,0.2],
[0.2,0.24,0.2,0.2,0.2],
[0.2,0.24,0.2,0.2,0.2],
[0.2,0.24,0.2,0.2,0.2],
[0.4,0.48,0.4,0.4,0.4],
[0.4,0.48,0.4,0.4,0.4],
[0.4,0.48,0.4,0.4,0.4],
[0.4,0.48,0.4,0.4,0.4],
[0.6,0.72,0.6,0.6,0.6],
[0.6,0.72,0.6,0.6,0.6],
[0.6,0.72,0.6,0.6,0.6],
[0.8,0.96,0.8,0.8,0.8],
[0.8,0.96,0.8,0.8,0.8],
[1,1.2,1,1,1],
[0.2,0.24,0.2,0.2,0.2],
[0.2,0.24,0.2,0.2,0.2],
[0.2,0.24,0.2,0.2,0.2],
[0.2,0.24,0.2,0.2,0.2],
[0.2,0.24,0.2,0.2,0.2],
[0.4,0.48,0.4,0.4,0.4],
[0.4,0.48,0.4,0.4,0.4],
[0.4,0.48,0.4,0.4,0.4],
[0.4,0.48,0.4,0.4,0.4],
[0.6,0.72,0.6,0.6,0.6],
[0.6,0.72,0.6,0.6,0.6],
[0.6,0.72,0.6,0.6,0.6],
[0.8,0.96,0.8,0.8,0.8],
[0.8,0.96,0.8,0.8,0.8],
[1,1.2,1,1,1],
[0.2,0.24,0.2,0.2,0.2],
[0.2,0.24,0.2,0.2,0.2],
[0.2,0.24,0.2,0.2,0.2],
[0.2,0.24,0.2,0.2,0.2],
[0.2,0.24,0.2,0.2,0.2],
[0.4,0.48,0.4,0.4,0.4],
[0.4,0.48,0.4,0.4,0.4],
[0.4,0.48,0.4,0.4,0.4],
[0.4,0.48,0.4,0.4,0.4],
[0.6,0.72,0.6,0.6,0.6],
[0.6,0.72,0.6,0.6,0.6],
[0.6,0.72,0.6,0.6,0.6],
[0.8,0.96,0.8,0.8,0.8],
[0.8,0.96,0.8,0.8,0.8],
[1,1.2,1,1,1],
[0.4,0.48,0.4,0.4,0.4],
[0.4,0.48,0.4,0.4,0.4],
[0.4,0.48,0.4,0.4,0.4],
[0.4,0.48,0.4,0.4,0.4],
[0.4,0.48,0.4,0.4,0.4],
[0.8,0.96,0.8,0.8,0.8],
[0.8,0.96,0.8,0.8,0.8],
[0.8,0.96,0.8,0.8,0.8],
[0.8,0.96,0.8,0.8,0.8],
[1.2,1.44,1.2,1.2,1.2],
[1.2,1.44,1.2,1.2,1.2],
[1.2,1.44,1.2,1.2,1.2],
[1.6,1.92,1.6,1.6,1.6],
[1.6,1.92,1.6,1.6,1.6],
[2,2.4,2,2,2],
[0.4,0.48,0.4,0.4,0.4],
[0.4,0.48,0.4,0.4,0.4],
[0.4,0.48,0.4,0.4,0.4],
[0.4,0.48,0.4,0.4,0.4],
[0.4,0.48,0.4,0.4,0.4],
[0.8,0.96,0.8,0.8,0.8],
[0.8,0.96,0.8,0.8,0.8],
[0.8,0.96,0.8,0.8,0.8],
[0.8,0.96,0.8,0.8,0.8],
[1.2,1.44,1.2,1.2,1.2],
[1.2,1.44,1.2,1.2,1.2],
[1.2,1.44,1.2,1.2,1.2],
[1.6,1.92,1.6,1.6,1.6],
[1.6,1.92,1.6,1.6,1.6],
[2,2.4,2,2,2],
[0.4,0.48,0.4,0.4,0.4],
[0.4,0.48,0.4,0.4,0.4],
[0.4,0.48,0.4,0.4,0.4],
[0.4,0.48,0.4,0.4,0.4],
[0.4,0.48,0.4,0.4,0.4],
[0.8,0.96,0.8,0.8,0.8],
[0.8,0.96,0.8,0.8,0.8],
[0.8,0.96,0.8,0.8,0.8],
[0.8,0.96,0.8,0.8,0.8],
[1.2,1.44,1.2,1.2,1.2],
[1.2,1.44,1.2,1.2,1.2],
[1.2,1.44,1.2,1.2,1.2],
[1.6,1.92,1.6,1.6,1.6],
[1.6,1.92,1.6,1.6,1.6],
[2,2.4,2,2,2],
[0.4,0.48,0.4,0.4,0.4],
[0.4,0.48,0.4,0.4,0.4],
[0.4,0.48,0.4,0.4,0.4],
[0.4,0.48,0.4,0.4,0.4],
[0.4,0.48,0.4,0.4,0.4],
[0.8,0.96,0.8,0.8,0.8],
[0.8,0.96,0.8,0.8,0.8],
[0.8,0.96,0.8,0.8,0.8],
[0.8,0.96,0.8,0.8,0.8],
[1.2,1.44,1.2,1.2,1.2],
[1.2,1.44,1.2,1.2,1.2],
[1.2,1.44,1.2,1.2,1.2],
[1.6,1.92,1.6,1.6,1.6],
[1.6,1.92,1.6,1.6,1.6],
[2,2.4,2,2,2],
[0.6,0.72,0.6,0.6,0.6],
[0.6,0.72,0.6,0.6,0.6],
[0.6,0.72,0.6,0.6,0.6],
[0.6,0.72,0.6,0.6,0.6],
[0.6,0.72,0.6,0.6,0.6],
[1.2,1.44,1.2,1.2,1.2],
[1.2,1.44,1.2,1.2,1.2],
[1.2,1.44,1.2,1.2,1.2],
[1.2,1.44,1.2,1.2,1.2],
[1.8,2.16,1.8,1.8,1.8],
[1.8,2.16,1.8,1.8,1.8],
[1.8,2.16,1.8,1.8,1.8],
[2.4,2.88,2.4,2.4,2.4],
[2.4,2.88,2.4,2.4,2.4],
[3,3.6,3,3,3],
[0.6,0.72,0.6,0.6,0.6],
[0.6,0.72,0.6,0.6,0.6],
[0.6,0.72,0.6,0.6,0.6],
[0.6,0.72,0.6,0.6,0.6],
[0.6,0.72,0.6,0.6,0.6],
[1.2,1.44,1.2,1.2,1.2],
[1.2,1.44,1.2,1.2,1.2],
[1.2,1.44,1.2,1.2,1.2],
[1.2,1.44,1.2,1.2,1.2],
[1.8,2.16,1.8,1.8,1.8],
[1.8,2.16,1.8,1.8,1.8],
[1.8,2.16,1.8,1.8,1.8],
[2.4,2.88,2.4,2.4,2.4],
[2.4,2.88,2.4,2.4,2.4],
[3,3.6,3,3,3],
[0.6,0.72,0.6,0.6,0.6],
[0.6,0.72,0.6,0.6,0.6],
[0.6,0.72,0.6,0.6,0.6],
[0.6,0.72,0.6,0.6,0.6],
[0.6,0.72,0.6,0.6,0.6],
[1.2,1.44,1.2,1.2,1.2],
[1.2,1.44,1.2,1.2,1.2],
[1.2,1.44,1.2,1.2,1.2],
[1.2,1.44,1.2,1.2,1.2],
[1.8,2.16,1.8,1.8,1.8],
[1.8,2.16,1.8,1.8,1.8],
[1.8,2.16,1.8,1.8,1.8],
[2.4,2.88,2.4,2.4,2.4],
[2.4,2.88,2.4,2.4,2.4],
[3,3.6,3,3,3],
[0.8,0.96,0.8,0.8,0.8],
[0.8,0.96,0.8,0.8,0.8],
[0.8,0.96,0.8,0.8,0.8],
[0.8,0.96,0.8,0.8,0.8],
[0.8,0.96,0.8,0.8,0.8],
[1.6,1.92,1.6,1.6,1.6],
[1.6,1.92,1.6,1.6,1.6],
[1.6,1.92,1.6,1.6,1.6],
[1.6,1.92,1.6,1.6,1.6],
[2.4,2.88,2.4,2.4,2.4],
[2.4,2.88,2.4,2.4,2.4],
[2.4,2.88,2.4,2.4,2.4],
[3.2,3.84,3.2,3.2,3.2],
[3.2,3.84,3.2,3.2,3.2],
[4,4.8,4,4,4],
[0.8,0.96,0.8,0.8,0.8],
[0.8,0.96,0.8,0.8,0.8],
[0.8,0.96,0.8,0.8,0.8],
[0.8,0.96,0.8,0.8,0.8],
[0.8,0.96,0.8,0.8,0.8],
[1.6,1.92,1.6,1.6,1.6],
[1.6,1.92,1.6,1.6,1.6],
[1.6,1.92,1.6,1.6,1.6],
[1.6,1.92,1.6,1.6,1.6],
[2.4,2.88,2.4,2.4,2.4],
[2.4,2.88,2.4,2.4,2.4],
[2.4,2.88,2.4,2.4,2.4],
[3.2,3.84,3.2,3.2,3.2],
[3.2,3.84,3.2,3.2,3.2],
[4,4.8,4,4,4],
[1,1.2,1,1,1],
[1,1.2,1,1,1],
[1,1.2,1,1,1],
[1,1.2,1,1,1],
[1,1.2,1,1,1],
[2,2.4,2,2,2],
[2,2.4,2,2,2],
[2,2.4,2,2,2],
[2,2.4,2,2,2],
[3,3.6,3,3,3],
[3,3.6,3,3,3],
[3,3.6,3,3,3],
[4,4.8,4,4,4],
[4,4.8,4,4,4],
[5,6,5,5,5]]
[1,1,1,1,1,2,2,2,2,3,3,3,4,4,5,1,1,1,1,1,2,2,2,2,3,3,3,4,4,5,1,1,1,1,1,2,2,2,2,3,3,3,4,4,5,1,1,1,1,1,2,2,2,2,3,3,3,4,4,5,1,1,1,1,1,2,2,2,2,3,3,3,4,4,5,2,2,2,2,2,4,4,4,4,6,6,6,8,8,10,2,2,2,2,2,4,4,4,4,6,6,6,8,8,10,2,2,2,2,2,4,4,4,4,6,6,6,8,8,10,2,2,2,2,2,4,4,4,4,6,6,6,8,8,10,3,3,3,3,3,6,6,6,6,9,9,9,12,12,15,3,3,3,3,3,6,6,6,6,9,9,9,12,12,15,3,3,3,3,3,6,6,6,6,9,9,9,12,12,15,4,4,4,4,4,8,8,8,8,12,12,12,16,16,20,4,4,4,4,4,8,8,8,8,12,12,12,16,16,20,5,5,5,5,5,10,10,10,10,15,15,15,20,20,25] 
[6.42,5.99,5.65,7.87,6.25] 
[0.01,0.02,0.02,0.02,0.02] 
[5,6,5,5,5] 
[2.15,2.05,1.96,1.95,2.18]