225
25
5
174000
[[0,0,0,0,0],
[0,0,0,0,0],
[0,0,0,0,0],
[0,0,0,0,0],
[0,0,0,0,0],
[0.16,0.02,1.1,0.67,0.02],
[17.23,0.74,16.36,4.9,6.59],
[0.73,1.77,2.53,6.44,16.19],
[3.46,0.57,5.35,6.59,9.42],
[12.71,0.43,8.81,2.5,4.15],
[14.34,2.44,8.3,11.31,8.3],
[1.73,2.23,7.7,4.34,8.84],
[15.53,2.01,6.16,8.67,5.56],
[9.57,3.49,7.59,7.55,6.3],
[12.02,3.36,5.84,6.52,4.84],
[0,0,0,0,0],
[0,0,0,0,0],
[0,0,0,0,0],
[0,0,0,0,0],
[0,0,0,0,0],
[1.57,12.1,0.42,2.16,11.96],
[4.12,0.67,1.51,0.13,0.84],
[1.2,12.1,13.68,4.68,18.48],
[1.79,20.67,15.07,4.32,5.35],
[2.1,6.61,0.76,1.88,6.42],
[5.03,10.42,13.16,2.69,15.52],
[2.97,11.31,9.59,3,9.26],
[3.46,8.52,9.76,2.28,11.34],
[7.12,8.86,9.28,2.08,10.72],
[5.87,8.69,7.49,2.11,8.61],
[0,0,0,0,0],
[0,0,0,0,0],
[0,0,0,0,0],
[0,0,0,0,0],
[0,0,0,0,0],
[9.99,4.93,0.14,10.22,4.12],
[0.01,18.42,4.53,1.96,6.52],
[14.2,1.94,0.35,0.05,1.05],
[12.25,2.29,1.92,14.74,1.75],
[6.91,9.21,2.59,11.1,10.54],
[9.19,9.59,4.1,1.54,3.3],
[8.84,1.41,0.97,9.3,0.96],
[8.09,6.41,3.51,9.86,7.94],
[6.65,8.42,2.77,6.23,3.31],
[6.99,6.5,2.63,9.29,8.14],
[0,0,0,0,0],
[0,0,0,0,0],
[0,0,0,0,0],
[0,0,0,0,0],
[0,0,0,0,0],
[0.61,0.07,5.68,0.48,0.44],
[1.86,6.23,0.5,0.87,1.08],
[1.26,0.01,0.01,4.9,3.51],
[13.78,1.66,0.95,0.21,24.08],
[2.35,3.75,3,0.47,1.48],
[1.06,3.98,0.3,2.47,4.36],
[7.25,1.2,0.58,2.73,12.27],
[1.57,3.58,2.08,1.97,4.87],
[6.55,2.79,0.87,1.89,8.39],
[6.79,2.7,1.74,1.81,6.83],
[0,0,0,0,0],
[0,0,0,0,0],
[0,0,0,0,0],
[0,0,0,0,0],
[0,0,0,0,0],
[0.03,3.28,0.05,1.88,0.01],
[1.62,9.33,0.87,3.05,8.08],
[11.09,0.67,6.41,6.48,2.1],
[0.01,0.22,9.25,0,3.95],
[0.96,4.72,0.47,1.69,5.58],
[5.65,5,6.43,3.39,4.04],
[7.2,0.86,5.3,4.41,5.95],
[3.86,3.33,5.05,2.82,3.84],
[5.22,3.33,4.83,2.94,4.71],
[4.21,2.5,4,2.93,3.94],
[0.97,1.34,1.64,0.74,0.14],
[0.45,22.85,0.78,2.04,15.85],
[7.8,9.59,13.68,0.18,0.25],
[6.52,2.93,2.53,26.28,0.05],
[0.41,4.32,0,0.23,0.29],
[0.59,9.92,1.29,1,7.15],
[9.12,10.81,9.46,1.84,5.82],
[5.41,4.94,6.14,8.84,11.64],
[2.36,7.1,7.24,8.88,4.94],
[6.33,8.26,6.12,1.76,5.8],
[10.16,7.68,9.18,6.73,11],
[3.35,6.21,7.21,5.36,7.24],
[9.04,6.43,7.47,5.58,8.16],
[8.18,7.72,7.54,4.88,7.91],
[8.38,7.32,6.33,4.5,6.44],
[11.62,2.88,1.34,0.24,2.49],
[2.25,0.19,0.77,1.51,9.03],
[0.41,9.2,0,5.15,0.22],
[4.12,3.38,9.5,21.65,13.99],
[7.88,17.82,0.34,1.6,7.57],
[7.87,6.44,0.88,4.22,8.86],
[1.5,7.49,2.14,2.74,3.53],
[5.46,4.92,6.24,9.56,9.46],
[4.78,8.6,7.91,8.27,9.39],
[4.81,6.39,1.61,5.8,7.91],
[6.24,8.04,7.94,6.12,7.62],
[4.86,7.04,5.11,7.05,7.32],
[6.36,6.43,6.62,7.3,8.27],
[5.9,8.29,5.9,5.26,6.57],
[5.99,6.99,5.22,5.98,7.57],
[0.32,0.19,18.61,22.78,11.14],
[8.69,5.71,5.28,0.78,0.41],
[2.88,0.35,0.77,0.17,8.69],
[0.9,3.54,0.04,4.06,14.42],
[1.34,0.84,6.55,5.22,0.05],
[5.59,3,9.22,8.9,4.16],
[4.22,9.7,3.36,1.23,3.42],
[5.25,1.67,0.31,2.07,9.11],
[9.42,1.47,2.23,5,11.29],
[5.51,5.97,5.97,7.09,4.88],
[5.01,7.01,2.52,1.64,5.55],
[6.45,1.21,1.5,4.84,8.52],
[4.79,5.29,4.51,5.66,5.77],
[5.89,5.36,2.82,3.57,6.44],
[6.34,4.52,4.28,5.83,6.85],
[11.62,0.24,0.38,10.53,7.64],
[6.06,4.12,4,15.4,4],
[5.61,2.16,0.13,9.68,3.54],
[0.03,4.77,4.35,11.86,5.31],
[11.96,1.88,0,15.62,21.06],
[5.95,2.17,2.23,9.36,3.94],
[5.05,7.23,1.39,9.56,3.06],
[5.19,2.46,2.63,10.95,4.79],
[6.41,2.74,4.14,9.19,10.21],
[5.85,4.45,1.59,7.91,3.38],
[4.35,5.75,2.7,9.66,3.68],
[5.83,2.51,2.56,10.21,7.3],
[4.85,4.32,3.06,8.78,3.74],
[5.13,4.4,2.44,9.51,5.82],
[5.43,3.58,2.55,9.05,5.38],
[10.62,4.13,2.98,0.94,1.36],
[1.13,16.76,1.55,3.54,8.61],
[6.68,6.27,9.07,2.91,0.46],
[3.64,2.11,4.75,16.05,9.91],
[4.33,8.91,0.22,1.63,4.25],
[5.77,10.41,2.1,2.78,5.89],
[5.57,10.41,7.9,3.63,4.81],
[6.31,3.39,6.01,7.61,9.97],
[4.26,5.37,5.82,8.32,8.66],
[6.19,8.2,5.83,4.4,6.42],
[8.65,7.5,8.4,6.65,8.4],
[5.1,4.99,5.97,6.07,7.52],
[8.39,6.48,7.3,7.05,7.5],
[7.23,7.23,6.65,5.44,7.04],
[7.41,6.6,5.98,5.8,6.87],
[9.24,1.55,9.97,13.78,5.58],
[10.24,3.24,2.69,2.26,5.01],
[1.47,7.57,0.53,4.18,5.02],
[2.06,2.31,5.96,10.89,9.47],
[8.32,9.86,3.6,2.62,4.69],
[9.59,4.29,5.83,7.47,5.78],
[4.7,8.18,2.39,3.06,4.04],
[3.8,4.21,3.77,7.18,9.25],
[6.45,6.11,5.05,5.52,10.53],
[6.59,5.76,4.09,6.93,5.37],
[5.64,7.55,5.14,5.07,7.54],
[4.92,5.71,3.52,5.78,8.31],
[6.14,5.78,5.58,7.07,6.86],
[5.74,7.29,4.4,4.62,7.04],
[6.24,5.96,4.9,6.09,6.88],
[6.67,0.14,10.89,11.88,6.37],
[5,3.32,9.26,8.48,2.09],
[2.98,1.09,0.81,5.7,4.46],
[0.72,2.8,2.65,15.24,7.32],
[6.19,2.66,4.33,7.88,14.72],
[5.61,2.62,8.48,8.23,3.53],
[3.7,8.22,4.27,6.78,3.88],
[5.99,1.92,1.66,9.75,5.97],
[6.32,2.19,3.25,10.03,10.02],
[5.45,5.2,5.53,7.77,4.76],
[5.09,6.22,3.39,8.4,4.52],
[5.86,1.97,2.26,9.87,7.65],
[5.29,4.65,4.62,8.51,4.83],
[5.17,5.11,3.42,8.72,6.32],
[5.5,4.16,4.32,8.59,6.37],
[12.09,3.34,6.83,9.26,3.81],
[7.69,11.3,2.04,4.74,5.74],
[4.51,5.43,6.1,3.54,3.37],
[2.52,2.16,4.05,10.89,7.36],
[6.85,6.66,2.51,1.9,3.87],
[9.29,7.48,4.51,6.36,4.87],
[6.02,8.8,5.84,4.41,4.26],
[4.69,3.27,4.6,6.28,9.09],
[6.15,4.7,4.37,6.02,9.63],
[7.31,6.69,5.58,6.28,4.94],
[7.08,6.68,6.17,5.8,7.54],
[5.41,4.58,4.46,5.18,7.93],
[7.62,5.59,5.97,6.97,6.52],
[6.63,6.37,5.14,4.91,6.97],
[7.14,5.62,5.17,5.87,6.5],
[7.96,1.32,8.4,9.21,4.28],
[6.83,2.33,7.05,5.78,6.65],
[2.03,5.05,0.8,4.94,3.35],
[1.38,2.73,8.42,12.5,6.83],
[7.08,6.74,3.51,5.81,10.4],
[7.24,3.73,6.98,6.67,5.55],
[3.82,7.22,3.71,5.3,4.71],
[4.57,3.38,4.05,9.08,7.04],
[4.9,4.88,5.17,7.91,8.92],
[5.48,5.14,4.73,6.59,5.5],
[5.24,6.62,4.98,7.39,6.32],
[4.89,4.53,3.54,8.03,7.46],
[5.58,5.12,5.34,7.54,5.96],
[5.26,6.21,4.37,7.05,6.8],
[5.53,5.11,4.78,7.13,6.54],
[9.5,3.17,6.31,6.95,3.22],
[5.81,9.56,5.29,5.65,5.95],
[5.17,4.11,4.58,3.91,2.52],
[1.99,2.26,6.83,14.29,6.29],
[5.86,5.09,2.92,5.01,7.83],
[7.28,6.96,5.55,5.67,4.58],
[5.14,8.21,5.53,5.23,4.57],
[5.48,2.83,5.07,8.47,7.48],
[4.85,3.95,4.62,8.92,8.33],
[6.18,6.33,5.37,5.85,5.01],
[6.57,6.35,5.77,7.46,6.51],
[5.34,3.88,4.33,7.56,7.25],
[6.86,5.37,5.58,7.33,5.8],
[6.07,5.84,4.88,6.87,6.61],
[6.41,5.19,4.92,6.78,6.15]]
[[0,0,0,0,0],
[0,0,0,0,0],
[0,0,0,0,0],
[0,0,0,0,0],
[0,0,0,0,0],
[0,0,0.01,0,0],
[0.02,0,0.02,0,0.08],
[0.01,0,0,0.01,0.02],
[0,0.04,0,0,0],
[0.01,0,0.01,0,0.04],
[0.02,0,0.01,0.01,0.04],
[0,0.03,0,0,0.02],
[0.02,0,0.01,0.01,0.03],
[0.02,0.02,0.02,0.01,0.03],
[0.02,0.02,0.01,0.01,0.02],
[0,0,0,0,0],
[0,0,0,0,0],
[0,0,0,0,0],
[0,0,0,0,0],
[0,0,0,0,0],
[0,0,0.02,0.02,0],
[0.02,0.04,0.04,0,0],
[0.01,0.04,0,0,0],
[0.01,0,0,0,0],
[0.01,0.02,0.02,0.01,0.01],
[0.01,0.03,0.03,0,0],
[0,0.02,0,0,0],
[0.01,0.02,0.02,0.01,0.01],
[0.01,0.02,0.02,0,0],
[0.01,0.02,0.02,0.01,0],
[0,0,0,0,0],
[0,0,0,0,0],
[0,0,0,0,0],
[0,0,0,0,0],
[0,0,0,0,0],
[0.02,0.02,0,0,0.02],
[0.04,0.02,0,0,0],
[0.04,0,0.04,0.02,0.02],
[0,0.02,0,0,0],
[0.02,0.01,0,0,0.01],
[0.03,0.01,0.02,0.01,0.01],
[0.02,0.02,0.03,0.01,0.01],
[0.02,0.01,0.02,0.02,0.02],
[0.02,0.02,0.02,0.01,0.01],
[0.02,0.02,0.02,0.01,0.02],
[0,0,0,0,0],
[0,0,0,0,0],
[0,0,0,0,0],
[0,0,0,0,0],
[0,0,0,0,0],
[0,0,0.04,0.01,0.04],
[0,0,0,0.02,0.04],
[0,0.02,0.02,0.02,0.02],
[0.04,0,0,0,0],
[0,0,0.04,0.02,0.03],
[0,0.01,0.01,0.01,0.02],
[0.02,0.01,0.01,0.01,0.02],
[0,0.01,0.03,0.02,0.02],
[0.02,0.01,0.01,0.01,0.02],
[0.02,0.01,0.02,0.01,0.02],
[0,0,0,0,0],
[0,0,0,0,0],
[0,0,0,0,0],
[0,0,0,0,0],
[0,0,0,0,0],
[0.02,0,0.02,0.04,0],
[0,0.02,0,0.01,0],
[0,0,0.02,0.01,0.04],
[0.04,0.02,0,0,0],
[0.02,0.02,0.01,0.02,0],
[0,0.01,0.01,0,0.02],
[0.04,0.01,0.01,0,0.04],
[0.02,0.02,0.01,0.02,0.02],
[0.03,0.01,0.01,0,0.03],
[0.03,0.02,0.01,0.02,0.03],
[0,0.02,0,0.01,0],
[0,0.04,0,0,0],
[0.01,0,0,0,0.08],
[0.01,0.08,0,0.01,0],
[0,0,0.02,0.01,0],
[0,0.02,0.01,0.01,0.01],
[0.02,0.03,0.02,0,0.04],
[0,0.04,0,0.01,0.03],
[0,0.03,0.01,0,0],
[0.01,0.02,0.01,0.01,0.02],
[0.01,0.03,0.02,0.01,0.02],
[0,0.03,0,0.01,0.02],
[0.01,0.03,0.01,0.01,0.02],
[0.01,0.03,0.02,0.01,0.02],
[0.01,0.02,0.01,0.01,0.01],
[0.02,0,0.01,0,0.02],
[0,0.04,0,0.02,0],
[0,0.02,0.04,0.02,0],
[0,0.02,0,0,0.02],
[0.01,0.04,0,0,0.02],
[0.01,0.02,0.01,0.02,0.01],
[0.02,0.02,0.02,0.01,0.01],
[0.02,0.02,0.02,0.01,0.02],
[0.01,0.03,0,0,0.01],
[0.02,0.02,0.01,0.02,0.01],
[0.02,0.02,0.02,0.01,0.01],
[0.01,0.02,0.01,0.01,0.02],
[0.01,0.01,0.02,0.01,0.01],
[0.01,0.02,0.02,0.01,0.01],
[0.01,0.02,0.02,0.01,0.01],
[0.02,0,0,0,0],
[0,0.02,0.02,0.01,0.02],
[0.04,0,0.08,0.04,0],
[0,0.02,0,0,0],
[0.01,0.04,0,0,0],
[0.02,0.01,0.02,0.01,0.03],
[0.03,0.01,0.03,0.02,0.02],
[0.03,0.01,0.03,0.02,0.01],
[0.02,0.03,0,0,0],
[0.02,0.01,0.03,0.02,0.02],
[0.02,0.01,0.02,0.01,0.01],
[0.02,0.02,0.02,0.01,0.02],
[0.02,0.01,0.02,0.02,0.02],
[0.02,0.02,0.02,0.01,0.01],
[0.02,0.01,0.02,0.01,0.02],
[0.02,0,0.04,0.04,0.02],
[0,0,0.02,0.01,0],
[0,0.02,0.04,0.02,0.04],
[0,0.08,0,0.01,0.02],
[0,0,0,0.02,0.08],
[0.02,0,0.02,0.02,0.02],
[0,0.02,0.02,0.02,0.02],
[0,0.04,0.02,0.02,0.02],
[0.03,0.03,0,0.01,0.03],
[0.01,0.01,0.02,0.02,0.02],
[0,0.03,0.01,0.01,0.02],
[0.03,0.03,0.01,0.01,0.03],
[0.01,0.02,0.02,0.02,0.02],
[0.02,0.02,0.01,0.01,0.03],
[0.02,0.02,0.02,0.01,0.02],
[0.01,0.01,0,0.01,0.01],
[0,0.03,0,0.01,0.01],
[0.01,0.02,0.03,0.01,0.04],
[0.01,0.04,0,0.01,0.01],
[0,0.03,0.01,0,0.01],
[0.01,0.02,0.01,0.01,0.01],
[0.02,0.02,0.02,0.01,0.02],
[0.01,0.03,0.02,0.01,0.02],
[0.01,0.03,0,0.01,0.01],
[0.02,0.02,0.01,0.01,0.02],
[0.02,0.02,0.02,0.01,0.02],
[0.01,0.02,0.01,0.01,0.02],
[0.01,0.02,0.01,0.01,0.02],
[0.01,0.02,0.02,0.01,0.02],
[0.01,0.02,0.01,0.01,0.01],
[0.01,0,0.01,0,0.01],
[0,0.02,0.02,0.01,0.02],
[0.02,0.01,0.04,0.02,0],
[0.01,0.01,0,0,0.01],
[0,0.03,0,0,0.02],
[0.01,0.01,0.01,0.01,0.02],
[0.02,0.01,0.03,0.01,0.02],
[0.02,0.01,0.02,0.01,0.02],
[0.01,0.02,0,0,0.02],
[0.02,0.01,0.02,0.02,0.02],
[0.02,0.02,0.02,0.01,0.02],
[0.02,0.02,0.01,0.01,0.02],
[0.02,0.01,0.02,0.01,0.02],
[0.02,0.02,0.02,0.01,0.02],
[0.01,0.01,0.02,0.01,0.02],
[0.01,0,0.02,0.04,0.02],
[0,0.01,0.01,0,0.01],
[0.04,0.02,0.04,0.02,0.03],
[0,0.04,0,0.01,0.01],
[0.01,0.02,0,0.01,0.04],
[0.02,0.01,0.02,0.02,0.02],
[0.02,0.01,0.02,0.01,0.02],
[0.02,0.03,0.02,0.01,0.02],
[0.02,0.03,0,0.01,0.02],
[0.02,0.01,0.02,0.02,0.02],
[0.02,0.02,0.02,0.01,0.02],
[0.02,0.02,0.02,0.01,0.02],
[0.02,0.02,0.02,0.02,0.02],
[0.02,0.02,0.01,0.01,0.02],
[0.02,0.02,0.02,0.01,0.02],
[0.01,0.01,0.01,0.01,0.01],
[0,0.02,0.02,0.01,0.03],
[0.02,0.02,0.03,0.02,0.03],
[0.02,0.04,0,0.01,0.01],
[0,0.02,0.01,0.01,0.02],
[0.01,0.01,0.01,0.01,0.02],
[0.02,0.02,0.02,0.01,0.03],
[0.02,0.03,0.01,0.01,0.02],
[0.01,0.03,0,0.01,0.01],
[0.02,0.01,0.02,0.01,0.02],
[0.02,0.02,0.02,0.01,0.02],
[0.01,0.02,0.01,0.01,0.02],
[0.01,0.02,0.02,0.01,0.02],
[0.02,0.02,0.02,0.01,0.02],
[0.01,0.02,0.02,0.01,0.02],
[0.01,0,0.02,0.03,0.02],
[0,0.02,0.02,0.01,0.02],
[0.03,0.02,0.03,0.02,0.03],
[0.01,0.04,0,0.01,0.01],
[0.01,0.02,0,0.01,0.03],
[0.01,0.01,0.01,0.02,0.02],
[0.02,0.02,0.02,0.01,0.02],
[0.02,0.03,0.02,0.01,0.02],
[0.02,0.02,0,0.01,0.02],
[0.02,0.01,0.02,0.02,0.02],
[0.01,0.02,0.02,0.01,0.02],
[0.02,0.02,0.01,0.01,0.02],
[0.01,0.02,0.02,0.01,0.02],
[0.02,0.02,0.01,0.01,0.02],
[0.02,0.02,0.02,0.01,0.02],
[0.01,0.01,0.01,0.02,0.01],
[0,0.02,0.01,0.01,0.03],
[0.03,0.02,0.03,0.01,0.03],
[0.01,0.04,0,0.01,0.01],
[0.01,0.02,0,0.01,0.03],
[0.01,0.01,0.01,0.02,0.02],
[0.02,0.02,0.02,0.01,0.03],
[0.02,0.03,0.01,0.01,0.02],
[0.02,0.03,0,0.01,0.02],
[0.02,0.01,0.02,0.01,0.02],
[0.02,0.02,0.02,0.01,0.02],
[0.02,0.02,0.01,0.01,0.02],
[0.01,0.02,0.02,0.01,0.02],
[0.02,0.02,0.01,0.01,0.02],
[0.02,0.02,0.01,0.01,0.02]]
[[0.2,0.28,0.24,0.2,0.24],
[0.2,0.28,0.24,0.2,0.24],
[0.2,0.28,0.24,0.2,0.24],
[0.2,0.28,0.24,0.2,0.24],
[0.2,0.28,0.24,0.2,0.24],
[0.4,0.56,0.48,0.4,0.48],
[0.4,0.56,0.48,0.4,0.48],
[0.4,0.56,0.48,0.4,0.48],
[0.4,0.56,0.48,0.4,0.48],
[0.6,0.84,0.72,0.6,0.72],
[0.6,0.84,0.72,0.6,0.72],
[0.6,0.84,0.72,0.6,0.72],
[0.8,1.12,0.96,0.8,0.96],
[0.8,1.12,0.96,0.8,0.96],
[1,1.4,1.2,1,1.2],
[0.2,0.28,0.24,0.2,0.24],
[0.2,0.28,0.24,0.2,0.24],
[0.2,0.28,0.24,0.2,0.24],
[0.2,0.28,0.24,0.2,0.24],
[0.2,0.28,0.24,0.2,0.24],
[0.4,0.56,0.48,0.4,0.48],
[0.4,0.56,0.48,0.4,0.48],
[0.4,0.56,0.48,0.4,0.48],
[0.4,0.56,0.48,0.4,0.48],
[0.6,0.84,0.72,0.6,0.72],
[0.6,0.84,0.72,0.6,0.72],
[0.6,0.84,0.72,0.6,0.72],
[0.8,1.12,0.96,0.8,0.96],
[0.8,1.12,0.96,0.8,0.96],
[1,1.4,1.2,1,1.2],
[0.2,0.28,0.24,0.2,0.24],
[0.2,0.28,0.24,0.2,0.24],
[0.2,0.28,0.24,0.2,0.24],
[0.2,0.28,0.24,0.2,0.24],
[0.2,0.28,0.24,0.2,0.24],
[0.4,0.56,0.48,0.4,0.48],
[0.4,0.56,0.48,0.4,0.48],
[0.4,0.56,0.48,0.4,0.48],
[0.4,0.56,0.48,0.4,0.48],
[0.6,0.84,0.72,0.6,0.72],
[0.6,0.84,0.72,0.6,0.72],
[0.6,0.84,0.72,0.6,0.72],
[0.8,1.12,0.96,0.8,0.96],
[0.8,1.12,0.96,0.8,0.96],
[1,1.4,1.2,1,1.2],
[0.2,0.28,0.24,0.2,0.24],
[0.2,0.28,0.24,0.2,0.24],
[0.2,0.28,0.24,0.2,0.24],
[0.2,0.28,0.24,0.2,0.24],
[0.2,0.28,0.24,0.2,0.24],
[0.4,0.56,0.48,0.4,0.48],
[0.4,0.56,0.48,0.4,0.48],
[0.4,0.56,0.48,0.4,0.48],
[0.4,0.56,0.48,0.4,0.48],
[0.6,0.84,0.72,0.6,0.72],
[0.6,0.84,0.72,0.6,0.72],
[0.6,0.84,0.72,0.6,0.72],
[0.8,1.12,0.96,0.8,0.96],
[0.8,1.12,0.96,0.8,0.96],
[1,1.4,1.2,1,1.2],
[0.2,0.28,0.24,0.2,0.24],
[0.2,0.28,0.24,0.2,0.24],
[0.2,0.28,0.24,0.2,0.24],
[0.2,0.28,0.24,0.2,0.24],
[0.2,0.28,0.24,0.2,0.24],
[0.4,0.56,0.48,0.4,0.48],
[0.4,0.56,0.48,0.4,0.48],
[0.4,0.56,0.48,0.4,0.48],
[0.4,0.56,0.48,0.4,0.48],
[0.6,0.84,0.72,0.6,0.72],
[0.6,0.84,0.72,0.6,0.72],
[0.6,0.84,0.72,0.6,0.72],
[0.8,1.12,0.96,0.8,0.96],
[0.8,1.12,0.96,0.8,0.96],
[1,1.4,1.2,1,1.2],
[0.4,0.56,0.48,0.4,0.48],
[0.4,0.56,0.48,0.4,0.48],
[0.4,0.56,0.48,0.4,0.48],
[0.4,0.56,0.48,0.4,0.48],
[0.4,0.56,0.48,0.4,0.48],
[0.8,1.12,0.96,0.8,0.96],
[0.8,1.12,0.96,0.8,0.96],
[0.8,1.12,0.96,0.8,0.96],
[0.8,1.12,0.96,0.8,0.96],
[1.2,1.68,1.44,1.2,1.44],
[1.2,1.68,1.44,1.2,1.44],
[1.2,1.68,1.44,1.2,1.44],
[1.6,2.24,1.92,1.6,1.92],
[1.6,2.24,1.92,1.6,1.92],
[2,2.8,2.4,2,2.4],
[0.4,0.56,0.48,0.4,0.48],
[0.4,0.56,0.48,0.4,0.48],
[0.4,0.56,0.48,0.4,0.48],
[0.4,0.56,0.48,0.4,0.48],
[0.4,0.56,0.48,0.4,0.48],
[0.8,1.12,0.96,0.8,0.96],
[0.8,1.12,0.96,0.8,0.96],
[0.8,1.12,0.96,0.8,0.96],
[0.8,1.12,0.96,0.8,0.96],
[1.2,1.68,1.44,1.2,1.44],
[1.2,1.68,1.44,1.2,1.44],
[1.2,1.68,1.44,1.2,1.44],
[1.6,2.24,1.92,1.6,1.92],
[1.6,2.24,1.92,1.6,1.92],
[2,2.8,2.4,2,2.4],
[0.4,0.56,0.48,0.4,0.48],
[0.4,0.56,0.48,0.4,0.48],
[0.4,0.56,0.48,0.4,0.48],
[0.4,0.56,0.48,0.4,0.48],
[0.4,0.56,0.48,0.4,0.48],
[0.8,1.12,0.96,0.8,0.96],
[0.8,1.12,0.96,0.8,0.96],
[0.8,1.12,0.96,0.8,0.96],
[0.8,1.12,0.96,0.8,0.96],
[1.2,1.68,1.44,1.2,1.44],
[1.2,1.68,1.44,1.2,1.44],
[1.2,1.68,1.44,1.2,1.44],
[1.6,2.24,1.92,1.6,1.92],
[1.6,2.24,1.92,1.6,1.92],
[2,2.8,2.4,2,2.4],
[0.4,0.56,0.48,0.4,0.48],
[0.4,0.56,0.48,0.4,0.48],
[0.4,0.56,0.48,0.4,0.48],
[0.4,0.56,0.48,0.4,0.48],
[0.4,0.56,0.48,0.4,0.48],
[0.8,1.12,0.96,0.8,0.96],
[0.8,1.12,0.96,0.8,0.96],
[0.8,1.12,0.96,0.8,0.96],
[0.8,1.12,0.96,0.8,0.96],
[1.2,1.68,1.44,1.2,1.44],
[1.2,1.68,1.44,1.2,1.44],
[1.2,1.68,1.44,1.2,1.44],
[1.6,2.24,1.92,1.6,1.92],
[1.6,2.24,1.92,1.6,1.92],
[2,2.8,2.4,2,2.4],
[0.6,0.84,0.72,0.6,0.72],
[0.6,0.84,0.72,0.6,0.72],
[0.6,0.84,0.72,0.6,0.72],
[0.6,0.84,0.72,0.6,0.72],
[0.6,0.84,0.72,0.6,0.72],
[1.2,1.68,1.44,1.2,1.44],
[1.2,1.68,1.44,1.2,1.44],
[1.2,1.68,1.44,1.2,1.44],
[1.2,1.68,1.44,1.2,1.44],
[1.8,2.52,2.16,1.8,2.16],
[1.8,2.52,2.16,1.8,2.16],
[1.8,2.52,2.16,1.8,2.16],
[2.4,3.36,2.88,2.4,2.88],
[2.4,3.36,2.88,2.4,2.88],
[3,4.2,3.6,3,3.6],
[0.6,0.84,0.72,0.6,0.72],
[0.6,0.84,0.72,0.6,0.72],
[0.6,0.84,0.72,0.6,0.72],
[0.6,0.84,0.72,0.6,0.72],
[0.6,0.84,0.72,0.6,0.72],
[1.2,1.68,1.44,1.2,1.44],
[1.2,1.68,1.44,1.2,1.44],
[1.2,1.68,1.44,1.2,1.44],
[1.2,1.68,1.44,1.2,1.44],
[1.8,2.52,2.16,1.8,2.16],
[1.8,2.52,2.16,1.8,2.16],
[1.8,2.52,2.16,1.8,2.16],
[2.4,3.36,2.88,2.4,2.88],
[2.4,3.36,2.88,2.4,2.88],
[3,4.2,3.6,3,3.6],
[0.6,0.84,0.72,0.6,0.72],
[0.6,0.84,0.72,0.6,0.72],
[0.6,0.84,0.72,0.6,0.72],
[0.6,0.84,0.72,0.6,0.72],
[0.6,0.84,0.72,0.6,0.72],
[1.2,1.68,1.44,1.2,1.44],
[1.2,1.68,1.44,1.2,1.44],
[1.2,1.68,1.44,1.2,1.44],
[1.2,1.68,1.44,1.2,1.44],
[1.8,2.52,2.16,1.8,2.16],
[1.8,2.52,2.16,1.8,2.16],
[1.8,2.52,2.16,1.8,2.16],
[2.4,3.36,2.88,2.4,2.88],
[2.4,3.36,2.88,2.4,2.88],
[3,4.2,3.6,3,3.6],
[0.8,1.12,0.96,0.8,0.96],
[0.8,1.12,0.96,0.8,0.96],
[0.8,1.12,0.96,0.8,0.96],
[0.8,1.12,0.96,0.8,0.96],
[0.8,1.12,0.96,0.8,0.96],
[1.6,2.24,1.92,1.6,1.92],
[1.6,2.24,1.92,1.6,1.92],
[1.6,2.24,1.92,1.6,1.92],
[1.6,2.24,1.92,1.6,1.92],
[2.4,3.36,2.88,2.4,2.88],
[2.4,3.36,2.88,2.4,2.88],
[2.4,3.36,2.88,2.4,2.88],
[3.2,4.48,3.84,3.2,3.84],
[3.2,4.48,3.84,3.2,3.84],
[4,5.6,4.8,4,4.8],
[0.8,1.12,0.96,0.8,0.96],
[0.8,1.12,0.96,0.8,0.96],
[0.8,1.12,0.96,0.8,0.96],
[0.8,1.12,0.96,0.8,0.96],
[0.8,1.12,0.96,0.8,0.96],
[1.6,2.24,1.92,1.6,1.92],
[1.6,2.24,1.92,1.6,1.92],
[1.6,2.24,1.92,1.6,1.92],
[1.6,2.24,1.92,1.6,1.92],
[2.4,3.36,2.88,2.4,2.88],
[2.4,3.36,2.88,2.4,2.88],
[2.4,3.36,2.88,2.4,2.88],
[3.2,4.48,3.84,3.2,3.84],
[3.2,4.48,3.84,3.2,3.84],
[4,5.6,4.8,4,4.8],
[1,1.4,1.2,1,1.2],
[1,1.4,1.2,1,1.2],
[1,1.4,1.2,1,1.2],
[1,1.4,1.2,1,1.2],
[1,1.4,1.2,1,1.2],
[2,2.8,2.4,2,2.4],
[2,2.8,2.4,2,2.4],
[2,2.8,2.4,2,2.4],
[2,2.8,2.4,2,2.4],
[3,4.2,3.6,3,3.6],
[3,4.2,3.6,3,3.6],
[3,4.2,3.6,3,3.6],
[4,5.6,4.8,4,4.8],
[4,5.6,4.8,4,4.8],
[5,7,6,5,6]]
[1,1,1,1,1,2,2,2,2,3,3,3,4,4,5,1,1,1,1,1,2,2,2,2,3,3,3,4,4,5,1,1,1,1,1,2,2,2,2,3,3,3,4,4,5,1,1,1,1,1,2,2,2,2,3,3,3,4,4,5,1,1,1,1,1,2,2,2,2,3,3,3,4,4,5,2,2,2,2,2,4,4,4,4,6,6,6,8,8,10,2,2,2,2,2,4,4,4,4,6,6,6,8,8,10,2,2,2,2,2,4,4,4,4,6,6,6,8,8,10,2,2,2,2,2,4,4,4,4,6,6,6,8,8,10,3,3,3,3,3,6,6,6,6,9,9,9,12,12,15,3,3,3,3,3,6,6,6,6,9,9,9,12,12,15,3,3,3,3,3,6,6,6,6,9,9,9,12,12,15,4,4,4,4,4,8,8,8,8,12,12,12,16,16,20,4,4,4,4,4,8,8,8,8,12,12,12,16,16,20,5,5,5,5,5,10,10,10,10,15,15,15,20,20,25] 
[6.41,5.19,4.92,6.78,6.15] 
[0.02,0.02,0.01,0.01,0.02] 
[5,7,6,5,6] 
[1.94,2.13,2.04,2.06,1.98]