Instance: 1
width: 5
long: 5
Parcels: 5
Crops: 19
Water: 180000

Chemical Properties by Parcel
17.87   16.61   14.84   13.53   16.27   11.08   10.14   11.81   16.5   18.26   12.74   15.83   16.8   9.92   16.83   14   11.48   15.08   17.87   18.2   15.55   9.73   15.62   18.38   9.69    
12.27   14.9   16.95   9.97   10.1   14.74   12.46   13.35   14.24   16.27   13.7   12.53   10.27   13.32   14.81   16.55   14.88   15.53   16.95   13.39   16.85   16.16   15.91   16.25   11.35    
11.86   18.25   17.06   11.6   11.28   11.76   18.02   11.94   11.93   16.1   15.65   16.63   16.51   12.41   17.1   16.14   17.75   11.63   12.84   14.64   12.84   11.46   14.87   15.33   10.87    
17.23   15.43   13.47   11.3   14.11   18.46   16.6   13.06   14.01   14.58   15.73   9.95   15.49   17.79   12.7   10.67   13.47   16.62   12.86   13.35   16.4   13.57   16.15   14.21   11.18    
18.51   12.18   15.22   12.39   17.36   12.5   16.84   11.19   12.33   10.26   14.09   13.72   15.04   9.88   12.5   10.83   12.58   16.52   15.31   18.37   17.13   14.64   15.12   11.33   17.81    

Physical Properties by Parcel
5.3   5.4   5.4   5.5   5.5   5.5   5.5   5.3   5.4   5.4   5.4   5.3   5.4   5.3   5.6   5.4   5.4   5.4   5.2   5.4   5.3   5.5   5.3   5.3   5.4    
5.2   5.4   5.5   5.4   5.4   5.3   5.5   5.3   5.2   5.6   5.2   5.4   5.5   5.5   5.5   5.3   5.4   5.5   5.5   5.4   5.4   5.3   5.3   5.5   5.4    
5.4   5.5   5.2   5.5   5.3   5.2   5.3   5.6   5.3   5.5   5.3   5.3   5.3   5.3   5.3   5.4   5.4   5.3   5.5   5.4   5.4   5.2   5.2   5.3   5.3    
5.4   5.4   5.3   5.5   5.6   5.4   5.4   5.2   5.3   5.3   5.5   5.6   5.3   5.3   5.6   5.3   5.4   5.4   5.4   5.5   5.5   5.2   5.4   5.5   5.3    
5.5   5.4   5.5   5.4   5.5   5.3   5.5   5.6   5.3   5.6   5.6   5.5   5.4   5.5   5.4   5.3   5.5   5.4   5.5   5.3   5.2   5.4   5.2   5.3   5.4    

Ha by Parcels
6   7   7   5   5   

Cost of m3 in each parcel
1.93   1.83   1.83   2.05   1.83   