Instance: 5
width: 5
long: 5
Parcels: 5
Crops: 19
Water: 162000

Chemical Properties by Parcel
13.39   12.18   18.03   16.02   18.11   13.99   12.52   16.88   10.2   10.49   15.99   11.6   12.93   16.61   11.57   12.67   12.13   14.01   18.38   15.65   17.17   13.87   12.59   17.49   15    
9.84   17.58   13.65   14.75   11.07   11.32   15.07   10.22   18.62   18.14   17.69   17.36   18.24   13.09   17.25   13.09   13.72   17.26   17.07   15.31   13.34   10.85   15.69   10.8   9.62    
12.77   15.78   14.59   12.22   11.55   13.6   13.57   12.96   18.55   12.69   12.88   18.46   12.32   12   11.73   15.66   14.36   18.09   13.71   14.9   12.48   11.22   10.39   17   13.85    
10.04   18.38   14.98   12.11   13.87   12.64   17.25   16.04   17.65   11.49   10.61   13.87   10.73   11.04   14.15   17.21   15.79   16.64   10.07   11.69   15.02   18.59   16.7   11.21   15.1    
14.23   14.39   13.15   14.05   17.02   17.82   15.25   18.36   10.95   17.72   18.18   13.08   18.48   13.26   15.85   14.82   13.07   14.08   16.37   15.72   14.36   9.63   15.51   17.69   12.62    

Physical Properties by Parcel
5.4   5.6   5.4   5.4   5.3   5.4   5.3   5.4   5.5   5.2   5.4   5.4   5.4   5.3   5.5   5.3   5.5   5.5   5.3   5.3   5.2   5.5   5.3   5.4   5.3    
5.4   5.6   5.3   5.3   5.2   5.3   5.6   5.2   5.6   5.3   5.3   5.4   5.3   5.5   5.4   5.3   5.2   5.5   5.3   5.3   5.2   5.3   5.3   5.4   5.5    
5.5   5.4   5.3   5.5   5.6   5.4   5.3   5.5   5.3   5.3   5.5   5.3   5.5   5.4   5.2   5.5   5.5   5.3   5.3   5.5   5.5   5.6   5.5   5.3   5.6    
5.5   5.3   5.2   5.2   5.3   5.3   5.2   5.4   5.4   5.3   5.4   5.2   5.4   5.2   5.4   5.4   5.6   5.4   5.3   5.6   5.3   5.4   5.6   5.4   5.5    
5.2   5.3   5.5   5.2   5.3   5.2   5.3   5.4   5.5   5.4   5.6   5.5   5.5   5.5   5.6   5.3   5.3   5.4   5.6   5.6   5.5   5.3   5.2   5.4   5.2    

Ha by Parcels
5   5   5   6   6   

Cost of m3 in each parcel
2.17   2.02   2.04   1.94   2.17   