Instance: 8
width: 5
long: 5
Parcels: 5
Crops: 19
Water: 180000

Chemical Properties by Parcel
14.08   17.55   13.7   18.65   11.68   17.52   10.56   12.8   13.64   15.21   18.11   17.85   17.76   11.03   17.52   15.8   10.37   12.39   14.42   15.34   16.01   12.24   12.32   13.34   12.79    
13.19   13.88   12.46   16.51   18.1   14.77   10.75   11.95   17.6   15.56   12.78   13.13   12.72   18.29   15.28   12.23   16.12   17.4   10.48   14.93   18.12   10.68   16.94   11.59   18.65    
14.32   16.08   14.68   15.77   14.48   16.43   13.42   13.36   15.24   17.58   11.09   10.23   11.82   13.97   11.27   16.64   10.38   12.66   16.08   10.91   12.86   15.3   16.62   13.47   13.07    
17.68   13.37   10.42   18.59   13.78   16.28   12.15   11.57   15.24   18.35   16.17   16.66   14.54   15.42   15.01   15.83   14.01   10.18   17.13   16.15   13.46   12.85   17.44   10.71   18.29    
14.57   13.48   13.36   9.63   11.99   12.62   16.63   18.22   15.23   18.27   10.51   15.48   16.24   11.83   14.94   12.68   13.64   18.56   18.46   15.22   14.49   10.99   13   18.28   11.16    

Physical Properties by Parcel
5.4   5.3   5.4   5.4   5.5   5.3   5.5   5.2   5.4   5.5   5.6   5.3   5.6   5.6   5.4   5.2   5.2   5.5   5.3   5.4   5.3   5.2   5.5   5.3   5.2    
5.5   5.4   5.3   5.5   5.5   5.6   5.4   5.4   5.3   5.5   5.4   5.4   5.4   5.3   5.3   5.4   5.5   5.3   5.4   5.4   5.4   5.2   5.4   5.3   5.6    
5.6   5.6   5.5   5.2   5.5   5.3   5.6   5.3   5.5   5.5   5.3   5.2   5.5   5.4   5.4   5.3   5.6   5.3   5.6   5.6   5.6   5.2   5.3   5.4   5.6    
5.5   5.5   5.4   5.4   5.3   5.4   5.5   5.5   5.4   5.2   5.3   5.3   5.4   5.6   5.4   5.5   5.3   5.4   5.5   5.3   5.2   5.6   5.3   5.6   5.4    
5.5   5.4   5.5   5.3   5.5   5.2   5.3   5.3   5.3   5.6   5.5   5.6   5.3   5.3   5.5   5.4   5.3   5.3   5.6   5.3   5.4   5.4   5.4   5.4   5.6    

Ha by Parcels
7   6   5   5   7   

Cost of m3 in each parcel
1.89   2.06   1.93   1.95   2.07   