Instance: 7
width: 5
long: 5
Parcels: 5
Crops: 19
Water: 186000

Chemical Properties by Parcel
15.85   13.14   12.88   15.53   17.35   18.42   15.51   18.22   16.24   12.23   10.37   16.07   13.92   11.4   11.2   11.71   16.7   18.05   12.24   11.58   10.36   14   14.01   12.45   9.75    
17.43   10.64   9.76   14.13   17.96   16.51   17.52   17.12   14.41   13.18   17.08   15.58   11.68   18.4   12.66   15.62   17.04   15.42   11.81   13.4   13.02   16.32   17.55   18.59   14.38    
16.43   18.23   17.03   16.51   13.89   10.98   12.8   18.43   15.44   14   10.34   17.33   10.01   13.23   11.47   10.64   15.01   18.48   10.11   10.32   13.29   15.75   16.89   14.6   10.75    
18.32   14.3   14.99   16.96   16.55   12.07   10.19   13.44   10.33   10.57   13.78   16.78   14.83   10.32   13.36   14.7   15.15   11.16   16.83   15.91   15.32   10.64   11.6   17.82   16.86    
12.92   17.77   18.32   11.81   15.73   13.83   9.88   18.23   9.94   11.26   16.02   15.92   16.31   14.3   15.44   12.47   17.17   15.18   13.87   16.32   10.53   13.54   12.9   11.84   12    

Physical Properties by Parcel
5.3   5.6   5.6   5.4   5.5   5.2   5.5   5.5   5.2   5.4   5.2   5.4   5.5   5.5   5.3   5.2   5.4   5.5   5.5   5.5   5.3   5.3   5.3   5.6   5.5    
5.4   5.4   5.4   5.4   5.5   5.3   5.3   5.4   5.4   5.3   5.4   5.3   5.3   5.2   5.3   5.5   5.4   5.5   5.5   5.5   5.5   5.5   5.3   5.4   5.6    
5.4   5.3   5.5   5.2   5.5   5.3   5.2   5.5   5.5   5.6   5.4   5.4   5.4   5.3   5.3   5.5   5.3   5.2   5.4   5.3   5.3   5.4   5.2   5.5   5.4    
5.3   5.3   5.2   5.2   5.2   5.6   5.2   5.6   5.2   5.3   5.3   5.4   5.5   5.3   5.6   5.4   5.3   5.2   5.6   5.3   5.4   5.4   5.3   5.5   5.6    
5.2   5.2   5.5   5.5   5.3   5.5   5.3   5.6   5.3   5.2   5.6   5.5   5.4   5.5   5.6   5.3   5.2   5.6   5.5   5.3   5.5   5.5   5.4   5.2   5.6    

Ha by Parcels
7   5   7   6   6   

Cost of m3 in each parcel
2.07   2.03   1.98   1.96   2.13   