225
25
5
180000
[[0,0,0,0,0],
[0,0,0,0,0],
[0,0,0,0,0],
[0,0,0,0,0],
[0,0,0,0,0],
[6.02,0.24,1.55,9.29,0.59],
[7.41,1.01,0.98,4.35,0.01],
[12.25,8.2,0.59,33.37,6.96],
[24.29,1.26,0.83,11.57,2.78],
[4.5,0.5,0.86,13.33,0.44],
[6.76,4.22,0.54,17.12,4.79],
[12.86,8.46,0.48,16.86,3.56],
[6.13,3.11,0.71,14.57,4.65],
[10.64,6.46,0.63,11.44,3.2],
[8.32,5.68,0.64,11.23,3.61],
[0,0,0,0,0],
[0,0,0,0,0],
[0,0,0,0,0],
[0,0,0,0,0],
[0,0,0,0,0],
[24.22,8.08,4.53,8.53,8.04],
[2.51,0.72,0,0.17,1.26],
[0.35,15.96,1.77,6.73,4.47],
[1.23,2.08,2.74,4.84,4.62],
[12.62,4.26,3.08,6.6,8.33],
[2.53,13.38,1.14,3.89,2.24],
[1.5,8.19,4.47,11.52,3.03],
[8.42,9.37,2.23,5.31,5.64],
[3.76,10.05,3.95,9.79,2.11],
[6.81,7.67,3.43,8.1,5.58],
[0,0,0,0,0],
[0,0,0,0,0],
[0,0,0,0,0],
[0,0,0,0,0],
[0,0,0,0,0],
[0.03,0.06,0.37,0.12,12.35],
[0,0.08,1.26,2.25,0.29],
[22.65,15.51,2.31,0.39,9.72],
[21.06,4.53,3.65,0.08,4.84],
[0.03,0.05,0.63,1.23,9.69],
[15.3,9.64,3.52,1.13,5.56],
[14.58,7.77,2.04,0.19,5.14],
[11.84,7.36,2.56,0.86,7.72],
[11.18,6.5,2.48,0.83,3.75],
[9.24,5.74,1.97,0.74,6.2],
[0,0,0,0,0],
[0,0,0,0,0],
[0,0,0,0,0],
[0,0,0,0,0],
[0,0,0,0,0],
[14.74,7.57,19.59,1.66,0.46],
[2.04,0.82,2.6,7.33,12.1],
[2.06,23.94,5.85,24.15,0],
[0.42,9.9,13.36,0.48,5.25],
[7.53,7.25,10.04,8.32,9.95],
[4.1,13.56,8.23,12.12,7.91],
[2.28,12.3,6.91,14.15,3.61],
[5.64,10.52,8.73,9.14,9.7],
[4.9,9.05,6.62,9.49,5.97],
[5.1,8.04,8.38,7.55,7.35],
[0,0,0,0,0],
[0,0,0,0,0],
[0,0,0,0,0],
[0,0,0,0,0],
[0,0,0,0,0],
[7.11,27.68,2.98,0.19,6.13],
[0,19.59,0.87,10.53,2.02],
[0.52,14.31,4.96,22.65,13.94],
[0.15,24.92,0.08,28.73,25.35],
[4.64,15.99,3.64,6.21,3.09],
[0.38,11.44,2.5,11.82,14.18],
[0.26,13.57,3.78,17.25,13.66],
[3.1,14,2.96,7.89,9.49],
[0.26,15.41,2.73,13.23,11.6],
[2.42,14.23,2.66,10.29,8.95],
[5.92,1.25,2.23,0.98,1.9],
[24.43,4.9,3.54,0.74,4.96],
[0.4,0.13,0.87,0.66,11.81],
[12.55,0.59,0.14,5.61,15.68],
[6.23,3.23,4.8,10.44,19.72],
[11.13,2.97,2.05,6.51,3],
[8.49,1.68,1.65,1.51,5.77],
[7.11,8.08,1.07,13.77,12.93],
[8.69,1.29,1.74,5.59,14.23],
[7.51,2.05,1.69,8.04,4.73],
[9.26,7.26,1.35,8.79,8.99],
[5.93,6.79,2.03,11.54,11.98],
[7.83,5.37,1.36,8.93,6.84],
[7.74,7.54,2,9.12,9.34],
[7.12,6.07,1.82,8.59,7.66],
[0.17,1.98,14.26,0.01,2.23],
[26.57,2.83,5.09,10.17,0.66],
[12.3,0.3,1.19,4.41,1.96],
[3.41,0.24,0.81,0.02,5.78],
[2.67,0.04,19.91,5.58,5.54],
[13.26,2.73,7.7,4.5,7.68],
[13.34,1.09,2.29,5.47,1.33],
[8.13,10.67,2.02,3.2,7.14],
[7.44,2.22,6.92,2.47,6.93],
[10.56,1.77,4.87,4.94,8.12],
[10.23,9.7,3.07,3.97,4.54],
[7.15,6.43,5.37,4.69,5.8],
[10.55,7.23,4.35,3.66,7.06],
[8.95,7.32,5.47,4.88,4.25],
[8.88,5.99,5.86,4.13,6.82],
[2.67,0.15,15.4,0.06,2.35],
[27.98,4.47,0.01,3.51,1.69],
[14.42,10.95,0.35,9.5,2.69],
[5.75,30.5,2.23,1.46,21.98],
[2.38,0.06,0.06,0.65,0.04],
[12.91,3.04,9.36,1.34,4.28],
[14.44,5.2,1.37,7.29,4.15],
[8.56,13.97,3.45,8.76,9.92],
[7.28,10.36,5.93,0.86,7.34],
[10.69,4.61,5.69,5.62,8.09],
[10.74,9.28,5.02,6.24,7.07],
[7.32,8.43,3.8,5.81,6.34],
[9.96,7.67,6.17,4.85,9],
[9.31,6.67,4.04,4.73,5.14],
[8.54,6.14,5.36,3.91,7.03],
[0.02,17.35,7.14,2.81,1.64],
[1.75,14.8,12.1,0.67,3.51],
[0,0.11,7.84,26.35,15.46],
[0.58,0.62,3.41,20.61,0.02],
[3.25,6.92,2.33,2.29,8.24],
[7.64,11.76,7.63,1.65,2.25],
[0.95,9.71,7.73,9.06,10.32],
[0.97,12.79,3.76,15.66,7.39],
[1.29,13.55,4.5,11.26,11.7],
[5,9.3,6.34,6.28,6.58],
[1.81,10.76,5.6,9.58,11.18],
[1.47,10.98,4.69,12.85,10.11],
[3.76,10.53,5.12,7.43,9],
[2.27,10.51,5.28,9.79,10.3],
[3.37,10.16,5.15,7.93,8.5],
[4.74,1.1,7.23,0.71,4.12],
[17.02,2.67,8.58,5.44,2.54],
[6.98,0.15,2.05,4.52,5.97],
[15,0.81,0.86,3.55,7.96],
[8.65,2.41,9.96,5.59,9.87],
[9.17,1.81,6.47,4.57,4.74],
[9.7,1.14,4.25,5.05,3.57],
[8.82,8.16,2.04,8.62,9.7],
[9.5,1.69,4.42,3.81,9.55],
[7.83,1.29,4.58,6.56,5.52],
[9.9,7.13,3.62,6.76,7.01],
[7.69,6.19,3.78,7.29,8.77],
[8.67,5.45,3.95,6.32,6.58],
[8.77,6.59,4.52,6.39,6.97],
[8.09,5.54,4.58,5.89,6.78],
[1.44,1.79,9.89,0.06,1.53],
[18.19,7.24,3.24,5.14,2.27],
[8.93,8.7,0.59,4.96,1.57],
[3.15,18.69,1.13,1.09,10.99],
[1.68,0.1,14.07,2.88,3.41],
[13.19,3.61,8.67,3.07,4.81],
[11.43,6.52,2.02,5.46,3.3],
[5.33,11.57,2.54,6.83,6.9],
[4.62,7.53,7.1,1.69,6.04],
[10.6,4.56,5.61,5.54,7.56],
[8.02,9.54,3.97,5.57,5.23],
[5.13,7.33,5.2,6.54,5.18],
[8.92,7.47,5.28,4.87,7.51],
[7.52,7.15,5.46,5.76,4.42],
[7.73,6.15,6.17,4.86,6.61],
[1.63,10.59,8.04,2.18,3.97],
[15.15,7.42,8.32,3.81,5.09],
[9.74,6.65,6.57,13.35,7.8],
[3,17.85,1.92,11.05,14.27],
[5.6,4.22,1.34,2.77,5.14],
[9.7,7.54,7.27,2.52,3.82],
[10.09,7.33,6.86,6.93,7.13],
[5.55,11.3,3.59,9.8,8.85],
[5.01,11.24,3.58,6.81,9.51],
[8.7,7.23,6.41,5.07,6.54],
[7.26,9.31,5.46,7.1,8.61],
[5.57,8.85,3.96,8.08,8.12],
[7.56,8.71,5.44,5.7,8.37],
[6.88,8.48,4.77,6.62,7.59],
[6.88,8.19,4.95,5.53,7.41],
[3.31,1.19,6.64,0.67,2.75],
[17.47,4.9,7.77,3.63,2.3],
[6.05,6.41,1.46,4.01,5.7],
[10,12.74,0.87,2.49,15.01],
[5.84,2.09,9.76,3.78,6.59],
[10.41,2.63,7.42,3.55,3.56],
[10.08,4.86,4.06,4.88,4.34],
[6.9,9.45,2.3,9.7,11.13],
[6.86,6.37,5.38,2.86,9.75],
[8.55,3.44,5.17,6.48,5.85],
[9.17,7.7,4.26,7.16,7.74],
[6.08,6.99,4.22,7.89,8.88],
[8.31,6.1,4.64,6.52,7.45],
[7.99,6.64,5.08,6.6,7],
[7.49,5.79,5.22,5.96,6.99],
[1.28,7.1,7.46,1.77,2.65],
[12.24,6.59,6.07,3.93,6.05],
[6.95,7.93,4.41,10.44,6.51],
[2.13,16.2,1.41,7.54,9.74],
[3.74,2.95,9.39,2.72,8.48],
[10.61,6.79,6.86,3.1,4.47],
[8.55,7.46,4.96,6.23,6.92],
[4.03,10.36,2.83,8.11,7.05],
[3.78,8.95,5.26,5.94,8.13],
[8.89,6.82,5.59,5.2,6.99],
[6.03,9.31,4.26,6.24,7.15],
[4.33,7.93,4.58,7.97,7.23],
[7.32,8.3,4.72,5.35,7.54],
[5.96,8.33,5.02,6.87,7.02],
[6.56,7.7,5.25,5.79,7.29],
[2.51,5.65,5.6,2.34,2.78],
[13.78,5.23,7.36,3.01,4.64],
[5.22,7,3.53,9.65,6.86],
[7.74,12.97,1.29,8.8,15.29],
[5.3,3,7.37,4.05,8.05],
[9.1,5.31,6.15,3.57,3.62],
[8.45,5.97,5,5.89,6.04],
[5.81,8.97,2.47,10.06,10.24],
[5.82,7.82,4.43,5.93,10.41],
[7.69,5.54,4.97,6.02,5.62],
[7.69,7.94,4.08,7.35,8.27],
[5.31,7.5,3.89,8.77,9.1],
[7.33,7.04,4.21,6.59,7.39],
[6.85,7.69,4.6,7.31,7.85],
[6.68,7.06,4.61,6.45,7.19]]
[[0,0,0,0,0],
[0,0,0,0,0],
[0,0,0,0,0],
[0,0,0,0,0],
[0,0,0,0,0],
[0.01,0,0,0,0],
[0.01,0.01,0,0,0],
[0,0.02,0.04,0,0.02],
[0,0,0.04,0.01,0.02],
[0,0.01,0,0,0],
[0,0.01,0.04,0,0.01],
[0,0.01,0.03,0,0.01],
[0,0.01,0.04,0,0.01],
[0.01,0.01,0.03,0.01,0.01],
[0.01,0.01,0.03,0.01,0.01],
[0,0,0,0,0],
[0,0,0,0,0],
[0,0,0,0,0],
[0,0,0,0,0],
[0,0,0,0,0],
[0.02,0.02,0.04,0,0],
[0.04,0,0.04,0,0],
[0.02,0.01,0.02,0,0],
[0,0.02,0,0.02,0.04],
[0.02,0.01,0.03,0,0],
[0.02,0,0.02,0,0],
[0.02,0.01,0.01,0.02,0.03],
[0.02,0.02,0.02,0,0],
[0.02,0.01,0.02,0.02,0.02],
[0.02,0.01,0.02,0.02,0.02],
[0,0,0,0,0],
[0,0,0,0,0],
[0,0,0,0,0],
[0,0,0,0,0],
[0,0,0,0,0],
[0.04,0,0,0,0],
[0.04,0,0.04,0.01,0.04],
[0,0.01,0,0.02,0],
[0.02,0,0,0.02,0.02],
[0.03,0,0.02,0,0.02],
[0.03,0,0.02,0.02,0.03],
[0.01,0,0,0.01,0.01],
[0.02,0,0.02,0.02,0.02],
[0.02,0,0.02,0.02,0.02],
[0.02,0,0.01,0.02,0.02],
[0,0,0,0,0],
[0,0,0,0,0],
[0,0,0,0,0],
[0,0,0,0,0],
[0,0,0,0,0],
[0,0,0.04,0.02,0.01],
[0.04,0.02,0.04,0.01,0],
[0.02,0.01,0.04,0,0.04],
[0.01,0,0,0.02,0.04],
[0.03,0.01,0.03,0.01,0],
[0.02,0.01,0.03,0.01,0.03],
[0.01,0,0.03,0.01,0.03],
[0.02,0.01,0.03,0.01,0.02],
[0.02,0.01,0.02,0.01,0.02],
[0.02,0.01,0.03,0.01,0.02],
[0,0,0,0,0],
[0,0,0,0,0],
[0,0,0,0,0],
[0,0,0,0,0],
[0,0,0,0,0],
[0,0.02,0.08,0.08,0],
[0.04,0.02,0,0.04,0],
[0.02,0.01,0.01,0.04,0],
[0,0.04,0.02,0.02,0.02],
[0.02,0.01,0.04,0.04,0],
[0.02,0.01,0.01,0.03,0],
[0.02,0.02,0.02,0.02,0.01],
[0.02,0.01,0.03,0.04,0],
[0.02,0.03,0.03,0.02,0.01],
[0.02,0.02,0.03,0.03,0.01],
[0.01,0,0.04,0,0.04],
[0.02,0,0,0,0.01],
[0.02,0.01,0.02,0,0.02],
[0,0.02,0.04,0,0],
[0,0,0,0,0],
[0.01,0.01,0.02,0,0.02],
[0.02,0,0.02,0,0.01],
[0.01,0.01,0.02,0,0.01],
[0,0.01,0.02,0.01,0.02],
[0.01,0.01,0.02,0,0.01],
[0.01,0.01,0.03,0,0.01],
[0.01,0.01,0.02,0.01,0.02],
[0.01,0.01,0.03,0,0.01],
[0.01,0.01,0.02,0.01,0.01],
[0.01,0.01,0.02,0.01,0.02],
[0.04,0.02,0,0.01,0.04],
[0.02,0,0.08,0.02,0.04],
[0.08,0,0.02,0,0],
[0.02,0,0,0.02,0],
[0,0.02,0,0.02,0],
[0.02,0.01,0.03,0.01,0.03],
[0.03,0,0.03,0.01,0.02],
[0.04,0,0.01,0.01,0],
[0.01,0.01,0,0.03,0.02],
[0.03,0.01,0.02,0.01,0.02],
[0.03,0,0.02,0.01,0.02],
[0.02,0.01,0.01,0.02,0.02],
[0.03,0.01,0.02,0.01,0.02],
[0.02,0.01,0.02,0.02,0.02],
[0.02,0.01,0.02,0.01,0.02],
[0.08,0,0,0.02,0],
[0,0,0.08,0,0.04],
[0,0.01,0.02,0,0],
[0.04,0.01,0.02,0,0.04],
[0,0.01,0.02,0.01,0.02],
[0.04,0,0.03,0.01,0.02],
[0.03,0.01,0.03,0,0.02],
[0.02,0,0.02,0.01,0.02],
[0.02,0,0.01,0.02,0.02],
[0.04,0,0.02,0.01,0.02],
[0.03,0.01,0.03,0.01,0.02],
[0.01,0,0.01,0.01,0.02],
[0.03,0,0.02,0.01,0.02],
[0.02,0.01,0.02,0.01,0.02],
[0.03,0,0.02,0.01,0.02],
[0,0,0.04,0.04,0],
[0,0.04,0.08,0.04,0.01],
[0,0.01,0,0.01,0.01],
[0,0.01,0.02,0,0.02],
[0.02,0.02,0,0.01,0.04],
[0,0.02,0.04,0.03,0],
[0.03,0.02,0.03,0.02,0],
[0.01,0,0.02,0.02,0.02],
[0.01,0.02,0.01,0.02,0.02],
[0.02,0.01,0.03,0.02,0],
[0.02,0.01,0.03,0.02,0.01],
[0.01,0.01,0.02,0.01,0.02],
[0.02,0.01,0.03,0.02,0.01],
[0.02,0.02,0.03,0.02,0.02],
[0.01,0.01,0.03,0.02,0.01],
[0.02,0.01,0.03,0.01,0.03],
[0.01,0,0.05,0.01,0.02],
[0.04,0,0.01,0,0.01],
[0.01,0.01,0.02,0.01,0],
[0,0.01,0,0.01,0],
[0.02,0.01,0.03,0.01,0.02],
[0.02,0,0.03,0.01,0.02],
[0.02,0.01,0.02,0.01,0.01],
[0.01,0.01,0.01,0.02,0.02],
[0.02,0.01,0.03,0.01,0.02],
[0.02,0,0.02,0.01,0.01],
[0.02,0.01,0.01,0.01,0.02],
[0.02,0.01,0.02,0.01,0.01],
[0.01,0.01,0.02,0.01,0.02],
[0.01,0.01,0.02,0.01,0.02],
[0.04,0.01,0,0.01,0.02],
[0.02,0,0.05,0.01,0.03],
[0.04,0,0.01,0,0],
[0.02,0,0.01,0.01,0.03],
[0,0.01,0.01,0.01,0.02],
[0.03,0.01,0.03,0.01,0.02],
[0.03,0,0.03,0.01,0.02],
[0.03,0,0.01,0.01,0.02],
[0.01,0.01,0.01,0.02,0.02],
[0.03,0.01,0.02,0.01,0.02],
[0.03,0,0.02,0.01,0.02],
[0.02,0.01,0.01,0.01,0.02],
[0.03,0.01,0.02,0.01,0.02],
[0.02,0.01,0.02,0.01,0.02],
[0.02,0.01,0.02,0.01,0.02],
[0.04,0,0.03,0.02,0],
[0,0.02,0.05,0.03,0.02],
[0,0,0.01,0,0],
[0.03,0,0.01,0,0.02],
[0.01,0.02,0.01,0,0.02],
[0.02,0.01,0.03,0.02,0.01],
[0.03,0.01,0.03,0.01,0.01],
[0.02,0,0.01,0.01,0.01],
[0.02,0.01,0.01,0.01,0.02],
[0.03,0.01,0.03,0.02,0.01],
[0.03,0.01,0.02,0.02,0.02],
[0.02,0.01,0.02,0.01,0.02],
[0.03,0.01,0.02,0.02,0.01],
[0.02,0.01,0.02,0.01,0.02],
[0.02,0.01,0.02,0.02,0.01],
[0.03,0.01,0.02,0.01,0.02],
[0.02,0,0.04,0.01,0.02],
[0.03,0,0.01,0,0.01],
[0.02,0.01,0.03,0.01,0.02],
[0,0.01,0.01,0.01,0.02],
[0.02,0.01,0.03,0.01,0.02],
[0.02,0,0.03,0.01,0.01],
[0.02,0.01,0.02,0.01,0.01],
[0.01,0.01,0.02,0.02,0.02],
[0.02,0.01,0.02,0.01,0.01],
[0.02,0.01,0.02,0.01,0.01],
[0.01,0.01,0.02,0.01,0.02],
[0.02,0.01,0.02,0.01,0.01],
[0.02,0.01,0.02,0.01,0.02],
[0.02,0.01,0.02,0.01,0.02],
[0.03,0.01,0.02,0.02,0.02],
[0.02,0.02,0.05,0.02,0.02],
[0.03,0,0.01,0.01,0],
[0.02,0,0.01,0.01,0.02],
[0.02,0.02,0.01,0.01,0.02],
[0.02,0.01,0.03,0.02,0.02],
[0.03,0.01,0.03,0.01,0.01],
[0.02,0,0.01,0.01,0.01],
[0.02,0.01,0.01,0.02,0.02],
[0.03,0.01,0.02,0.01,0.01],
[0.02,0.01,0.02,0.01,0.01],
[0.02,0.01,0.01,0.01,0.02],
[0.02,0.01,0.02,0.02,0.01],
[0.02,0.01,0.02,0.01,0.02],
[0.02,0.01,0.02,0.02,0.02],
[0.02,0.01,0.03,0.02,0.02],
[0.02,0.01,0.05,0.02,0.02],
[0.02,0,0.01,0.01,0.01],
[0.02,0.01,0.02,0.01,0.02],
[0.02,0.01,0.01,0.01,0.02],
[0.02,0.01,0.03,0.02,0.01],
[0.02,0.01,0.03,0.01,0.01],
[0.02,0,0.02,0.01,0.01],
[0.01,0.01,0.02,0.02,0.02],
[0.02,0.01,0.03,0.01,0.01],
[0.02,0.01,0.02,0.01,0.01],
[0.02,0.01,0.02,0.01,0.02],
[0.02,0.01,0.02,0.01,0.01],
[0.02,0.01,0.02,0.01,0.01],
[0.02,0.01,0.02,0.01,0.01]]
[[0.28,0.24,0.2,0.2,0.28],
[0.28,0.24,0.2,0.2,0.28],
[0.28,0.24,0.2,0.2,0.28],
[0.28,0.24,0.2,0.2,0.28],
[0.28,0.24,0.2,0.2,0.28],
[0.56,0.48,0.4,0.4,0.56],
[0.56,0.48,0.4,0.4,0.56],
[0.56,0.48,0.4,0.4,0.56],
[0.56,0.48,0.4,0.4,0.56],
[0.84,0.72,0.6,0.6,0.84],
[0.84,0.72,0.6,0.6,0.84],
[0.84,0.72,0.6,0.6,0.84],
[1.12,0.96,0.8,0.8,1.12],
[1.12,0.96,0.8,0.8,1.12],
[1.4,1.2,1,1,1.4],
[0.28,0.24,0.2,0.2,0.28],
[0.28,0.24,0.2,0.2,0.28],
[0.28,0.24,0.2,0.2,0.28],
[0.28,0.24,0.2,0.2,0.28],
[0.28,0.24,0.2,0.2,0.28],
[0.56,0.48,0.4,0.4,0.56],
[0.56,0.48,0.4,0.4,0.56],
[0.56,0.48,0.4,0.4,0.56],
[0.56,0.48,0.4,0.4,0.56],
[0.84,0.72,0.6,0.6,0.84],
[0.84,0.72,0.6,0.6,0.84],
[0.84,0.72,0.6,0.6,0.84],
[1.12,0.96,0.8,0.8,1.12],
[1.12,0.96,0.8,0.8,1.12],
[1.4,1.2,1,1,1.4],
[0.28,0.24,0.2,0.2,0.28],
[0.28,0.24,0.2,0.2,0.28],
[0.28,0.24,0.2,0.2,0.28],
[0.28,0.24,0.2,0.2,0.28],
[0.28,0.24,0.2,0.2,0.28],
[0.56,0.48,0.4,0.4,0.56],
[0.56,0.48,0.4,0.4,0.56],
[0.56,0.48,0.4,0.4,0.56],
[0.56,0.48,0.4,0.4,0.56],
[0.84,0.72,0.6,0.6,0.84],
[0.84,0.72,0.6,0.6,0.84],
[0.84,0.72,0.6,0.6,0.84],
[1.12,0.96,0.8,0.8,1.12],
[1.12,0.96,0.8,0.8,1.12],
[1.4,1.2,1,1,1.4],
[0.28,0.24,0.2,0.2,0.28],
[0.28,0.24,0.2,0.2,0.28],
[0.28,0.24,0.2,0.2,0.28],
[0.28,0.24,0.2,0.2,0.28],
[0.28,0.24,0.2,0.2,0.28],
[0.56,0.48,0.4,0.4,0.56],
[0.56,0.48,0.4,0.4,0.56],
[0.56,0.48,0.4,0.4,0.56],
[0.56,0.48,0.4,0.4,0.56],
[0.84,0.72,0.6,0.6,0.84],
[0.84,0.72,0.6,0.6,0.84],
[0.84,0.72,0.6,0.6,0.84],
[1.12,0.96,0.8,0.8,1.12],
[1.12,0.96,0.8,0.8,1.12],
[1.4,1.2,1,1,1.4],
[0.28,0.24,0.2,0.2,0.28],
[0.28,0.24,0.2,0.2,0.28],
[0.28,0.24,0.2,0.2,0.28],
[0.28,0.24,0.2,0.2,0.28],
[0.28,0.24,0.2,0.2,0.28],
[0.56,0.48,0.4,0.4,0.56],
[0.56,0.48,0.4,0.4,0.56],
[0.56,0.48,0.4,0.4,0.56],
[0.56,0.48,0.4,0.4,0.56],
[0.84,0.72,0.6,0.6,0.84],
[0.84,0.72,0.6,0.6,0.84],
[0.84,0.72,0.6,0.6,0.84],
[1.12,0.96,0.8,0.8,1.12],
[1.12,0.96,0.8,0.8,1.12],
[1.4,1.2,1,1,1.4],
[0.56,0.48,0.4,0.4,0.56],
[0.56,0.48,0.4,0.4,0.56],
[0.56,0.48,0.4,0.4,0.56],
[0.56,0.48,0.4,0.4,0.56],
[0.56,0.48,0.4,0.4,0.56],
[1.12,0.96,0.8,0.8,1.12],
[1.12,0.96,0.8,0.8,1.12],
[1.12,0.96,0.8,0.8,1.12],
[1.12,0.96,0.8,0.8,1.12],
[1.68,1.44,1.2,1.2,1.68],
[1.68,1.44,1.2,1.2,1.68],
[1.68,1.44,1.2,1.2,1.68],
[2.24,1.92,1.6,1.6,2.24],
[2.24,1.92,1.6,1.6,2.24],
[2.8,2.4,2,2,2.8],
[0.56,0.48,0.4,0.4,0.56],
[0.56,0.48,0.4,0.4,0.56],
[0.56,0.48,0.4,0.4,0.56],
[0.56,0.48,0.4,0.4,0.56],
[0.56,0.48,0.4,0.4,0.56],
[1.12,0.96,0.8,0.8,1.12],
[1.12,0.96,0.8,0.8,1.12],
[1.12,0.96,0.8,0.8,1.12],
[1.12,0.96,0.8,0.8,1.12],
[1.68,1.44,1.2,1.2,1.68],
[1.68,1.44,1.2,1.2,1.68],
[1.68,1.44,1.2,1.2,1.68],
[2.24,1.92,1.6,1.6,2.24],
[2.24,1.92,1.6,1.6,2.24],
[2.8,2.4,2,2,2.8],
[0.56,0.48,0.4,0.4,0.56],
[0.56,0.48,0.4,0.4,0.56],
[0.56,0.48,0.4,0.4,0.56],
[0.56,0.48,0.4,0.4,0.56],
[0.56,0.48,0.4,0.4,0.56],
[1.12,0.96,0.8,0.8,1.12],
[1.12,0.96,0.8,0.8,1.12],
[1.12,0.96,0.8,0.8,1.12],
[1.12,0.96,0.8,0.8,1.12],
[1.68,1.44,1.2,1.2,1.68],
[1.68,1.44,1.2,1.2,1.68],
[1.68,1.44,1.2,1.2,1.68],
[2.24,1.92,1.6,1.6,2.24],
[2.24,1.92,1.6,1.6,2.24],
[2.8,2.4,2,2,2.8],
[0.56,0.48,0.4,0.4,0.56],
[0.56,0.48,0.4,0.4,0.56],
[0.56,0.48,0.4,0.4,0.56],
[0.56,0.48,0.4,0.4,0.56],
[0.56,0.48,0.4,0.4,0.56],
[1.12,0.96,0.8,0.8,1.12],
[1.12,0.96,0.8,0.8,1.12],
[1.12,0.96,0.8,0.8,1.12],
[1.12,0.96,0.8,0.8,1.12],
[1.68,1.44,1.2,1.2,1.68],
[1.68,1.44,1.2,1.2,1.68],
[1.68,1.44,1.2,1.2,1.68],
[2.24,1.92,1.6,1.6,2.24],
[2.24,1.92,1.6,1.6,2.24],
[2.8,2.4,2,2,2.8],
[0.84,0.72,0.6,0.6,0.84],
[0.84,0.72,0.6,0.6,0.84],
[0.84,0.72,0.6,0.6,0.84],
[0.84,0.72,0.6,0.6,0.84],
[0.84,0.72,0.6,0.6,0.84],
[1.68,1.44,1.2,1.2,1.68],
[1.68,1.44,1.2,1.2,1.68],
[1.68,1.44,1.2,1.2,1.68],
[1.68,1.44,1.2,1.2,1.68],
[2.52,2.16,1.8,1.8,2.52],
[2.52,2.16,1.8,1.8,2.52],
[2.52,2.16,1.8,1.8,2.52],
[3.36,2.88,2.4,2.4,3.36],
[3.36,2.88,2.4,2.4,3.36],
[4.2,3.6,3,3,4.2],
[0.84,0.72,0.6,0.6,0.84],
[0.84,0.72,0.6,0.6,0.84],
[0.84,0.72,0.6,0.6,0.84],
[0.84,0.72,0.6,0.6,0.84],
[0.84,0.72,0.6,0.6,0.84],
[1.68,1.44,1.2,1.2,1.68],
[1.68,1.44,1.2,1.2,1.68],
[1.68,1.44,1.2,1.2,1.68],
[1.68,1.44,1.2,1.2,1.68],
[2.52,2.16,1.8,1.8,2.52],
[2.52,2.16,1.8,1.8,2.52],
[2.52,2.16,1.8,1.8,2.52],
[3.36,2.88,2.4,2.4,3.36],
[3.36,2.88,2.4,2.4,3.36],
[4.2,3.6,3,3,4.2],
[0.84,0.72,0.6,0.6,0.84],
[0.84,0.72,0.6,0.6,0.84],
[0.84,0.72,0.6,0.6,0.84],
[0.84,0.72,0.6,0.6,0.84],
[0.84,0.72,0.6,0.6,0.84],
[1.68,1.44,1.2,1.2,1.68],
[1.68,1.44,1.2,1.2,1.68],
[1.68,1.44,1.2,1.2,1.68],
[1.68,1.44,1.2,1.2,1.68],
[2.52,2.16,1.8,1.8,2.52],
[2.52,2.16,1.8,1.8,2.52],
[2.52,2.16,1.8,1.8,2.52],
[3.36,2.88,2.4,2.4,3.36],
[3.36,2.88,2.4,2.4,3.36],
[4.2,3.6,3,3,4.2],
[1.12,0.96,0.8,0.8,1.12],
[1.12,0.96,0.8,0.8,1.12],
[1.12,0.96,0.8,0.8,1.12],
[1.12,0.96,0.8,0.8,1.12],
[1.12,0.96,0.8,0.8,1.12],
[2.24,1.92,1.6,1.6,2.24],
[2.24,1.92,1.6,1.6,2.24],
[2.24,1.92,1.6,1.6,2.24],
[2.24,1.92,1.6,1.6,2.24],
[3.36,2.88,2.4,2.4,3.36],
[3.36,2.88,2.4,2.4,3.36],
[3.36,2.88,2.4,2.4,3.36],
[4.48,3.84,3.2,3.2,4.48],
[4.48,3.84,3.2,3.2,4.48],
[5.6,4.8,4,4,5.6],
[1.12,0.96,0.8,0.8,1.12],
[1.12,0.96,0.8,0.8,1.12],
[1.12,0.96,0.8,0.8,1.12],
[1.12,0.96,0.8,0.8,1.12],
[1.12,0.96,0.8,0.8,1.12],
[2.24,1.92,1.6,1.6,2.24],
[2.24,1.92,1.6,1.6,2.24],
[2.24,1.92,1.6,1.6,2.24],
[2.24,1.92,1.6,1.6,2.24],
[3.36,2.88,2.4,2.4,3.36],
[3.36,2.88,2.4,2.4,3.36],
[3.36,2.88,2.4,2.4,3.36],
[4.48,3.84,3.2,3.2,4.48],
[4.48,3.84,3.2,3.2,4.48],
[5.6,4.8,4,4,5.6],
[1.4,1.2,1,1,1.4],
[1.4,1.2,1,1,1.4],
[1.4,1.2,1,1,1.4],
[1.4,1.2,1,1,1.4],
[1.4,1.2,1,1,1.4],
[2.8,2.4,2,2,2.8],
[2.8,2.4,2,2,2.8],
[2.8,2.4,2,2,2.8],
[2.8,2.4,2,2,2.8],
[4.2,3.6,3,3,4.2],
[4.2,3.6,3,3,4.2],
[4.2,3.6,3,3,4.2],
[5.6,4.8,4,4,5.6],
[5.6,4.8,4,4,5.6],
[7,6,5,5,7]]
[1,1,1,1,1,2,2,2,2,3,3,3,4,4,5,1,1,1,1,1,2,2,2,2,3,3,3,4,4,5,1,1,1,1,1,2,2,2,2,3,3,3,4,4,5,1,1,1,1,1,2,2,2,2,3,3,3,4,4,5,1,1,1,1,1,2,2,2,2,3,3,3,4,4,5,2,2,2,2,2,4,4,4,4,6,6,6,8,8,10,2,2,2,2,2,4,4,4,4,6,6,6,8,8,10,2,2,2,2,2,4,4,4,4,6,6,6,8,8,10,2,2,2,2,2,4,4,4,4,6,6,6,8,8,10,3,3,3,3,3,6,6,6,6,9,9,9,12,12,15,3,3,3,3,3,6,6,6,6,9,9,9,12,12,15,3,3,3,3,3,6,6,6,6,9,9,9,12,12,15,4,4,4,4,4,8,8,8,8,12,12,12,16,16,20,4,4,4,4,4,8,8,8,8,12,12,12,16,16,20,5,5,5,5,5,10,10,10,10,15,15,15,20,20,25] 
[6.68,7.06,4.61,6.45,7.19] 
[0.02,0.01,0.02,0.01,0.01] 
[7,6,5,5,7] 
[1.89,2.06,1.93,1.95,2.07]