225
25
5
186000
[[0,0,0,0,0],
[0,0,0,0,0],
[0,0,0,0,0],
[0,0,0,0,0],
[0,0,0,0,0],
[3.67,23.05,1.62,8.08,11.76],
[0.03,0.39,0.72,0.24,0.15],
[3.51,9.55,0.14,1.94,21.19],
[1.66,7.33,3.43,0.08,7.68],
[2.71,17.62,0.84,4.62,8.83],
[2.13,5.34,0.78,1.91,13.03],
[5.05,16.83,2.83,1.08,10.74],
[2.42,12.32,0.69,3.38,11.01],
[4.48,13.96,3.35,1.59,8.7],
[3.62,14.18,2.51,2.57,8.31],
[0,0,0,0,0],
[0,0,0,0,0],
[0,0,0,0,0],
[0,0,0,0,0],
[0,0,0,0,0],
[4.23,0.51,1.66,1.77,7.8],
[3.67,0.08,15.85,5.28,34.86],
[1.96,3.67,4.47,4.84,34.36],
[8.04,0.76,1.04,0.03,0.87],
[2.64,0.26,15.09,2.66,17.45],
[1.97,2.86,7.93,3.38,23.08],
[9.31,4.06,5.11,2.99,19.84],
[2.09,1.91,10.53,2.39,15.71],
[6.21,4.42,5.9,2.39,15.89],
[6.3,3.5,7.93,1.97,12.37],
[0,0,0,0,0],
[0,0,0,0,0],
[0,0,0,0,0],
[0,0,0,0,0],
[0,0,0,0,0],
[16.25,1.13,24.43,4.5,0],
[2.31,7.61,26.79,1.9,0.08],
[3.18,22.58,5.18,10.17,2.02],
[0.02,16.47,1.55,4.62,0.65],
[8.29,7.77,17.09,2.32,0.04],
[5.46,11.39,13.46,10.98,1.14],
[2.3,13.18,2.6,5.29,1.02],
[6.58,8.46,11.51,7.33,0.82],
[5.33,9.23,10.03,7.41,0.76],
[5.54,8.17,8.95,5.56,0.62],
[0,0,0,0,0],
[0,0,0,0,0],
[0,0,0,0,0],
[0,0,0,0,0],
[0,0,0,0,0],
[12.45,1.01,9.55,0.1,11.05],
[0.91,1.31,6.02,7.96,1.98],
[16.88,6.52,35.03,16.07,0.86],
[0.22,1.26,0.02,0.42,3],
[11.15,0.78,15.43,4.78,5.57],
[9.25,7.17,17.68,8.48,2.76],
[12.68,3.27,22.78,9.26,1.5],
[10.07,4.97,15.58,5.68,4],
[10.33,5.24,16.23,6.24,2.05],
[9.47,4.22,13.78,4.68,3.54],
[0,0,0,0,0],
[0,0,0,0,0],
[0,0,0,0,0],
[0,0,0,0,0],
[0,0,0,0,0],
[6.62,5.45,3.03,10.95,4.53],
[0,0.76,0.65,0.46,0.2],
[1.22,0.54,2.62,19.34,0.56],
[3.65,8.86,7.41,0.46,0.01],
[4.43,5.49,3.39,6.11,2.51],
[0.81,1.29,1.31,15.19,0.74],
[4.65,4.81,9.63,11.21,0.33],
[2.98,5.85,2.38,11.1,1.73],
[4.03,3.27,7.12,13.2,0.64],
[3.98,5.18,5.63,10.14,1.31],
[3.3,0.42,14.85,19.53,0.41],
[2.81,23.67,14.74,8.45,31.13],
[14.26,27.08,0.98,1.2,0],
[0.25,0.04,0.57,21.98,1.75],
[13.11,11.42,0.01,17.88,9.99],
[4.67,10.81,10.96,12.23,10.58],
[6.19,17.05,6.88,4.51,16.98],
[4.87,9.27,1.54,7.83,18.84],
[4.85,4.38,1.57,13.29,6.2],
[5.66,13.06,9.37,7.64,12.18],
[4,10.31,4.35,7.15,17.68],
[5.78,8.63,3.18,8.31,13.61],
[4.09,9.4,6.79,8.61,12.88],
[4.78,9.57,4.41,7.67,14.2],
[4.79,8.72,5.85,8.7,11.19],
[32.4,0.16,0.2,1.46,2.4],
[0.16,1.88,10.26,21.71,18.24],
[9.25,14.8,35.45,0.97,1.84],
[11.71,7.96,2.44,0,9.5],
[0.53,0.14,3.2,3.89,8.74],
[11.5,0.7,9.96,7.83,8.25],
[3.16,7.1,15.47,7.7,13.06],
[8.67,8.93,12.63,5.16,12.62],
[5.56,6.75,2.73,2.19,6.58],
[9,4.76,13.55,5.12,8.32],
[5.43,6.08,9.8,7.86,12.08],
[8.09,7.03,8.86,3.89,9.8],
[8.65,4.59,10.25,5.84,9.12],
[6.59,6.12,8.15,6.27,10],
[8.73,5.31,8.45,5.07,8.23],
[0.9,1.07,0.05,0.42,6.3],
[0.2,1.07,2.69,1.33,0.78],
[8.53,6.99,35.87,6.73,0.64],
[0.35,21.71,4.87,21.19,0.09],
[0.07,0.27,0.66,3.25,0.39],
[9.89,0.71,11.67,1.58,4.12],
[2.96,5.23,14.09,5.63,0.69],
[8.74,10.38,15.79,9.42,1.16],
[0.2,8.76,2.04,8.52,1.23],
[9.02,3.89,14.4,3.48,2.63],
[6.93,7.49,12.76,7.83,1.56],
[6.94,6.73,10.74,6.79,1.02],
[8,5.9,11.81,5.66,2.33],
[7.35,6.21,11.32,6.1,1.21],
[7.27,5.56,10.16,4.8,1.95],
[0.91,3.38,3.51,0.19,1.88],
[3.65,0.26,0.27,10.17,6.59],
[8.16,2.27,1.26,0.1,2.6],
[0.02,22.98,10.08,0.49,2.06],
[1.67,0.48,0.09,0.45,9.33],
[7.73,3.07,5.15,4.95,7.78],
[4.09,0.86,2.28,4.19,3.64],
[7.25,8.97,13.25,11.98,2.02],
[1.51,8.39,4.49,0.61,4.36],
[8.41,2.55,7.64,4.75,5.29],
[5.44,5.62,8.04,9.79,3.5],
[8,6.49,13.33,8.38,3.21],
[6.7,5.19,8.4,7.3,4.2],
[7.4,5.15,10.3,8.41,3.83],
[7.03,4.66,9.13,6.61,4.4],
[16.91,0.22,11.2,10.43,2.54],
[2.42,12.58,8.47,11.08,17.03],
[8.01,14.57,20.36,0.73,1.29],
[6.83,5.71,2.8,14.67,4.78],
[10.85,8.53,2.04,8.95,6.26],
[7.73,6.89,11.62,8.88,7.85],
[4.18,11.76,11.81,4.85,10.2],
[6.05,10.45,9.26,7.22,11.85],
[7.26,6.02,3.07,9.73,5.77],
[6.84,10.11,12.51,5.74,7.84],
[4.4,9.71,8.16,7.3,11.68],
[6.8,8.7,7.29,6.75,9.08],
[6.28,8.53,9.65,7.48,9],
[5.45,8.62,7.42,6.94,9.7],
[6.73,7.95,8.32,7.18,8],
[18.6,0.54,0.1,1.78,3.21],
[0.35,1.02,5.13,11.78,15.2],
[5.93,7.75,23.77,3.43,2.38],
[6.69,11.02,7.17,14.11,5.77],
[0.27,0.14,3.54,7.13,7.31],
[9.6,0.65,7.88,5.51,7.38],
[2.64,4.67,11.67,6.33,8.55],
[8.59,7.51,14.59,7.14,7.75],
[3.57,5.43,4.58,8.68,6.04],
[8.42,3.17,12.82,4.4,6.6],
[5.75,5.86,10.55,7.78,8.67],
[8.23,5.48,11.39,6.3,6.7],
[8.28,4.55,10.77,6,6.93],
[7.03,5.43,9.7,6.96,7.64],
[8.34,4.76,9.43,5.73,6.49],
[0.6,4.23,2.64,0.6,7.75],
[2,0.53,1.4,10.12,3.4],
[5.56,8.83,20.27,4.02,3.02],
[0.31,14.91,5.3,16.6,1.73],
[0.93,0.74,0.34,3.28,5.21],
[7.88,2.25,7.98,4.34,6.39],
[3.04,4.36,8.91,6.48,2.73],
[5.61,10.07,12.07,10.06,2.54],
[0.92,8.59,3.23,8,3.24],
[7.45,3.81,10.55,4.58,4.82],
[4.92,6.56,9.04,8.86,2.98],
[5.75,7.58,9.94,7.76,2.96],
[6.2,5.61,9.12,6.66,4.07],
[6.21,6.03,9.52,7.49,3.12],
[6.16,5.34,8.72,5.99,3.97],
[13.78,0.62,8.41,6.96,2.49],
[2.42,9.9,5.95,7.87,13.1],
[7.66,11.36,16.33,3.14,2.35],
[5.71,7.48,7.99,14.39,4.05],
[8.25,6.05,3.32,7.43,5.36],
[7.4,5.12,10.16,6.46,7.22],
[4.37,9.94,9.56,4.79,7.57],
[6.78,8.48,11.76,7.51,8.6],
[6.15,5.84,5.41,9.42,5.42],
[7.06,7.79,11.91,5.13,6.77],
[5.04,8.39,9.32,6.99,9.1],
[7.28,7.06,9.89,6.87,6.94],
[6.62,7.25,10.47,6.69,7.4],
[6.07,7.37,9.07,6.63,7.75],
[7,6.76,9.47,6.46,6.69],
[14.87,3.22,1.81,2,5.34],
[1.33,0.72,3.54,10.74,10.29],
[5.8,7.14,16.24,2.88,4.96],
[4.64,10.8,5.48,16.5,4.04],
[1.1,0.52,2.71,7.96,6.24],
[9.27,2.01,6.66,5.63,6.93],
[3.12,3.76,8.63,5.89,7.2],
[6.99,7.72,11.25,8.63,6.72],
[3.48,6.49,4.35,10.52,4.86],
[8.36,3.33,10.42,4.54,6.72],
[5.06,5.35,8.21,8.43,7.08],
[7.51,6.25,10.1,7.85,6],
[7.64,4.6,8.87,6.68,6.42],
[6.68,5.33,8.61,7.94,6.46],
[7.89,4.72,8.34,6.62,6.05],
[13.12,3.12,6.59,5.29,4.02],
[2.18,7.68,4.47,8.3,10.37],
[6.36,11.81,12.41,3.16,5.14],
[4.68,8.66,6.11,14.34,3.12],
[8.42,4.54,3.05,7.1,5.46],
[7.64,4.87,8.3,6.61,7.2],
[3.83,9.01,7.53,5.11,7.38],
[5.85,9.47,9.57,8.21,7.76],
[6.19,6.23,5.07,9.54,4.71],
[7.07,6.95,9.92,5.35,7.23],
[4.47,8.35,7.56,7.69,8.03],
[7.19,7.46,9.15,7.47,6.55],
[6.41,6.96,8.72,7.04,7.1],
[6.08,7.22,8.28,7.34,7.09],
[7.1,6.42,8.45,6.83,6.53]]
[[0,0,0,0,0],
[0,0,0,0,0],
[0,0,0,0,0],
[0,0,0,0,0],
[0,0,0,0,0],
[0.04,0,0.01,0,0],
[0,0,0.02,0,0.04],
[0.02,0,0.04,0,0],
[0,0,0.04,0,0.02],
[0.03,0,0.01,0,0.03],
[0.01,0,0.02,0,0.03],
[0.01,0,0.03,0,0.01],
[0.02,0,0.02,0,0.03],
[0.01,0,0.02,0,0.02],
[0.02,0,0.02,0,0.02],
[0,0,0,0,0],
[0,0,0,0,0],
[0,0,0,0,0],
[0,0,0,0,0],
[0,0,0,0,0],
[0.04,0,0,0.08,0.02],
[0,0.01,0.04,0.08,0.04],
[0.04,0,0,0.08,0.04],
[0.02,0.01,0,0,0],
[0.03,0,0.02,0.05,0.02],
[0.03,0,0.03,0.05,0.03],
[0.02,0,0,0.04,0.04],
[0.03,0,0.02,0.05,0.02],
[0.02,0,0.03,0.04,0.03],
[0.02,0,0.03,0.04,0.03],
[0,0,0,0,0],
[0,0,0,0,0],
[0,0,0,0,0],
[0,0,0,0,0],
[0,0,0,0,0],
[0.02,0.01,0,0.01,0],
[0,0,0,0,0],
[0,0,0.01,0.02,0],
[0.02,0,0,0.04,0],
[0.02,0,0,0.01,0.01],
[0,0,0,0.01,0],
[0.01,0,0,0.02,0.01],
[0.02,0.01,0,0.01,0.01],
[0.01,0,0,0.02,0.01],
[0.02,0.01,0,0.02,0.01],
[0,0,0,0,0],
[0,0,0,0,0],
[0,0,0,0,0],
[0,0,0,0,0],
[0,0,0,0,0],
[0.02,0,0.02,0.01,0],
[0,0,0,0,0.08],
[0,0,0.02,0.08,0],
[0,0,0.01,0.04,0.02],
[0.02,0,0.02,0.01,0.04],
[0,0,0.01,0.04,0.04],
[0,0,0.01,0.04,0.02],
[0.02,0,0.02,0.03,0.03],
[0,0,0.01,0.03,0.03],
[0.02,0,0.01,0.02,0.03],
[0,0,0,0,0],
[0,0,0,0,0],
[0,0,0,0,0],
[0,0,0,0,0],
[0,0,0,0,0],
[0,0,0.01,0,0],
[0,0.02,0.02,0.01,0],
[0.04,0.01,0.04,0.02,0.02],
[0,0.02,0,0,0.08],
[0,0.01,0.01,0,0],
[0.03,0.01,0.02,0.01,0.02],
[0.02,0.02,0.02,0.02,0.04],
[0.02,0.01,0.02,0.01,0.02],
[0.02,0.02,0.02,0.02,0.03],
[0.02,0.01,0.01,0.01,0.02],
[0,0.01,0.01,0.04,0.04],
[0,0.01,0,0,0],
[0,0,0,0.08,0],
[0.02,0,0.04,0,0.02],
[0,0.02,0,0,0],
[0.03,0,0.01,0.03,0.02],
[0,0,0.02,0.04,0.03],
[0.03,0,0.02,0.04,0.02],
[0.02,0.01,0.03,0,0.02],
[0.03,0,0.01,0.03,0.03],
[0.02,0,0.02,0.03,0.02],
[0.02,0,0.02,0.03,0.02],
[0.03,0,0.02,0.03,0.02],
[0.02,0,0.02,0.02,0.02],
[0.02,0,0.02,0.03,0.02],
[0,0.01,0.01,0.04,0],
[0,0,0.02,0.02,0.02],
[0,0.01,0,0,0.02],
[0.04,0.02,0.02,0,0.02],
[0.01,0,0.04,0.04,0.08],
[0.02,0,0.01,0.03,0.02],
[0,0,0.02,0.03,0.02],
[0.02,0.01,0.01,0.03,0.02],
[0.02,0.01,0.02,0.03,0.03],
[0.02,0,0.01,0.03,0.01],
[0.01,0.01,0.01,0.03,0.01],
[0.02,0.01,0.01,0.03,0.03],
[0.02,0.01,0.01,0.03,0.01],
[0.01,0,0.02,0.03,0.02],
[0.02,0,0.01,0.03,0.02],
[0,0,0,0.01,0.04],
[0,0.01,0.01,0.01,0.04],
[0,0.02,0.02,0.04,0.02],
[0,0.04,0.01,0.04,0],
[0.02,0.02,0,0.04,0.04],
[0.01,0.01,0.01,0,0.03],
[0,0.01,0.01,0.02,0.03],
[0,0.02,0.01,0.03,0.01],
[0.01,0.02,0,0.03,0.02],
[0.02,0.01,0.01,0.01,0.03],
[0,0.01,0.01,0.02,0.02],
[0.01,0.02,0.01,0.03,0.01],
[0.02,0.01,0.01,0.02,0.02],
[0.01,0.01,0.01,0.02,0.02],
[0.02,0.01,0.01,0.02,0.02],
[0,0,0.02,0,0.02],
[0.01,0,0.01,0.01,0.04],
[0.02,0.02,0,0,0.02],
[0,0,0,0,0.04],
[0,0,0.01,0.04,0.04],
[0.01,0,0.01,0,0.02],
[0.01,0.01,0.01,0.01,0.03],
[0.02,0.01,0.02,0.03,0.03],
[0,0.01,0.01,0.02,0.03],
[0.01,0.01,0.01,0.01,0.02],
[0.01,0.01,0.01,0.02,0.03],
[0.01,0.01,0.01,0.03,0.03],
[0.02,0.01,0.01,0.02,0.02],
[0.01,0.01,0.01,0.02,0.03],
[0.02,0.01,0.01,0.02,0.02],
[0,0,0,0.03,0.04],
[0.01,0,0.01,0.01,0.02],
[0,0,0,0.04,0.01],
[0.02,0.01,0.02,0,0.01],
[0.01,0.01,0.02,0.04,0.04],
[0.03,0,0.01,0.02,0.03],
[0.01,0,0.01,0.03,0.02],
[0.02,0.01,0.02,0.03,0.01],
[0.01,0.01,0.02,0.02,0.02],
[0.02,0,0.01,0.02,0.02],
[0.02,0.01,0.02,0.02,0.02],
[0.02,0.01,0.02,0.03,0.02],
[0.02,0,0.01,0.02,0.02],
[0.01,0.01,0.02,0.02,0.02],
[0.02,0.01,0.01,0.02,0.02],
[0,0.01,0.01,0.02,0.02],
[0,0,0.01,0.01,0.02],
[0,0.01,0.02,0.04,0.01],
[0.03,0.02,0.01,0.04,0.01],
[0.01,0.01,0.03,0.03,0.04],
[0.02,0.01,0.01,0.02,0.02],
[0,0.01,0.01,0.03,0.03],
[0.02,0.01,0.01,0.04,0.01],
[0.02,0.01,0.02,0.03,0.02],
[0.02,0.01,0.01,0.02,0.02],
[0.01,0.01,0.01,0.03,0.02],
[0.01,0.01,0.02,0.03,0.02],
[0.02,0.01,0.01,0.03,0.02],
[0.01,0.01,0.02,0.03,0.02],
[0.02,0.01,0.01,0.02,0.02],
[0,0,0.01,0,0.02],
[0,0.01,0,0,0.03],
[0.01,0.01,0.01,0.02,0.01],
[0,0.02,0.01,0.02,0.03],
[0.01,0.02,0,0.03,0.03],
[0.01,0.01,0.01,0,0.02],
[0.01,0.01,0.01,0.01,0.02],
[0.01,0.01,0.01,0.02,0.02],
[0.01,0.02,0.01,0.02,0.03],
[0.01,0.01,0.01,0.01,0.02],
[0.01,0.01,0.01,0.02,0.02],
[0.01,0.02,0.01,0.03,0.02],
[0.02,0.01,0.01,0.01,0.02],
[0.01,0.01,0.01,0.02,0.02],
[0.02,0.01,0.01,0.02,0.02],
[0,0.01,0.01,0.02,0.03],
[0.01,0,0.01,0.01,0.02],
[0,0.01,0.02,0.04,0.01],
[0.02,0.02,0.02,0.04,0.01],
[0.01,0.01,0.02,0.03,0.03],
[0.02,0.01,0.01,0.01,0.03],
[0.01,0.01,0.01,0.02,0.03],
[0.01,0.01,0.02,0.03,0.01],
[0.01,0.01,0.02,0.03,0.02],
[0.02,0.01,0.01,0.02,0.03],
[0.01,0.01,0.01,0.02,0.02],
[0.01,0.01,0.02,0.03,0.02],
[0.02,0.01,0.01,0.02,0.02],
[0.01,0.01,0.02,0.02,0.02],
[0.02,0.01,0.01,0.02,0.02],
[0,0.01,0.01,0.02,0.02],
[0.01,0.01,0.01,0.01,0.02],
[0.01,0.01,0.02,0.03,0.01],
[0.03,0.02,0.01,0.03,0.02],
[0.01,0.02,0.02,0.03,0.04],
[0.01,0.01,0.01,0.01,0.02],
[0.01,0.01,0.01,0.02,0.02],
[0.02,0.01,0.02,0.03,0.02],
[0.02,0.02,0.01,0.03,0.03],
[0.02,0.01,0.01,0.02,0.02],
[0.01,0.01,0.01,0.02,0.02],
[0.01,0.01,0.02,0.03,0.02],
[0.02,0.01,0.01,0.02,0.02],
[0.01,0.01,0.01,0.02,0.02],
[0.02,0.01,0.01,0.02,0.02],
[0,0.01,0.01,0.02,0.03],
[0.01,0.01,0.01,0.01,0.02],
[0.01,0.01,0.02,0.03,0.01],
[0.02,0.01,0.02,0.03,0.02],
[0.01,0.02,0.02,0.03,0.03],
[0.02,0.01,0.01,0.01,0.02],
[0.01,0.01,0.01,0.02,0.02],
[0.02,0.01,0.02,0.03,0.02],
[0.01,0.01,0.02,0.03,0.02],
[0.02,0.01,0.01,0.02,0.02],
[0.01,0.01,0.01,0.02,0.02],
[0.01,0.01,0.02,0.03,0.02],
[0.02,0.01,0.01,0.02,0.02],
[0.01,0.01,0.01,0.02,0.02],
[0.02,0.01,0.01,0.02,0.02]]
[[0.28,0.2,0.28,0.24,0.24],
[0.28,0.2,0.28,0.24,0.24],
[0.28,0.2,0.28,0.24,0.24],
[0.28,0.2,0.28,0.24,0.24],
[0.28,0.2,0.28,0.24,0.24],
[0.56,0.4,0.56,0.48,0.48],
[0.56,0.4,0.56,0.48,0.48],
[0.56,0.4,0.56,0.48,0.48],
[0.56,0.4,0.56,0.48,0.48],
[0.84,0.6,0.84,0.72,0.72],
[0.84,0.6,0.84,0.72,0.72],
[0.84,0.6,0.84,0.72,0.72],
[1.12,0.8,1.12,0.96,0.96],
[1.12,0.8,1.12,0.96,0.96],
[1.4,1,1.4,1.2,1.2],
[0.28,0.2,0.28,0.24,0.24],
[0.28,0.2,0.28,0.24,0.24],
[0.28,0.2,0.28,0.24,0.24],
[0.28,0.2,0.28,0.24,0.24],
[0.28,0.2,0.28,0.24,0.24],
[0.56,0.4,0.56,0.48,0.48],
[0.56,0.4,0.56,0.48,0.48],
[0.56,0.4,0.56,0.48,0.48],
[0.56,0.4,0.56,0.48,0.48],
[0.84,0.6,0.84,0.72,0.72],
[0.84,0.6,0.84,0.72,0.72],
[0.84,0.6,0.84,0.72,0.72],
[1.12,0.8,1.12,0.96,0.96],
[1.12,0.8,1.12,0.96,0.96],
[1.4,1,1.4,1.2,1.2],
[0.28,0.2,0.28,0.24,0.24],
[0.28,0.2,0.28,0.24,0.24],
[0.28,0.2,0.28,0.24,0.24],
[0.28,0.2,0.28,0.24,0.24],
[0.28,0.2,0.28,0.24,0.24],
[0.56,0.4,0.56,0.48,0.48],
[0.56,0.4,0.56,0.48,0.48],
[0.56,0.4,0.56,0.48,0.48],
[0.56,0.4,0.56,0.48,0.48],
[0.84,0.6,0.84,0.72,0.72],
[0.84,0.6,0.84,0.72,0.72],
[0.84,0.6,0.84,0.72,0.72],
[1.12,0.8,1.12,0.96,0.96],
[1.12,0.8,1.12,0.96,0.96],
[1.4,1,1.4,1.2,1.2],
[0.28,0.2,0.28,0.24,0.24],
[0.28,0.2,0.28,0.24,0.24],
[0.28,0.2,0.28,0.24,0.24],
[0.28,0.2,0.28,0.24,0.24],
[0.28,0.2,0.28,0.24,0.24],
[0.56,0.4,0.56,0.48,0.48],
[0.56,0.4,0.56,0.48,0.48],
[0.56,0.4,0.56,0.48,0.48],
[0.56,0.4,0.56,0.48,0.48],
[0.84,0.6,0.84,0.72,0.72],
[0.84,0.6,0.84,0.72,0.72],
[0.84,0.6,0.84,0.72,0.72],
[1.12,0.8,1.12,0.96,0.96],
[1.12,0.8,1.12,0.96,0.96],
[1.4,1,1.4,1.2,1.2],
[0.28,0.2,0.28,0.24,0.24],
[0.28,0.2,0.28,0.24,0.24],
[0.28,0.2,0.28,0.24,0.24],
[0.28,0.2,0.28,0.24,0.24],
[0.28,0.2,0.28,0.24,0.24],
[0.56,0.4,0.56,0.48,0.48],
[0.56,0.4,0.56,0.48,0.48],
[0.56,0.4,0.56,0.48,0.48],
[0.56,0.4,0.56,0.48,0.48],
[0.84,0.6,0.84,0.72,0.72],
[0.84,0.6,0.84,0.72,0.72],
[0.84,0.6,0.84,0.72,0.72],
[1.12,0.8,1.12,0.96,0.96],
[1.12,0.8,1.12,0.96,0.96],
[1.4,1,1.4,1.2,1.2],
[0.56,0.4,0.56,0.48,0.48],
[0.56,0.4,0.56,0.48,0.48],
[0.56,0.4,0.56,0.48,0.48],
[0.56,0.4,0.56,0.48,0.48],
[0.56,0.4,0.56,0.48,0.48],
[1.12,0.8,1.12,0.96,0.96],
[1.12,0.8,1.12,0.96,0.96],
[1.12,0.8,1.12,0.96,0.96],
[1.12,0.8,1.12,0.96,0.96],
[1.68,1.2,1.68,1.44,1.44],
[1.68,1.2,1.68,1.44,1.44],
[1.68,1.2,1.68,1.44,1.44],
[2.24,1.6,2.24,1.92,1.92],
[2.24,1.6,2.24,1.92,1.92],
[2.8,2,2.8,2.4,2.4],
[0.56,0.4,0.56,0.48,0.48],
[0.56,0.4,0.56,0.48,0.48],
[0.56,0.4,0.56,0.48,0.48],
[0.56,0.4,0.56,0.48,0.48],
[0.56,0.4,0.56,0.48,0.48],
[1.12,0.8,1.12,0.96,0.96],
[1.12,0.8,1.12,0.96,0.96],
[1.12,0.8,1.12,0.96,0.96],
[1.12,0.8,1.12,0.96,0.96],
[1.68,1.2,1.68,1.44,1.44],
[1.68,1.2,1.68,1.44,1.44],
[1.68,1.2,1.68,1.44,1.44],
[2.24,1.6,2.24,1.92,1.92],
[2.24,1.6,2.24,1.92,1.92],
[2.8,2,2.8,2.4,2.4],
[0.56,0.4,0.56,0.48,0.48],
[0.56,0.4,0.56,0.48,0.48],
[0.56,0.4,0.56,0.48,0.48],
[0.56,0.4,0.56,0.48,0.48],
[0.56,0.4,0.56,0.48,0.48],
[1.12,0.8,1.12,0.96,0.96],
[1.12,0.8,1.12,0.96,0.96],
[1.12,0.8,1.12,0.96,0.96],
[1.12,0.8,1.12,0.96,0.96],
[1.68,1.2,1.68,1.44,1.44],
[1.68,1.2,1.68,1.44,1.44],
[1.68,1.2,1.68,1.44,1.44],
[2.24,1.6,2.24,1.92,1.92],
[2.24,1.6,2.24,1.92,1.92],
[2.8,2,2.8,2.4,2.4],
[0.56,0.4,0.56,0.48,0.48],
[0.56,0.4,0.56,0.48,0.48],
[0.56,0.4,0.56,0.48,0.48],
[0.56,0.4,0.56,0.48,0.48],
[0.56,0.4,0.56,0.48,0.48],
[1.12,0.8,1.12,0.96,0.96],
[1.12,0.8,1.12,0.96,0.96],
[1.12,0.8,1.12,0.96,0.96],
[1.12,0.8,1.12,0.96,0.96],
[1.68,1.2,1.68,1.44,1.44],
[1.68,1.2,1.68,1.44,1.44],
[1.68,1.2,1.68,1.44,1.44],
[2.24,1.6,2.24,1.92,1.92],
[2.24,1.6,2.24,1.92,1.92],
[2.8,2,2.8,2.4,2.4],
[0.84,0.6,0.84,0.72,0.72],
[0.84,0.6,0.84,0.72,0.72],
[0.84,0.6,0.84,0.72,0.72],
[0.84,0.6,0.84,0.72,0.72],
[0.84,0.6,0.84,0.72,0.72],
[1.68,1.2,1.68,1.44,1.44],
[1.68,1.2,1.68,1.44,1.44],
[1.68,1.2,1.68,1.44,1.44],
[1.68,1.2,1.68,1.44,1.44],
[2.52,1.8,2.52,2.16,2.16],
[2.52,1.8,2.52,2.16,2.16],
[2.52,1.8,2.52,2.16,2.16],
[3.36,2.4,3.36,2.88,2.88],
[3.36,2.4,3.36,2.88,2.88],
[4.2,3,4.2,3.6,3.6],
[0.84,0.6,0.84,0.72,0.72],
[0.84,0.6,0.84,0.72,0.72],
[0.84,0.6,0.84,0.72,0.72],
[0.84,0.6,0.84,0.72,0.72],
[0.84,0.6,0.84,0.72,0.72],
[1.68,1.2,1.68,1.44,1.44],
[1.68,1.2,1.68,1.44,1.44],
[1.68,1.2,1.68,1.44,1.44],
[1.68,1.2,1.68,1.44,1.44],
[2.52,1.8,2.52,2.16,2.16],
[2.52,1.8,2.52,2.16,2.16],
[2.52,1.8,2.52,2.16,2.16],
[3.36,2.4,3.36,2.88,2.88],
[3.36,2.4,3.36,2.88,2.88],
[4.2,3,4.2,3.6,3.6],
[0.84,0.6,0.84,0.72,0.72],
[0.84,0.6,0.84,0.72,0.72],
[0.84,0.6,0.84,0.72,0.72],
[0.84,0.6,0.84,0.72,0.72],
[0.84,0.6,0.84,0.72,0.72],
[1.68,1.2,1.68,1.44,1.44],
[1.68,1.2,1.68,1.44,1.44],
[1.68,1.2,1.68,1.44,1.44],
[1.68,1.2,1.68,1.44,1.44],
[2.52,1.8,2.52,2.16,2.16],
[2.52,1.8,2.52,2.16,2.16],
[2.52,1.8,2.52,2.16,2.16],
[3.36,2.4,3.36,2.88,2.88],
[3.36,2.4,3.36,2.88,2.88],
[4.2,3,4.2,3.6,3.6],
[1.12,0.8,1.12,0.96,0.96],
[1.12,0.8,1.12,0.96,0.96],
[1.12,0.8,1.12,0.96,0.96],
[1.12,0.8,1.12,0.96,0.96],
[1.12,0.8,1.12,0.96,0.96],
[2.24,1.6,2.24,1.92,1.92],
[2.24,1.6,2.24,1.92,1.92],
[2.24,1.6,2.24,1.92,1.92],
[2.24,1.6,2.24,1.92,1.92],
[3.36,2.4,3.36,2.88,2.88],
[3.36,2.4,3.36,2.88,2.88],
[3.36,2.4,3.36,2.88,2.88],
[4.48,3.2,4.48,3.84,3.84],
[4.48,3.2,4.48,3.84,3.84],
[5.6,4,5.6,4.8,4.8],
[1.12,0.8,1.12,0.96,0.96],
[1.12,0.8,1.12,0.96,0.96],
[1.12,0.8,1.12,0.96,0.96],
[1.12,0.8,1.12,0.96,0.96],
[1.12,0.8,1.12,0.96,0.96],
[2.24,1.6,2.24,1.92,1.92],
[2.24,1.6,2.24,1.92,1.92],
[2.24,1.6,2.24,1.92,1.92],
[2.24,1.6,2.24,1.92,1.92],
[3.36,2.4,3.36,2.88,2.88],
[3.36,2.4,3.36,2.88,2.88],
[3.36,2.4,3.36,2.88,2.88],
[4.48,3.2,4.48,3.84,3.84],
[4.48,3.2,4.48,3.84,3.84],
[5.6,4,5.6,4.8,4.8],
[1.4,1,1.4,1.2,1.2],
[1.4,1,1.4,1.2,1.2],
[1.4,1,1.4,1.2,1.2],
[1.4,1,1.4,1.2,1.2],
[1.4,1,1.4,1.2,1.2],
[2.8,2,2.8,2.4,2.4],
[2.8,2,2.8,2.4,2.4],
[2.8,2,2.8,2.4,2.4],
[2.8,2,2.8,2.4,2.4],
[4.2,3,4.2,3.6,3.6],
[4.2,3,4.2,3.6,3.6],
[4.2,3,4.2,3.6,3.6],
[5.6,4,5.6,4.8,4.8],
[5.6,4,5.6,4.8,4.8],
[7,5,7,6,6]]
[1,1,1,1,1,2,2,2,2,3,3,3,4,4,5,1,1,1,1,1,2,2,2,2,3,3,3,4,4,5,1,1,1,1,1,2,2,2,2,3,3,3,4,4,5,1,1,1,1,1,2,2,2,2,3,3,3,4,4,5,1,1,1,1,1,2,2,2,2,3,3,3,4,4,5,2,2,2,2,2,4,4,4,4,6,6,6,8,8,10,2,2,2,2,2,4,4,4,4,6,6,6,8,8,10,2,2,2,2,2,4,4,4,4,6,6,6,8,8,10,2,2,2,2,2,4,4,4,4,6,6,6,8,8,10,3,3,3,3,3,6,6,6,6,9,9,9,12,12,15,3,3,3,3,3,6,6,6,6,9,9,9,12,12,15,3,3,3,3,3,6,6,6,6,9,9,9,12,12,15,4,4,4,4,4,8,8,8,8,12,12,12,16,16,20,4,4,4,4,4,8,8,8,8,12,12,12,16,16,20,5,5,5,5,5,10,10,10,10,15,15,15,20,20,25] 
[7.1,6.42,8.45,6.83,6.53] 
[0.02,0.01,0.01,0.02,0.02] 
[7,5,7,6,6] 
[2.07,2.03,1.98,1.96,2.13]