225
25
5
174000
[[0,0,0,0,0],
[0,0,0,0,0],
[0,0,0,0,0],
[0,0,0,0,0],
[0,0,0,0,0],
[0.59,19.1,23.05,0.02,3.89],
[0.01,3.78,11.96,0.59,0.04],
[7.76,10.76,8.24,2.35,0],
[26.5,24.57,17.58,3.54,6.48],
[0.36,9.59,12.27,0.49,2.35],
[5.03,5.44,6.85,1.18,0.03],
[13.28,12.71,9.19,2,4.33],
[4.71,12.31,10.53,0.8,1.7],
[8.86,9.47,10.45,1.41,3.45],
[6.91,11.49,10.53,1.13,3.14],
[0,0,0,0,0],
[0,0,0,0,0],
[0,0,0,0,0],
[0,0,0,0,0],
[0,0,0,0,0],
[17.94,0.24,8.95,18.18,3.62],
[1.45,1.19,21.06,8.82,4.53],
[21.91,2.18,0.36,0.7,0],
[22.92,14.2,12.35,22.92,0.92],
[16.32,0.6,10.85,9.56,2.73],
[11.82,3.32,16.12,8,2.92],
[14.95,7.21,7.07,13.08,0.57],
[13.92,2.48,10.78,7.34,2.08],
[10.02,5.14,12,10.58,3.27],
[13.89,3.86,9.01,11.11,2.45],
[0,0,0,0,0],
[0,0,0,0,0],
[0,0,0,0,0],
[0,0,0,0,0],
[0,0,0,0,0],
[11.76,0,0.36,0,1.02],
[6.85,0.53,10.76,15.4,21.45],
[13.89,0.42,18.12,0.4,0.05],
[16.53,4.18,4,11.19,9.99],
[6.42,0.33,6.1,10.38,11.86],
[7.32,0.95,9.95,12.18,14.99],
[10.18,3.95,20.43,6.32,6.24],
[9.17,0.84,6.64,12.23,12.3],
[7.89,4.33,13.64,9.43,11.08],
[8.06,3.95,10.47,9.5,9.57],
[0,0,0,0,0],
[0,0,0,0,0],
[0,0,0,0,0],
[0,0,0,0,0],
[0,0,0,0,0],
[3.25,4.18,19.53,12.4,13.62],
[0.53,6.23,22.45,1.08,3.59],
[0.01,2.6,35.2,9.59,1.81],
[10.63,1.58,0.05,23.26,4.87],
[3.4,10.34,14.03,6.55,6.81],
[0.32,3.2,19.69,4.97,5.29],
[7.27,1.44,24.36,11.94,2.47],
[2.77,7.16,18.37,10.77,5.49],
[4.93,2.65,16.49,8.13,3.76],
[4.59,6.68,18.41,9.9,4.67],
[0,0,0,0,0],
[0,0,0,0,0],
[0,0,0,0,0],
[0,0,0,0,0],
[0,0,0,0,0],
[13.01,2.06,0,3.95,1.45],
[0.05,12.7,10.72,5.35,23.46],
[3.92,0.62,0,0.18,6.44],
[29.95,1.43,25.99,2,3.2],
[9.25,6.43,7.16,3.13,12.72],
[2.95,7.01,7.21,3.03,11.74],
[15.36,0.74,17.23,1.05,3.4],
[11.72,4.91,7.22,2.19,8.52],
[10.28,6.4,12.76,3.83,9.29],
[12.33,5.33,10.15,2.88,8],
[14.05,8.78,4.74,24.85,4.32],
[1.58,3.59,31.52,0.33,3.23],
[5.68,1.3,5.92,7.68,0.29],
[0.24,0.44,0.03,26.43,0.22],
[0.02,0.27,0.71,2.33,15.85],
[7.21,6.63,12.63,11.22,2.52],
[2.69,1.75,12.69,5,1.79],
[11.26,4.35,3.99,11.45,0.17],
[16.53,12.93,10.15,10.99,5.78],
[6.67,4.4,9.32,8.64,2.08],
[7.88,3.64,9.79,8.47,1.22],
[11.89,8.04,7.29,8.75,3.62],
[7.99,6.42,9.16,9.97,1.68],
[8.74,6.29,9.79,6.87,3.24],
[9.25,6.92,8.68,8.61,3.11],
[24.01,2.6,0.25,0.29,1.39],
[7.64,4.68,9.55,13.57,16.76],
[1.82,0.12,22.85,10.31,7.11],
[0.16,3.18,1.26,21.85,7.88],
[1.25,0,19.28,11.96,0.37],
[10.66,2.46,4.22,7.71,6.18],
[5.59,1.62,11.08,8.11,9],
[12.44,1.21,11.97,10.72,5.01],
[13.53,6.69,7.23,11.61,5.58],
[9.14,1.5,7.1,7.98,6.29],
[9.01,1.74,10.95,9.25,7.29],
[10.6,4.61,11.15,9.07,5.19],
[9.9,1.62,7.86,9.19,6.16],
[8.81,4.08,11.08,8.59,6.29],
[9.77,3.59,8.68,9.2,5.36],
[0.34,0.42,4.44,22.85,1.53],
[1.1,2.12,2.93,1.48,35.28],
[5.28,10.4,0.06,2.78,0.34],
[2.29,0.92,3.73,29.11,4.59],
[0.5,0.03,0.02,7.68,10.4],
[5.04,1.5,6.66,10.13,13.47],
[2.72,5.91,11.71,5.53,13.12],
[4.73,3.93,18.57,11.65,1.86],
[9.87,2.14,2.07,12.63,5.15],
[4.15,5.35,8.05,8.02,10.37],
[3.06,3.78,12.87,9.14,8.8],
[6.98,3.42,18.28,8.53,3.5],
[5.12,4.32,10.84,9.9,8.33],
[5.53,4.2,13.5,7.86,7.84],
[5.63,5.32,12.92,8.69,7.64],
[21.26,1.26,14.69,2.04,0.27],
[0.64,5.54,0.35,0.01,29.26],
[3.08,1.66,0.76,1.9,1.77],
[13.31,0.21,25.92,16.42,0.02],
[25.85,0.27,0.05,0.41,0.08],
[7.84,2.33,8.26,5.74,10.88],
[1.28,8.52,11.07,2.51,11.79],
[6.17,1.58,14.7,8.17,3.11],
[13.87,1.17,13.37,12.09,2.69],
[5.34,7.13,9.6,3.87,9.22],
[3.87,5.21,12.3,5.24,7.85],
[9.06,1.21,17.95,7.66,2.44],
[6.3,5.49,11,6.16,6.72],
[6.56,4.65,13.44,6.49,6.23],
[7.79,5.61,12.73,6.18,6.13],
[13.13,10.77,2.6,14.97,5.45],
[3.83,2.78,15.81,10.67,8.42],
[2.86,1.21,11.43,6.06,3.98],
[0.13,3.2,0.74,16.16,4.52],
[0.75,0.16,15.79,6.01,9.2],
[6.78,6.46,7.75,11.41,5.63],
[3.69,1.76,11.2,6.7,5.45],
[9.55,2.89,8.85,9.01,3.4],
[13.42,9.08,8.78,8.88,5.65],
[5.81,4.35,7.75,8.93,4.77],
[7.09,2.51,9.65,8.34,4.68],
[10.08,6.07,9.67,7.13,4.54],
[7.6,4.61,8.06,9.8,4.43],
[8.08,5.19,9.96,7.17,5.09],
[8.25,5.79,8.6,8.67,4.8],
[14.34,2.71,3.83,17.14,0.98],
[3.9,2.43,11.84,7.05,18.48],
[6.81,6.27,14.46,5.16,3.92],
[1.23,3.88,1.88,17.16,4.3],
[0.64,0.03,13.3,6.7,8.48],
[7.36,2.47,6.55,9.71,9.18],
[4.92,3.78,11.31,5.15,8.99],
[7.83,4.45,14.3,9.65,3.37],
[10.53,4.9,6.19,12.16,5.36],
[6.67,3.74,8.03,7.68,7.19],
[5.93,3.44,12.11,7.8,6.73],
[8.57,4.69,13.2,8.89,4.56],
[7.06,3.43,10.01,8.84,6.04],
[7.05,4.23,12.26,7.91,6.7],
[7.59,4.52,10.96,8.85,6.02],
[16.18,0.64,7.37,12.04,0.77],
[1.71,2.82,1.51,1.08,21.61],
[2.88,5.27,0.7,1.59,0.89],
[14.08,0.46,13.21,15.78,2.88],
[15.17,0.14,0.02,6.59,6.38],
[7.33,1.4,5.23,7.24,9.1],
[2.14,6.31,9.38,4.6,12.83],
[6.97,2.5,12.45,7.5,2.41],
[11.93,1.59,8.87,9.5,3.75],
[5.4,4.96,7.73,6.07,9.75],
[4.88,4.21,10.3,6.85,8.74],
[8.21,2.33,16.33,6.45,3.15],
[6.51,4.09,8.87,7.28,7.78],
[6.4,4.51,12.34,6.7,7.55],
[7.35,4.96,11.21,7.01,7.21],
[9.79,10.86,3.21,16.03,3.66],
[2.63,2.06,12.35,8.14,12.87],
[4.79,4.22,9.87,4.14,3.16],
[1.09,4.95,1.26,18.75,3.1],
[0.5,0.11,16.16,4.48,8.78],
[5.43,5.67,8.33,10.37,7.33],
[3.54,3.29,11.21,5.32,6.89],
[6.93,5.1,11.43,9.92,2.72],
[11.32,7.33,8.54,10.64,5.11],
[4.92,5.05,8.36,7.8,5.66],
[5.3,3.85,10.64,8.54,5.25],
[8.7,5.82,11.74,7.91,4.13],
[6.12,5.03,9.6,9.48,4.78],
[6.96,5.14,11.08,7.48,5.6],
[7.05,5.81,10.32,8.5,5.17],
[15.22,1.82,5.11,13.3,0.65],
[2.76,3.84,9.14,4.75,16.28],
[4.56,4.46,9.8,4.33,4.28],
[11.06,2.88,9.99,13.46,2.93],
[12.85,0.09,9.78,5.37,7.8],
[7.95,2.46,6.25,7.79,7.67],
[3.53,4.72,9.72,4.55,9.88],
[8.13,3.52,12.61,8.12,3.56],
[11.82,3.72,8.99,10.18,4.6],
[6.95,3.95,7.63,6.55,7.59],
[5.93,3.79,10.57,6.64,7.11],
[9.05,3.61,13.25,7.66,4.5],
[7.57,3.5,8.81,7.54,6.19],
[7.23,4.41,11.62,7.04,6.78],
[8.38,4.46,10.21,7.75,6.13],
[12.33,8.48,5,12.58,2.94],
[2.08,2.95,9.54,6.48,12.26],
[3.6,3.35,7.61,3.54,4.11],
[9.68,4.4,7.88,14.51,2.34],
[10.7,0.18,14.25,4.12,7.42],
[6.48,5.32,7.49,8.51,6.8],
[2.78,4.1,9.91,4.73,7.99],
[7.75,4.39,11.01,8.13,3.16],
[12.14,5.92,9.84,9.02,4.47],
[5.55,5.06,7.86,6.64,6.32],
[5.6,4.03,10.02,7.19,5.82],
[9.03,4.76,11.94,6.82,4.16],
[6.74,4.76,8.77,7.95,5.15],
[7.12,5.07,10.83,6.64,5.9],
[7.79,5.51,9.87,7.39,5.43]]
[[0,0,0,0,0],
[0,0,0,0,0],
[0,0,0,0,0],
[0,0,0,0,0],
[0,0,0,0,0],
[0.01,0,0.02,0,0],
[0.04,0.08,0,0,0],
[0.04,0.02,0,0.01,0.04],
[0,0,0,0.01,0.02],
[0.02,0.04,0.01,0,0],
[0.03,0.04,0,0.01,0.03],
[0.03,0.01,0,0,0.02],
[0.02,0.03,0.01,0.01,0.02],
[0.02,0.03,0,0.01,0.02],
[0.02,0.02,0.01,0.01,0.02],
[0,0,0,0,0],
[0,0,0,0,0],
[0,0,0,0,0],
[0,0,0,0,0],
[0,0,0,0,0],
[0.02,0.04,0.04,0,0],
[0,0.02,0.04,0.02,0],
[0.08,0,0,0,0.02],
[0.08,0.02,0,0,0.04],
[0.02,0.02,0.03,0.02,0],
[0.04,0.01,0.04,0.01,0.01],
[0.05,0.01,0,0,0.02],
[0.03,0.02,0.03,0.02,0.01],
[0.04,0.01,0.03,0.01,0.02],
[0.03,0.02,0.02,0.02,0.01],
[0,0,0,0,0],
[0,0,0,0,0],
[0,0,0,0,0],
[0,0,0,0,0],
[0,0,0,0,0],
[0.02,0.08,0,0.01,0],
[0,0.02,0,0,0],
[0.02,0,0,0,0],
[0.01,0.04,0,0.04,0.02],
[0.01,0.04,0,0.01,0],
[0.02,0.01,0,0,0],
[0.01,0.02,0,0.04,0.01],
[0.02,0.03,0,0.01,0],
[0.02,0.03,0,0.03,0.01],
[0.01,0.03,0,0.02,0],
[0,0,0,0,0],
[0,0,0,0,0],
[0,0,0,0,0],
[0,0,0,0,0],
[0,0,0,0,0],
[0.02,0.08,0,0.04,0.02],
[0.02,0.04,0,0.04,0.02],
[0,0.04,0,0.04,0.02],
[0,0.02,0.04,0.02,0.02],
[0.01,0.04,0,0.03,0.01],
[0.01,0.03,0,0.03,0.01],
[0,0.02,0.03,0.02,0.01],
[0.01,0.04,0,0.03,0.01],
[0.01,0.02,0.03,0.02,0.01],
[0.01,0.03,0.02,0.02,0.01],
[0,0,0,0,0],
[0,0,0,0,0],
[0,0,0,0,0],
[0,0,0,0,0],
[0,0,0,0,0],
[0,0,0.02,0.08,0],
[0.04,0.02,0,0.02,0.02],
[0,0,0.04,0,0.02],
[0.08,0.02,0,0.02,0.02],
[0.03,0.01,0.02,0.04,0.02],
[0.04,0.01,0.02,0.01,0.01],
[0.04,0.01,0.03,0.01,0.01],
[0.04,0.01,0.02,0.03,0.02],
[0.04,0.01,0.02,0.03,0.01],
[0.04,0.01,0.02,0.03,0.02],
[0.01,0,0,0.04,0],
[0.02,0.04,0,0.02,0],
[0,0.04,0.02,0,0],
[0,0,0.02,0.02,0.08],
[0.04,0.01,0.01,0,0.01],
[0.01,0.02,0.02,0.02,0],
[0.02,0.03,0.02,0.01,0],
[0.04,0.02,0.02,0.01,0.03],
[0.03,0.01,0.01,0.01,0.03],
[0.02,0.03,0.02,0.02,0],
[0.03,0.02,0.02,0.01,0.02],
[0.03,0.01,0.01,0.01,0.02],
[0.02,0.02,0.02,0.01,0.01],
[0.03,0.02,0.02,0.01,0.02],
[0.02,0.02,0.02,0.01,0.01],
[0.01,0.08,0.01,0.02,0],
[0,0.04,0.02,0,0],
[0,0,0.02,0.04,0],
[0,0,0.04,0.02,0.02],
[0.02,0,0.02,0.02,0.04],
[0.02,0.04,0.02,0.01,0],
[0,0.02,0.02,0.02,0],
[0.03,0,0.02,0.02,0.01],
[0.03,0.02,0.02,0.02,0.02],
[0.01,0.03,0.01,0.01,0],
[0.03,0.01,0.02,0.02,0.01],
[0.03,0.02,0.02,0.02,0.01],
[0.02,0.02,0.02,0.01,0],
[0.02,0.02,0.02,0.02,0.01],
[0.02,0.02,0.02,0.02,0.01],
[0,0,0.01,0.02,0],
[0.04,0,0.02,0.02,0.02],
[0,0.01,0.02,0,0],
[0.01,0,0.02,0.02,0.01],
[0,0.02,0,0.04,0],
[0.02,0.05,0.01,0.02,0.01],
[0.02,0.02,0.02,0.02,0.01],
[0.01,0.02,0.01,0.02,0.01],
[0,0.03,0.02,0.02,0.02],
[0.01,0.03,0.01,0.02,0.01],
[0.01,0.02,0.01,0.02,0.01],
[0.01,0.02,0.02,0.03,0.01],
[0.01,0.03,0.01,0.02,0.01],
[0.01,0.02,0.02,0.02,0.01],
[0.01,0.03,0.02,0.02,0.01],
[0.04,0,0,0.08,0],
[0,0.04,0.04,0.04,0.01],
[0,0.02,0.04,0.02,0.04],
[0.02,0,0,0,0.01],
[0.02,0.01,0.04,0.04,0.04],
[0.02,0.03,0.02,0.04,0.01],
[0.02,0.02,0.03,0.02,0.02],
[0.01,0.02,0.02,0.02,0.02],
[0.03,0.02,0.02,0.02,0.02],
[0.02,0.02,0.02,0.03,0.02],
[0.02,0.02,0.02,0.02,0.01],
[0.02,0.01,0.02,0.02,0.02],
[0.02,0.02,0.02,0.03,0.01],
[0.02,0.02,0.02,0.02,0.01],
[0.02,0.02,0.02,0.03,0.02],
[0,0.04,0,0.02,0],
[0.02,0.03,0.01,0.01,0],
[0,0.02,0.01,0.02,0],
[0,0,0.02,0.01,0.04],
[0.02,0.01,0.01,0.01,0.02],
[0.01,0.03,0.01,0.01,0],
[0.01,0.03,0.01,0.01,0],
[0.03,0.01,0.02,0.01,0.02],
[0.02,0.01,0.01,0.01,0.03],
[0.02,0.03,0.01,0.02,0],
[0.03,0.02,0.02,0.01,0.01],
[0.02,0.01,0.01,0.02,0.02],
[0.02,0.02,0.01,0.01,0.01],
[0.02,0.02,0.01,0.01,0.01],
[0.02,0.02,0.01,0.01,0.01],
[0.01,0.05,0,0.01,0],
[0.02,0.03,0.04,0.01,0.01],
[0,0.01,0.01,0.03,0],
[0.01,0,0.02,0.01,0.02],
[0.01,0.01,0.02,0.02,0.02],
[0.01,0.04,0.02,0.01,0.01],
[0.01,0.02,0.02,0.02,0.01],
[0.02,0.01,0.02,0.02,0.01],
[0.02,0.02,0.02,0.01,0.02],
[0.01,0.03,0.02,0.02,0.01],
[0.02,0.01,0.02,0.02,0.01],
[0.02,0.02,0.02,0.02,0.01],
[0.02,0.02,0.02,0.02,0.01],
[0.02,0.02,0.02,0.02,0.01],
[0.02,0.02,0.02,0.02,0.01],
[0.02,0,0,0.04,0],
[0.04,0.03,0.02,0.02,0.01],
[0,0.01,0.02,0.01,0.03],
[0.02,0,0.01,0.01,0],
[0.01,0.01,0.02,0.03,0.04],
[0.03,0.03,0.01,0.03,0.01],
[0.02,0.02,0.02,0.02,0.02],
[0.01,0.01,0.02,0.01,0.01],
[0.02,0.02,0.02,0.02,0.02],
[0.02,0.02,0.02,0.02,0.01],
[0.02,0.01,0.02,0.02,0.01],
[0.01,0.02,0.02,0.02,0.02],
[0.02,0.02,0.01,0.02,0.01],
[0.02,0.02,0.02,0.02,0.02],
[0.02,0.02,0.02,0.02,0.01],
[0.01,0.04,0,0.02,0],
[0.02,0.02,0.03,0.01,0.01],
[0,0.02,0.01,0.02,0],
[0.01,0.01,0.02,0.01,0.03],
[0.02,0.01,0.02,0.02,0.02],
[0.01,0.03,0.02,0.02,0.01],
[0.02,0.03,0.02,0.02,0.01],
[0.02,0.02,0.01,0.02,0.02],
[0.01,0.02,0.02,0.01,0.02],
[0.01,0.03,0.01,0.02,0],
[0.02,0.02,0.02,0.01,0.01],
[0.02,0.02,0.01,0.02,0.02],
[0.02,0.02,0.01,0.02,0.01],
[0.02,0.02,0.02,0.01,0.01],
[0.02,0.02,0.01,0.02,0.01],
[0.02,0.04,0,0.04,0],
[0.03,0.03,0.03,0.02,0.01],
[0,0.01,0.02,0.02,0.02],
[0.03,0,0.02,0.01,0.02],
[0.03,0.01,0.02,0.02,0.03],
[0.02,0.03,0.02,0.02,0.01],
[0.02,0.02,0.02,0.02,0.01],
[0.02,0.01,0.02,0.02,0.02],
[0.02,0.02,0.02,0.01,0.02],
[0.02,0.02,0.02,0.02,0.01],
[0.02,0.01,0.02,0.02,0.01],
[0.02,0.01,0.02,0.02,0.02],
[0.02,0.02,0.02,0.02,0.01],
[0.02,0.02,0.02,0.02,0.02],
[0.02,0.02,0.02,0.02,0.01],
[0.01,0.03,0,0.03,0],
[0.03,0.03,0.02,0.02,0.01],
[0,0.02,0.02,0.02,0.02],
[0.02,0,0.01,0.01,0.02],
[0.02,0.01,0.02,0.02,0.03],
[0.02,0.03,0.02,0.02,0],
[0.02,0.02,0.02,0.02,0.01],
[0.02,0.01,0.02,0.01,0.02],
[0.02,0.01,0.02,0.01,0.02],
[0.02,0.02,0.02,0.02,0.01],
[0.02,0.02,0.02,0.01,0.01],
[0.02,0.01,0.02,0.02,0.02],
[0.02,0.02,0.02,0.02,0.01],
[0.02,0.02,0.02,0.02,0.02],
[0.02,0.02,0.01,0.02,0.01]]
[[0.2,0.24,0.24,0.28,0.2],
[0.2,0.24,0.24,0.28,0.2],
[0.2,0.24,0.24,0.28,0.2],
[0.2,0.24,0.24,0.28,0.2],
[0.2,0.24,0.24,0.28,0.2],
[0.4,0.48,0.48,0.56,0.4],
[0.4,0.48,0.48,0.56,0.4],
[0.4,0.48,0.48,0.56,0.4],
[0.4,0.48,0.48,0.56,0.4],
[0.6,0.72,0.72,0.84,0.6],
[0.6,0.72,0.72,0.84,0.6],
[0.6,0.72,0.72,0.84,0.6],
[0.8,0.96,0.96,1.12,0.8],
[0.8,0.96,0.96,1.12,0.8],
[1,1.2,1.2,1.4,1],
[0.2,0.24,0.24,0.28,0.2],
[0.2,0.24,0.24,0.28,0.2],
[0.2,0.24,0.24,0.28,0.2],
[0.2,0.24,0.24,0.28,0.2],
[0.2,0.24,0.24,0.28,0.2],
[0.4,0.48,0.48,0.56,0.4],
[0.4,0.48,0.48,0.56,0.4],
[0.4,0.48,0.48,0.56,0.4],
[0.4,0.48,0.48,0.56,0.4],
[0.6,0.72,0.72,0.84,0.6],
[0.6,0.72,0.72,0.84,0.6],
[0.6,0.72,0.72,0.84,0.6],
[0.8,0.96,0.96,1.12,0.8],
[0.8,0.96,0.96,1.12,0.8],
[1,1.2,1.2,1.4,1],
[0.2,0.24,0.24,0.28,0.2],
[0.2,0.24,0.24,0.28,0.2],
[0.2,0.24,0.24,0.28,0.2],
[0.2,0.24,0.24,0.28,0.2],
[0.2,0.24,0.24,0.28,0.2],
[0.4,0.48,0.48,0.56,0.4],
[0.4,0.48,0.48,0.56,0.4],
[0.4,0.48,0.48,0.56,0.4],
[0.4,0.48,0.48,0.56,0.4],
[0.6,0.72,0.72,0.84,0.6],
[0.6,0.72,0.72,0.84,0.6],
[0.6,0.72,0.72,0.84,0.6],
[0.8,0.96,0.96,1.12,0.8],
[0.8,0.96,0.96,1.12,0.8],
[1,1.2,1.2,1.4,1],
[0.2,0.24,0.24,0.28,0.2],
[0.2,0.24,0.24,0.28,0.2],
[0.2,0.24,0.24,0.28,0.2],
[0.2,0.24,0.24,0.28,0.2],
[0.2,0.24,0.24,0.28,0.2],
[0.4,0.48,0.48,0.56,0.4],
[0.4,0.48,0.48,0.56,0.4],
[0.4,0.48,0.48,0.56,0.4],
[0.4,0.48,0.48,0.56,0.4],
[0.6,0.72,0.72,0.84,0.6],
[0.6,0.72,0.72,0.84,0.6],
[0.6,0.72,0.72,0.84,0.6],
[0.8,0.96,0.96,1.12,0.8],
[0.8,0.96,0.96,1.12,0.8],
[1,1.2,1.2,1.4,1],
[0.2,0.24,0.24,0.28,0.2],
[0.2,0.24,0.24,0.28,0.2],
[0.2,0.24,0.24,0.28,0.2],
[0.2,0.24,0.24,0.28,0.2],
[0.2,0.24,0.24,0.28,0.2],
[0.4,0.48,0.48,0.56,0.4],
[0.4,0.48,0.48,0.56,0.4],
[0.4,0.48,0.48,0.56,0.4],
[0.4,0.48,0.48,0.56,0.4],
[0.6,0.72,0.72,0.84,0.6],
[0.6,0.72,0.72,0.84,0.6],
[0.6,0.72,0.72,0.84,0.6],
[0.8,0.96,0.96,1.12,0.8],
[0.8,0.96,0.96,1.12,0.8],
[1,1.2,1.2,1.4,1],
[0.4,0.48,0.48,0.56,0.4],
[0.4,0.48,0.48,0.56,0.4],
[0.4,0.48,0.48,0.56,0.4],
[0.4,0.48,0.48,0.56,0.4],
[0.4,0.48,0.48,0.56,0.4],
[0.8,0.96,0.96,1.12,0.8],
[0.8,0.96,0.96,1.12,0.8],
[0.8,0.96,0.96,1.12,0.8],
[0.8,0.96,0.96,1.12,0.8],
[1.2,1.44,1.44,1.68,1.2],
[1.2,1.44,1.44,1.68,1.2],
[1.2,1.44,1.44,1.68,1.2],
[1.6,1.92,1.92,2.24,1.6],
[1.6,1.92,1.92,2.24,1.6],
[2,2.4,2.4,2.8,2],
[0.4,0.48,0.48,0.56,0.4],
[0.4,0.48,0.48,0.56,0.4],
[0.4,0.48,0.48,0.56,0.4],
[0.4,0.48,0.48,0.56,0.4],
[0.4,0.48,0.48,0.56,0.4],
[0.8,0.96,0.96,1.12,0.8],
[0.8,0.96,0.96,1.12,0.8],
[0.8,0.96,0.96,1.12,0.8],
[0.8,0.96,0.96,1.12,0.8],
[1.2,1.44,1.44,1.68,1.2],
[1.2,1.44,1.44,1.68,1.2],
[1.2,1.44,1.44,1.68,1.2],
[1.6,1.92,1.92,2.24,1.6],
[1.6,1.92,1.92,2.24,1.6],
[2,2.4,2.4,2.8,2],
[0.4,0.48,0.48,0.56,0.4],
[0.4,0.48,0.48,0.56,0.4],
[0.4,0.48,0.48,0.56,0.4],
[0.4,0.48,0.48,0.56,0.4],
[0.4,0.48,0.48,0.56,0.4],
[0.8,0.96,0.96,1.12,0.8],
[0.8,0.96,0.96,1.12,0.8],
[0.8,0.96,0.96,1.12,0.8],
[0.8,0.96,0.96,1.12,0.8],
[1.2,1.44,1.44,1.68,1.2],
[1.2,1.44,1.44,1.68,1.2],
[1.2,1.44,1.44,1.68,1.2],
[1.6,1.92,1.92,2.24,1.6],
[1.6,1.92,1.92,2.24,1.6],
[2,2.4,2.4,2.8,2],
[0.4,0.48,0.48,0.56,0.4],
[0.4,0.48,0.48,0.56,0.4],
[0.4,0.48,0.48,0.56,0.4],
[0.4,0.48,0.48,0.56,0.4],
[0.4,0.48,0.48,0.56,0.4],
[0.8,0.96,0.96,1.12,0.8],
[0.8,0.96,0.96,1.12,0.8],
[0.8,0.96,0.96,1.12,0.8],
[0.8,0.96,0.96,1.12,0.8],
[1.2,1.44,1.44,1.68,1.2],
[1.2,1.44,1.44,1.68,1.2],
[1.2,1.44,1.44,1.68,1.2],
[1.6,1.92,1.92,2.24,1.6],
[1.6,1.92,1.92,2.24,1.6],
[2,2.4,2.4,2.8,2],
[0.6,0.72,0.72,0.84,0.6],
[0.6,0.72,0.72,0.84,0.6],
[0.6,0.72,0.72,0.84,0.6],
[0.6,0.72,0.72,0.84,0.6],
[0.6,0.72,0.72,0.84,0.6],
[1.2,1.44,1.44,1.68,1.2],
[1.2,1.44,1.44,1.68,1.2],
[1.2,1.44,1.44,1.68,1.2],
[1.2,1.44,1.44,1.68,1.2],
[1.8,2.16,2.16,2.52,1.8],
[1.8,2.16,2.16,2.52,1.8],
[1.8,2.16,2.16,2.52,1.8],
[2.4,2.88,2.88,3.36,2.4],
[2.4,2.88,2.88,3.36,2.4],
[3,3.6,3.6,4.2,3],
[0.6,0.72,0.72,0.84,0.6],
[0.6,0.72,0.72,0.84,0.6],
[0.6,0.72,0.72,0.84,0.6],
[0.6,0.72,0.72,0.84,0.6],
[0.6,0.72,0.72,0.84,0.6],
[1.2,1.44,1.44,1.68,1.2],
[1.2,1.44,1.44,1.68,1.2],
[1.2,1.44,1.44,1.68,1.2],
[1.2,1.44,1.44,1.68,1.2],
[1.8,2.16,2.16,2.52,1.8],
[1.8,2.16,2.16,2.52,1.8],
[1.8,2.16,2.16,2.52,1.8],
[2.4,2.88,2.88,3.36,2.4],
[2.4,2.88,2.88,3.36,2.4],
[3,3.6,3.6,4.2,3],
[0.6,0.72,0.72,0.84,0.6],
[0.6,0.72,0.72,0.84,0.6],
[0.6,0.72,0.72,0.84,0.6],
[0.6,0.72,0.72,0.84,0.6],
[0.6,0.72,0.72,0.84,0.6],
[1.2,1.44,1.44,1.68,1.2],
[1.2,1.44,1.44,1.68,1.2],
[1.2,1.44,1.44,1.68,1.2],
[1.2,1.44,1.44,1.68,1.2],
[1.8,2.16,2.16,2.52,1.8],
[1.8,2.16,2.16,2.52,1.8],
[1.8,2.16,2.16,2.52,1.8],
[2.4,2.88,2.88,3.36,2.4],
[2.4,2.88,2.88,3.36,2.4],
[3,3.6,3.6,4.2,3],
[0.8,0.96,0.96,1.12,0.8],
[0.8,0.96,0.96,1.12,0.8],
[0.8,0.96,0.96,1.12,0.8],
[0.8,0.96,0.96,1.12,0.8],
[0.8,0.96,0.96,1.12,0.8],
[1.6,1.92,1.92,2.24,1.6],
[1.6,1.92,1.92,2.24,1.6],
[1.6,1.92,1.92,2.24,1.6],
[1.6,1.92,1.92,2.24,1.6],
[2.4,2.88,2.88,3.36,2.4],
[2.4,2.88,2.88,3.36,2.4],
[2.4,2.88,2.88,3.36,2.4],
[3.2,3.84,3.84,4.48,3.2],
[3.2,3.84,3.84,4.48,3.2],
[4,4.8,4.8,5.6,4],
[0.8,0.96,0.96,1.12,0.8],
[0.8,0.96,0.96,1.12,0.8],
[0.8,0.96,0.96,1.12,0.8],
[0.8,0.96,0.96,1.12,0.8],
[0.8,0.96,0.96,1.12,0.8],
[1.6,1.92,1.92,2.24,1.6],
[1.6,1.92,1.92,2.24,1.6],
[1.6,1.92,1.92,2.24,1.6],
[1.6,1.92,1.92,2.24,1.6],
[2.4,2.88,2.88,3.36,2.4],
[2.4,2.88,2.88,3.36,2.4],
[2.4,2.88,2.88,3.36,2.4],
[3.2,3.84,3.84,4.48,3.2],
[3.2,3.84,3.84,4.48,3.2],
[4,4.8,4.8,5.6,4],
[1,1.2,1.2,1.4,1],
[1,1.2,1.2,1.4,1],
[1,1.2,1.2,1.4,1],
[1,1.2,1.2,1.4,1],
[1,1.2,1.2,1.4,1],
[2,2.4,2.4,2.8,2],
[2,2.4,2.4,2.8,2],
[2,2.4,2.4,2.8,2],
[2,2.4,2.4,2.8,2],
[3,3.6,3.6,4.2,3],
[3,3.6,3.6,4.2,3],
[3,3.6,3.6,4.2,3],
[4,4.8,4.8,5.6,4],
[4,4.8,4.8,5.6,4],
[5,6,6,7,5]]
[1,1,1,1,1,2,2,2,2,3,3,3,4,4,5,1,1,1,1,1,2,2,2,2,3,3,3,4,4,5,1,1,1,1,1,2,2,2,2,3,3,3,4,4,5,1,1,1,1,1,2,2,2,2,3,3,3,4,4,5,1,1,1,1,1,2,2,2,2,3,3,3,4,4,5,2,2,2,2,2,4,4,4,4,6,6,6,8,8,10,2,2,2,2,2,4,4,4,4,6,6,6,8,8,10,2,2,2,2,2,4,4,4,4,6,6,6,8,8,10,2,2,2,2,2,4,4,4,4,6,6,6,8,8,10,3,3,3,3,3,6,6,6,6,9,9,9,12,12,15,3,3,3,3,3,6,6,6,6,9,9,9,12,12,15,3,3,3,3,3,6,6,6,6,9,9,9,12,12,15,4,4,4,4,4,8,8,8,8,12,12,12,16,16,20,4,4,4,4,4,8,8,8,8,12,12,12,16,16,20,5,5,5,5,5,10,10,10,10,15,15,15,20,20,25] 
[7.79,5.51,9.87,7.39,5.43] 
[0.02,0.02,0.01,0.02,0.01] 
[5,6,6,7,5] 
[1.86,1.96,2.05,2.15,2.18]