Instance: 6
width: 5
long: 5
Parcels: 5
Crops: 19
Water: 174000

Chemical Properties by Parcel
17.97   17.4   11.53   10.32   12.95   16.58   18.35   15.48   13.93   12.04   11.76   16.23   16.39   11.06   16.01   10.96   12.06   13.99   12.4   17.65   15.78   15.54   17.34   12.63   12.76    
17.09   17.29   16.07   14.19   13.12   15.45   10.53   11.69   16.61   10.18   13.05   9.91   15.98   14.01   16.15   13.67   13.29   16.82   16.67   14.85   12.98   10.42   14.74   13.58   12.91    
14.43   15.91   10.19   12.44   15.71   16.24   17.16   15.42   10.19   15.68   17.88   18.4   15.39   14.55   16.51   11.78   15.15   14.15   14.27   12.89   12.65   12.32   13.64   17.22   12.92    
15.58   16.74   13.61   10.02   13.65   16.8   14.72   14.21   17.27   14.33   17.5   12.98   11   10.69   16.12   10.75   11.73   10.41   13.54   12.89   15.34   17.28   14.81   18.41   18.48    
15.07   15.28   11.65   17.34   13   14.54   9.65   10.95   17.03   13.76   16.77   13.9   10.29   11.74   9.87   12.05   12.99   14.46   17.11   10.17   15.96   15.82   11.8   13.85   16.66    

Physical Properties by Parcel
5.5   5.6   5.4   5.3   5.3   5.5   5.5   5.3   5.4   5.3   5.3   5.5   5.2   5.5   5.4   5.5   5.6   5.5   5.6   5.3   5.3   5.5   5.6   5.5   5.2    
5.3   5.3   5.2   5.2   5.5   5.5   5.6   5.3   5.6   5.5   5.5   5.3   5.5   5.4   5.2   5.4   5.5   5.4   5.6   5.5   5.5   5.4   5.2   5.2   5.4    
5.4   5.3   5.5   5.5   5.6   5.4   5.2   5.5   5.5   5.4   5.3   5.3   5.2   5.5   5.5   5.2   5.5   5.6   5.4   5.5   5.5   5.3   5.3   5.5   5.5    
5.4   5.5   5.4   5.3   5.3   5.3   5.5   5.5   5.4   5.4   5.2   5.3   5.3   5.5   5.4   5.3   5.4   5.6   5.4   5.5   5.6   5.3   5.4   5.3   5.3    
5.5   5.6   5.2   5.4   5.5   5.4   5.5   5.6   5.5   5.5   5.6   5.4   5.5   5.3   5.3   5.5   5.2   5.5   5.3   5.2   5.3   5.3   5.2   5.5   5.6    

Ha by Parcels
5   7   6   5   6   

Cost of m3 in each parcel
1.94   2.13   2.04   2.06   1.98   