Instance: 10
width: 5
long: 5
Parcels: 5
Crops: 19
Water: 156000

Chemical Properties by Parcel
15.79   14.73   10.75   11.79   11.2   13.91   13.72   12.71   17.65   14.72   16.8   16.43   15.29   15.81   15.56   16.41   10.69   18.55   15.49   12.62   18.15   10.17   10.02   13.96   16.09    
15.65   14.86   16.29   16.53   15.31   17.63   14.12   15.99   13.08   10.88   13.25   11.45   14.07   11.74   10.64   12.59   14.8   17.51   17.22   14.47   10.23   12.06   11.42   18.69   12.06    
11.35   14.76   17.57   14.97   16.1   18.45   18.57   14.36   12.97   17.7   17.17   13.62   14.1   10.73   14.69   11.59   14.45   10.96   12.41   16.39   17.53   15.27   15.67   14.85   17.89    
17.05   13.2   12.54   11.9   12.04   18.67   18.05   13.81   16.93   10.8   14.4   17.8   9.93   10.07   11.28   18.09   11.23   11.06   14.11   12.67   11.49   15.07   17.31   14.26   11.79    
18.03   11.27   18.12   14.53   17.1   15.24   14.1   14.34   11.2   18.22   15.2   10.48   17.63   16.65   14.51   12.89   11.7   14.66   18.35   10   15   14.05   12.84   14.41   13.07    

Physical Properties by Parcel
5.5   5.4   5.2   5.3   5.4   5.4   5.4   5.4   5.6   5.5   5.5   5.2   5.4   5.6   5.6   5.5   5.5   5.3   5.4   5.4   5.3   5.4   5.4   5.6   5.3    
5.3   5.6   5.3   5.3   5.5   5.3   5.4   5.5   5.4   5.4   5.6   5.6   5.2   5.4   5.4   5.2   5.4   5.3   5.4   5.6   5.4   5.4   5.2   5.5   5.6    
5.6   5.5   5.2   5.6   5.6   5.5   5.5   5.2   5.4   5.3   5.6   5.6   5.5   5.6   5.2   5.5   5.4   5.6   5.5   5.3   5.5   5.4   5.2   5.4   5.5    
5.4   5.6   5.4   5.3   5.6   5.5   5.6   5.5   5.3   5.2   5.3   5.5   5.5   5.6   5.5   5.3   5.6   5.5   5.5   5.6   5.3   5.4   5.3   5.5   5.5    
5.4   5.5   5.4   5.5   5.6   5.5   5.5   5.3   5.3   5.2   5.4   5.2   5.4   5.3   5.4   5.2   5.5   5.3   5.2   5.5   5.3   5.2   5.5   5.6   5.2    

Ha by Parcels
5   6   5   5   5   

Cost of m3 in each parcel
2.15   2.05   1.96   1.95   2.18   