Instance: 4
width: 5
long: 5
Parcels: 5
Crops: 19
Water: 192000

Chemical Properties by Parcel
10.39   15.36   14.59   14.87   17.25   18.1   11.52   10.95   16.12   16.98   12.51   17.33   16.68   13.08   14.92   12.97   14.35   13.92   14.94   16.65   12.57   11.99   17.48   11.96   11.04    
11.2   14.37   18.35   13.19   12.31   15.72   11.71   15.91   12.59   10.04   18.2   12.09   15.74   18.69   13.06   12.92   13.77   16.15   11.93   17.54   16.71   13.82   10.74   11.41   11.83    
12.58   16.08   12.21   12.48   10.96   12.54   13.94   18.01   9.96   16.55   10.27   15.33   15.85   16.68   13.29   16.52   11.18   18.12   12.55   10.23   12.32   15.51   11.06   17.59   11.08    
13.85   18.6   13.53   16.57   16.09   11.47   11.11   15.62   18.56   16.64   14.77   13.09   12.12   16.55   11.77   15.96   15.15   11.3   18.33   17.03   15.61   10.22   13.83   10.5   15.61    
9.68   14.43   15.17   17.46   12.47   12.15   15.18   12.92   14.56   15.39   15.57   10.98   15.86   18.19   16.62   18.19   10.96   12.34   16.21   11.9   18.26   18.26   17.33   17.82   11.32    

Physical Properties by Parcel
5.6   5.2   5.5   5.5   5.6   5.4   5.6   5.3   5.4   5.4   5.4   5.2   5.3   5.5   5.2   5.3   5.2   5.5   5.3   5.5   5.6   5.5   5.4   5.5   5.3    
5.2   5.3   5.3   5.4   5.3   5.5   5.4   5.5   5.4   5.4   5.4   5.5   5.6   5.2   5.4   5.2   5.4   5.3   5.4   5.4   5.6   5.4   5.5   5.3   5.6    
5.5   5.3   5.5   5.4   5.3   5.6   5.4   5.6   5.2   5.6   5.5   5.3   5.3   5.4   5.5   5.3   5.6   5.3   5.5   5.2   5.6   5.2   5.4   5.4   5.2    
5.2   5.3   5.2   5.6   5.6   5.4   5.2   5.4   5.5   5.4   5.4   5.3   5.5   5.3   5.4   5.5   5.4   5.6   5.3   5.5   5.3   5.5   5.5   5.5   5.5    
5.5   5.3   5.4   5.4   5.2   5.2   5.6   5.3   5.6   5.4   5.3   5.5   5.3   5.3   5.2   5.4   5.3   5.4   5.3   5.6   5.5   5.2   5.3   5.4   5.4    

Ha by Parcels
7   5   7   6   7   

Cost of m3 in each parcel
1.92   1.9   1.81   2.17   1.98   