Instance: 40
width: 5
long: 5
Parcels: 7
Crops: 19
Water: 258000

Chemical Properties by Parcel
13.55   9.7   15.6   9.71   16.37   10.69   13.85   13.57   11.3   17.75   10.3   10.03   12.11   10.62   11.64   13.77   16.28   17.9   14.59   14.7   13.7   18.17   11.2   16.78   15.82    
15.41   14.24   13.1   14.04   13.51   14.45   13.06   14.65   12.53   17.19   16.86   15   14.9   11.17   15.66   14.86   10.52   13.65   15.19   15.86   11.01   13.08   16.51   15.37   13.45    
11.76   11.93   12.61   15.5   11.94   11.3   17.06   14.96   13.87   15.97   10.34   15.52   18.65   11.83   12.6   14.2   17.59   14.18   10.37   17.88   17.91   17.81   15.26   12.72   16.2    
17.78   10.45   13.39   13.42   13.49   14.47   12   15.14   17.98   10.79   14.14   10.42   11.06   15.06   16.6   14.02   15.09   15.39   17.01   10.87   14.37   13.95   16.24   12.59   13.29    
16.09   14.86   14.06   15.75   9.98   10.62   14.89   14.79   10.52   18.32   11.65   12.71   17.98   12.66   17.08   15.1   11.69   13.06   9.95   11.13   10.98   9.79   10.83   10.16   11.13    
16.82   12.43   18.12   16.08   17.52   15.29   15.07   10.88   14.72   17.48   11.23   16.48   17.94   13.73   16.17   13.83   9.82   15.74   15.76   18.6   14.47   10.89   14.4   18.15   13.48    
10.95   9.74   12.52   15.28   11.84   11.65   13.59   12.17   14.03   10.52   12.01   15.92   17.17   14.84   14.72   17.64   12.07   14.03   13.1   9.62   13.33   17.24   12.12   16.19   12.21    

Physical Properties by Parcel
5.3   5.5   5.6   5.4   5.2   5.6   5.3   5.3   5.5   5.4   5.3   5.5   5.4   5.2   5.3   5.5   5.3   5.4   5.3   5.5   5.3   5.4   5.2   5.5   5.3    
5.5   5.2   5.3   5.3   5.3   5.3   5.3   5.6   5.6   5.5   5.5   5.5   5.5   5.5   5.3   5.3   5.5   5.3   5.3   5.3   5.5   5.4   5.2   5.3   5.3    
5.3   5.6   5.2   5.3   5.3   5.6   5.4   5.4   5.3   5.2   5.6   5.5   5.2   5.6   5.4   5.4   5.3   5.6   5.5   5.4   5.6   5.5   5.4   5.4   5.3    
5.5   5.2   5.5   5.2   5.3   5.3   5.4   5.3   5.5   5.5   5.6   5.4   5.4   5.5   5.5   5.5   5.2   5.4   5.3   5.6   5.4   5.3   5.5   5.2   5.3    
5.5   5.5   5.4   5.4   5.4   5.3   5.6   5.4   5.3   5.4   5.4   5.5   5.2   5.3   5.4   5.3   5.4   5.3   5.5   5.6   5.5   5.2   5.6   5.3   5.2    
5.3   5.4   5.6   5.5   5.2   5.2   5.5   5.3   5.4   5.2   5.6   5.4   5.5   5.2   5.4   5.4   5.4   5.4   5.4   5.6   5.2   5.2   5.4   5.3   5.3    
5.3   5.6   5.5   5.4   5.6   5.3   5.4   5.3   5.6   5.5   5.3   5.4   5.5   5.5   5.5   5.3   5.4   5.5   5.3   5.4   5.5   5.3   5.3   5.6   5.3    

Ha by Parcels
6   7   6   6   7   5   6   

Cost of m3 in each parcel
1.97   2.02   2.14   2.07   1.99   2.02   2.07   