Instance: 37
width: 5
long: 5
Parcels: 7
Crops: 19
Water: 246000

Chemical Properties by Parcel
15.46   16.54   9.63   18.1   17.55   16.87   18.51   9.63   17.99   10.75   17.05   12.04   9.87   12.75   16.74   16.43   15.9   12.14   13.87   14.02   12.95   17.48   10.73   14.47   13.51    
11.94   12.97   13.33   12.73   17.04   11.88   12.6   10.96   18.33   13.32   12.85   16.95   9.72   13.33   10.6   14.39   11.15   11.87   17.93   13.15   18.6   16.94   13.67   13.57   11.16    
18.57   14.76   13.94   16.23   11.59   13.68   12.74   17.21   9.64   9.78   10.5   13.41   18.49   11.31   14.9   11.91   17.5   14.83   14.08   14.71   10.33   16.73   14.91   13.19   14.31    
12.13   15.64   12.58   14.75   10.56   17.88   15.67   14.79   12.05   10.78   10.66   10.85   10.17   14.27   18   10.48   12.44   15.45   11   16.86   12.07   17.04   16.16   10.28   16.54    
13.57   14.73   17.09   14.63   14.4   10.09   12.4   14.01   17.16   10.51   14.6   17.47   15.22   11.42   10.69   16.83   10.99   17.52   14.42   14.67   10.95   12.24   12.36   13.11   13.82    
13.97   10.18   18.64   12.79   12.07   11.56   11.47   18.37   18.15   18.22   10.11   14.37   11.18   16.41   13.13   14.72   11.36   14.37   16.9   12.76   9.72   16.86   9.97   16.04   18.28    
10.64   13.38   18.57   16.81   9.68   17.66   12.92   14.48   13.06   11.51   12.57   10.51   15   10.55   12.15   14.73   13.87   18.03   16.2   16.42   15.12   15.82   11.39   12.84   18.41    

Physical Properties by Parcel
5.3   5.4   5.3   5.5   5.3   5.2   5.5   5.3   5.5   5.5   5.5   5.4   5.6   5.6   5.5   5.6   5.6   5.3   5.2   5.3   5.2   5.4   5.5   5.3   5.3    
5.3   5.6   5.3   5.3   5.4   5.3   5.3   5.3   5.4   5.4   5.3   5.3   5.5   5.4   5.5   5.6   5.3   5.3   5.5   5.5   5.4   5.5   5.2   5.3   5.3    
5.5   5.6   5.6   5.3   5.3   5.3   5.5   5.4   5.5   5.4   5.3   5.4   5.4   5.2   5.3   5.4   5.4   5.5   5.2   5.2   5.5   5.2   5.4   5.5   5.4    
5.5   5.3   5.3   5.5   5.6   5.3   5.5   5.2   5.6   5.4   5.5   5.6   5.3   5.6   5.2   5.2   5.4   5.4   5.5   5.4   5.5   5.6   5.5   5.6   5.3    
5.5   5.6   5.3   5.6   5.3   5.5   5.5   5.6   5.4   5.5   5.4   5.5   5.5   5.3   5.5   5.3   5.3   5.6   5.3   5.5   5.3   5.3   5.4   5.3   5.6    
5.5   5.5   5.4   5.5   5.5   5.5   5.2   5.4   5.3   5.5   5.6   5.3   5.5   5.4   5.4   5.5   5.3   5.5   5.5   5.2   5.2   5.5   5.2   5.5   5.4    
5.4   5.4   5.3   5.5   5.2   5.3   5.5   5.5   5.3   5.4   5.4   5.5   5.4   5.6   5.2   5.3   5.3   5.6   5.2   5.5   5.4   5.3   5.5   5.4   5.2    

Ha by Parcels
7   5   6   7   6   5   5   

Cost of m3 in each parcel
1.91   1.89   2.05   1.85   2.06   1.92   2.05   