Instance: 31
width: 5
long: 5
Parcels: 7
Crops: 19
Water: 252000

Chemical Properties by Parcel
12.18   18.69   12.64   12.57   9.98   16.44   11.82   12.64   10.07   17.57   15.58   18.67   15.18   16.77   13.04   16   10.75   15.06   10.89   10.26   12.31   14.18   13.49   13.87   14.99    
16.63   18.12   17.53   18.44   13.14   15.72   11   17.82   14.33   16.54   15.91   10.58   15.74   11.74   16.07   18.67   13.6   17.78   10.5   18.23   14.06   12.2   14.79   17.68   17.42    
10.68   13.72   13.88   12.25   13.22   17   10.07   17.04   11.99   10.83   14.86   9.7   15.2   14.46   12.04   14.42   14.52   14.69   9.93   18.19   13.19   18.34   11.38   15.28   10.74    
17.64   17.38   11.73   17.89   12.97   16.03   18.67   17.97   16   17.62   11.4   13.08   12.94   18.61   17.09   17.84   17.35   15.3   17.8   18.39   9.97   11.4   9.78   12.88   17.38    
17.89   10.91   14.75   13.01   13.39   17.08   11.41   16.21   17.4   11.98   17.31   10.8   17.3   18.11   11.03   13.78   12.64   12.36   16.96   14.02   14.7   18.31   10.44   10.98   11.98    
10.39   10.64   16.22   18.55   12.93   13.7   13.62   18.03   14.47   11.43   15.66   10.3   17.51   10.54   14.15   11.39   17.68   11.01   12.04   13.06   10.77   12.45   13.3   13.02   10.99    
11.15   17.05   14.7   11.53   16.98   16.8   11.47   17.25   14.05   12.45   11.61   12.29   17.46   11.58   15.73   15.93   15.46   11.35   10.13   17.48   13.35   12.32   16.45   18.54   16.03    

Physical Properties by Parcel
5.5   5.5   5.4   5.3   5.5   5.4   5.2   5.2   5.4   5.3   5.4   5.2   5.3   5.4   5.4   5.5   5.4   5.5   5.4   5.2   5.4   5.5   5.3   5.2   5.3    
5.3   5.3   5.3   5.4   5.4   5.3   5.3   5.5   5.6   5.3   5.4   5.5   5.4   5.5   5.5   5.4   5.5   5.4   5.3   5.3   5.2   5.6   5.5   5.3   5.2    
5.5   5.2   5.3   5.3   5.4   5.4   5.4   5.5   5.2   5.2   5.3   5.4   5.5   5.3   5.6   5.4   5.4   5.3   5.4   5.4   5.5   5.5   5.4   5.4   5.2    
5.5   5.2   5.4   5.4   5.5   5.4   5.6   5.2   5.5   5.5   5.3   5.5   5.2   5.4   5.3   5.4   5.5   5.5   5.3   5.3   5.5   5.4   5.5   5.2   5.3    
5.4   5.4   5.3   5.5   5.3   5.6   5.2   5.4   5.4   5.2   5.3   5.6   5.4   5.5   5.6   5.4   5.5   5.4   5.3   5.6   5.6   5.2   5.3   5.2   5.2    
5.3   5.3   5.3   5.3   5.5   5.5   5.4   5.5   5.3   5.6   5.3   5.6   5.3   5.3   5.3   5.6   5.4   5.5   5.3   5.5   5.5   5.3   5.3   5.4   5.2    
5.4   5.3   5.2   5.5   5.6   5.4   5.3   5.5   5.3   5.3   5.4   5.4   5.3   5.3   5.2   5.4   5.5   5.3   5.3   5.3   5.3   5.3   5.3   5.4   5.3    

Ha by Parcels
6   6   7   7   5   5   6   

Cost of m3 in each parcel
2.02   2.02   1.82   1.97   1.84   2.09   2.04   