Instance: 32
width: 5
long: 5
Parcels: 7
Crops: 19
Water: 240000

Chemical Properties by Parcel
13.59   17.7   12.73   18.64   15.97   14.6   12.16   15.8   13.1   14.21   15.33   11.76   11.14   10   15.02   17.3   10.19   13.57   13.46   15.01   13.03   10.4   18.39   16.3   17.78    
11.54   13.02   9.79   17.51   13.37   11.41   14.38   15.89   11.38   12.89   16.54   10.07   10.92   15.65   15.47   12.13   10.49   11.12   12.4   9.82   17.79   17.7   9.63   15.08   13.49    
14.7   17.33   17.4   10.97   14.25   10.93   16.71   11.34   11.46   17.52   13.6   18.41   17.47   11.13   18.34   13.35   16.53   9.97   17.81   11.07   9.98   17.44   16.02   11.46   16.93    
16.58   13.56   14.58   14.62   13.76   11.19   11.06   13.93   15.51   18.28   18.69   15.77   10.82   13.89   16.71   14.77   18.7   14.34   18.18   13.28   16.69   14.77   17.78   14.18   17.22    
15.87   9.73   10.49   10.55   18.68   14.26   14.87   18.56   15.35   9.95   18.35   11.4   11.06   11.41   14.12   16.9   18.47   10.79   17.13   15.77   18.6   13.26   12.48   14.62   15.04    
11.87   17.55   13.74   14.53   11.65   9.82   9.77   10.11   12.5   10.45   9.76   15.88   16.62   17.93   11.97   10.32   14.1   12.49   14.86   16.84   14.94   14.83   13.81   13.49   10.44    
17.86   9.82   13.67   16.82   10.44   15.29   13.42   16.82   14.97   17.68   15.22   14.14   17.21   12.46   10.43   10.19   13.46   18.13   12.41   13.27   15.82   14.9   12.83   14.8   14.21    

Physical Properties by Parcel
5.4   5.4   5.4   5.4   5.4   5.3   5.4   5.6   5.4   5.5   5.2   5.2   5.4   5.4   5.5   5.4   5.4   5.3   5.5   5.4   5.4   5.4   5.4   5.4   5.4    
5.5   5.5   5.6   5.6   5.5   5.6   5.3   5.3   5.3   5.3   5.6   5.4   5.2   5.5   5.2   5.5   5.5   5.2   5.6   5.4   5.5   5.5   5.4   5.3   5.3    
5.2   5.4   5.5   5.4   5.6   5.4   5.4   5.2   5.4   5.6   5.3   5.5   5.4   5.5   5.3   5.3   5.3   5.3   5.5   5.5   5.3   5.2   5.6   5.6   5.3    
5.4   5.3   5.3   5.6   5.5   5.3   5.2   5.4   5.5   5.3   5.4   5.3   5.6   5.2   5.3   5.3   5.6   5.6   5.5   5.2   5.5   5.3   5.3   5.5   5.4    
5.4   5.5   5.3   5.3   5.3   5.4   5.5   5.3   5.2   5.4   5.6   5.5   5.3   5.5   5.5   5.3   5.5   5.3   5.3   5.5   5.2   5.2   5.5   5.2   5.4    
5.4   5.3   5.4   5.3   5.5   5.6   5.4   5.4   5.4   5.3   5.5   5.4   5.3   5.2   5.2   5.4   5.2   5.5   5.2   5.3   5.3   5.6   5.4   5.5   5.5    
5.5   5.4   5.4   5.5   5.5   5.4   5.4   5.6   5.2   5.3   5.5   5.3   5.3   5.6   5.3   5.3   5.3   5.6   5.5   5.2   5.3   5.3   5.3   5.3   5.5    

Ha by Parcels
5   7   7   5   6   5   5   

Cost of m3 in each parcel
2.15   2   1.89   1.96   2.02   2.05   2.18   