Instance: 35
width: 5
long: 5
Parcels: 7
Crops: 19
Water: 228000

Chemical Properties by Parcel
12.03   16.94   15.43   11.58   18.11   13   13.86   13.19   15.69   15.28   15.14   14.58   16.4   9.93   15.9   14.97   18.58   13.83   11.54   17.39   18.25   14.49   12.81   15.18   13.21    
17.16   18.54   10.23   13.02   11.35   11.58   15.52   9.75   12.91   15.69   15.53   11.42   14.22   13.34   11.06   16.16   10.04   16.23   15.35   12.16   15.89   10.28   9.81   10.25   15.81    
14.98   12.61   18.25   14.29   16.29   16.58   12.21   17.09   10.66   18.38   17.97   14.09   15.47   9.64   11.17   17.51   12.87   14.94   14.18   17.71   14.14   16.89   11.48   18.6   17.22    
11.62   11.96   16.6   10.13   15.69   14.93   9.87   16.96   10.27   15.56   11.6   12.24   16.23   15.53   15.07   12.12   15.22   15.81   15.69   17.35   16.97   15.08   15.63   17.38   10.49    
14.94   17.68   9.76   18.45   16.58   12.7   18.1   15.47   16.23   16.55   18.63   16.34   17.6   11.87   18.48   16.15   13.23   14.75   15.42   10.82   11.4   12.36   12.18   17.7   10.63    
16.59   12.97   10.16   15.78   11.29   12.12   10.61   13.93   11.55   11.27   15.63   11.89   17.27   15.82   11.89   13.85   14.12   10.2   12.53   17.37   16.88   9.79   10.68   16.28   15    
15.12   11.4   12.91   18.53   18.4   18.09   18.3   10.18   13.18   17.61   15.8   13.59   17.53   17.78   14.35   13.86   12.95   17.73   12.61   17.93   15.67   12.59   12.12   14.82   13.64    

Physical Properties by Parcel
5.6   5.4   5.3   5.4   5.2   5.3   5.4   5.5   5.2   5.2   5.5   5.4   5.3   5.4   5.4   5.4   5.6   5.3   5.5   5.5   5.2   5.5   5.2   5.4   5.3    
5.2   5.4   5.3   5.3   5.4   5.3   5.6   5.5   5.4   5.4   5.5   5.4   5.4   5.4   5.2   5.3   5.4   5.4   5.4   5.4   5.6   5.3   5.5   5.6   5.3    
5.4   5.2   5.5   5.4   5.5   5.4   5.5   5.3   5.6   5.5   5.3   5.4   5.5   5.4   5.5   5.2   5.5   5.3   5.5   5.5   5.3   5.4   5.6   5.2   5.5    
5.2   5.2   5.3   5.2   5.6   5.3   5.3   5.5   5.3   5.6   5.3   5.4   5.2   5.4   5.4   5.5   5.3   5.4   5.2   5.3   5.2   5.4   5.5   5.2   5.3    
5.3   5.6   5.2   5.3   5.6   5.3   5.3   5.4   5.5   5.3   5.2   5.5   5.5   5.4   5.4   5.6   5.5   5.3   5.3   5.6   5.3   5.6   5.6   5.5   5.2    
5.4   5.6   5.2   5.4   5.2   5.6   5.5   5.6   5.3   5.6   5.4   5.5   5.5   5.3   5.5   5.5   5.5   5.4   5.4   5.4   5.5   5.6   5.5   5.2   5.5    
5.4   5.4   5.4   5.3   5.3   5.4   5.5   5.4   5.3   5.4   5.3   5.3   5.3   5.3   5.4   5.4   5.4   5.4   5.5   5.3   5.2   5.3   5.6   5.5   5.5    

Ha by Parcels
7   5   5   5   5   5   6   

Cost of m3 in each parcel
1.9   1.82   1.88   1.95   1.93   2.03   2.13   