Instance: 38
width: 5
long: 5
Parcels: 7
Crops: 19
Water: 276000

Chemical Properties by Parcel
16.17   14.47   13.48   11.4   11.72   9.73   11.35   14.46   14.79   11.52   11.74   16.54   10.2   13.54   15.87   12.27   10.05   9.69   15.29   16.17   12.26   18.11   10.82   15.03   16.15    
13.5   12.84   15.89   14.35   18.36   14.46   10.3   17.47   15.86   12.71   18.22   15.18   15.14   12.64   18.35   17.42   11.94   13.92   14.41   13.55   18.32   12.8   11.48   16.22   12.77    
16.65   10.84   16.08   18.16   14.88   10.74   16.74   17.37   15.91   13.9   18.05   10.71   10   11.48   15.2   15.41   9.72   18.67   13.29   9.92   16.55   11.08   17.79   17.13   17.08    
16.84   17.77   9.76   10.2   15.39   18.45   11.93   11.57   17.28   15.24   16.41   15.81   17.42   14.94   10.23   12.43   13.71   15.24   16.75   18.33   12.94   14.59   11.69   11.36   11.55    
11.84   15.14   9.68   16.74   11.6   14.7   16.82   16.55   14.46   10.64   17.64   14.02   15.41   11.82   13.46   12.61   18.29   18.59   12.84   12.19   10.41   17.3   11.87   13.75   12.15    
17.24   10.53   12.14   9.93   12.64   13.43   11.02   10.97   9.68   15.03   12.16   10.24   15.2   18.09   10.08   15.64   12.85   13.1   17.97   15.5   17.81   14.23   14.36   11.06   15.51    
14.94   11.85   14   10.18   15.5   12.84   14.5   9.7   16.12   15.62   12.61   16.42   13.28   10.95   13.95   16.33   13.09   15.11   11.13   16.27   13.88   13.26   17.45   15.54   18.24    

Physical Properties by Parcel
5.4   5.3   5.5   5.3   5.5   5.4   5.6   5.3   5.3   5.4   5.4   5.4   5.3   5.6   5.3   5.3   5.4   5.6   5.5   5.6   5.5   5.3   5.5   5.4   5.5    
5.3   5.4   5.4   5.3   5.4   5.3   5.6   5.3   5.2   5.6   5.4   5.6   5.5   5.3   5.2   5.3   5.3   5.3   5.3   5.3   5.4   5.4   5.4   5.6   5.6    
5.3   5.5   5.3   5.4   5.6   5.5   5.2   5.5   5.4   5.5   5.3   5.5   5.4   5.4   5.5   5.6   5.3   5.3   5.6   5.3   5.5   5.4   5.5   5.4   5.4    
5.5   5.5   5.2   5.2   5.5   5.6   5.4   5.4   5.4   5.3   5.3   5.3   5.2   5.5   5.6   5.2   5.4   5.6   5.5   5.2   5.5   5.5   5.5   5.3   5.5    
5.3   5.2   5.3   5.3   5.3   5.3   5.3   5.3   5.2   5.5   5.3   5.2   5.5   5.4   5.3   5.5   5.4   5.3   5.4   5.3   5.4   5.4   5.4   5.2   5.6    
5.3   5.5   5.2   5.5   5.3   5.2   5.3   5.3   5.5   5.3   5.6   5.3   5.4   5.3   5.3   5.3   5.5   5.2   5.5   5.6   5.4   5.3   5.5   5.3   5.5    
5.4   5.4   5.5   5.4   5.2   5.3   5.5   5.4   5.4   5.4   5.5   5.4   5.6   5.4   5.5   5.5   5.2   5.3   5.3   5.6   5.3   5.4   5.3   5.6   5.3    

Ha by Parcels
7   7   6   7   6   6   7   

Cost of m3 in each parcel
1.8   2.06   1.93   2.18   2   1.95   1.84   