225
25
7
258000
[[0,0,0,0,0,0,0],
[0,0,0,0,0,0,0],
[0,0,0,0,0,0,0],
[0,0,0,0,0,0,0],
[0,0,0,0,0,0,0],
[2.1,3.05,18.48,4.71,20.1,2.78,8.65],
[7.37,3.65,0.08,0.64,2.21,3.1,0.03],
[0.2,6.85,1.46,0.02,8.2,10.08,0.01],
[3.95,4.68,12.1,0.05,7.64,0.19,9.86],
[3.69,6.69,11.56,2.41,10.43,1.96,5.44],
[4.24,3.66,0.8,0.36,9.77,5.06,0.03],
[2.17,3.91,6.24,0.07,5.29,5.92,6.74],
[2.85,4.75,10.72,1.67,9.74,4.58,3.94],
[6.19,3,4.36,0.24,6.58,3.97,5.31],
[4.94,4.58,9.11,1.35,7.7,4.31,5.56],
[0,0,0,0,0,0,0],
[0,0,0,0,0,0,0],
[0,0,0,0,0,0,0],
[0,0,0,0,0,0,0],
[0,0,0,0,0,0,0],
[1.38,19.53,15.4,0.1,0.9,6.27,22.65],
[0,5.12,16.76,1.11,3.43,15.46,0.98],
[0.1,5.58,10.95,9.37,5.54,3.08,0.24],
[5.48,5.06,0.28,1.57,12.3,8.32,10.58],
[0.92,9.77,10.73,0.58,4.06,7.92,12.61],
[0.07,3.57,9.44,4.84,3.08,16.95,0.49],
[3.22,3.55,8.66,4.74,6.39,4.23,6.15],
[0.86,9.22,8.94,3.43,3.03,11.55,9.41],
[2.31,3.4,7.24,3.32,5.31,11.38,5.63],
[1.96,7.01,8.22,2.71,5.65,8.68,8.98],
[0,0,0,0,0,0,0],
[0,0,0,0,0,0,0],
[0,0,0,0,0,0,0],
[0,0,0,0,0,0,0],
[0,0,0,0,0,0,0],
[1.25,0.17,1.41,9.59,23.32,1.14,15.68],
[4.71,2.21,2.04,0.13,2.76,0.95,0.63],
[17.41,0.56,2.33,0.82,0.79,0.41,21.19],
[0.08,13.26,0.53,25.78,0.04,3.7,10.49],
[5.59,1.17,1.17,7.23,12.04,0.7,12.96],
[8.71,1.1,1.46,0.85,3.36,0.49,12.11],
[10.87,7.4,1.17,14.67,0.67,1.92,11.18],
[6.49,0.79,1.25,7.19,8.1,0.53,12.44],
[7.38,7.35,0.99,10.04,3.13,1.98,8.17],
[5.75,6.12,0.94,10.14,6.17,1.5,9.88],
[0,0,0,0,0,0,0],
[0,0,0,0,0,0,0],
[0,0,0,0,0,0,0],
[0,0,0,0,0,0,0],
[0,0,0,0,0,0,0],
[2.65,3.3,2.16,11.96,4.44,5.22,6.81],
[5.12,14.47,1.96,0.01,1.34,0.4,1.36],
[1.71,0.14,12.75,10.72,19.28,12.5,2.58],
[10.76,0.81,3.95,13.52,1.05,0,1.5],
[7.63,7.24,1.38,8.26,2.23,2.78,3.42],
[2.58,10.69,6.47,6.89,17.15,10.08,3.87],
[11.18,0.86,6.4,8.13,10.55,8.42,1.41],
[5.36,7.48,5.81,7.59,11.44,6.96,3.42],
[7.5,10.05,4.32,5.77,14.05,10.11,2.61],
[6.99,8.37,4.41,7.53,10.73,7.58,2.57],
[0,0,0,0,0,0,0],
[0,0,0,0,0,0,0],
[0,0,0,0,0,0,0],
[0,0,0,0,0,0,0],
[0,0,0,0,0,0,0],
[0.06,29.57,3.84,7.96,2.12,0.31,6.34],
[3.05,28.28,7.72,4.68,0.33,5.58,2.18],
[2.98,1.1,2.9,6.23,0.19,2.35,0.3],
[22.78,0.01,9.46,2.33,0.43,13.31,6.3],
[1.79,19.29,11.33,4.36,1.08,3.05,3.2],
[6.03,15.87,3.93,3.67,0.51,2.87,2.2],
[11.68,0.81,11.74,3.17,0.6,6.71,3.48],
[5.14,13.09,7.88,4.89,0.77,2.04,2.38],
[8.64,11.05,8.02,2.62,0.98,7.74,2.83],
[6.7,9.89,8.36,3.67,0.91,6.54,3.36],
[0.82,8.45,2.83,17.76,1.45,0.19,6.59],
[12.45,10.63,1.71,2.98,22.45,13.94,26.35],
[0.66,8.45,6.27,12.8,1.96,3.84,15.74],
[2.49,7.03,0.16,0.13,0.79,0.29,19.16],
[7.57,6.59,13.01,1.92,0.02,3.65,4.06],
[4.44,7.55,12.79,7.48,12.88,4.83,11.53],
[5.6,9.26,5.85,5.27,8.16,6.71,14.14],
[1.05,9.29,5.55,5.72,5.46,5.42,11.68],
[3.37,7.78,5.84,1.05,6.83,3.15,7.74],
[3.68,7.29,8.93,7.24,9.39,4.07,10.07],
[4.06,8.08,4.27,4.22,8.43,8.91,12.32],
[2.17,7.38,5.99,3.82,5.07,4.08,7.83],
[3.25,7.23,8.42,5.67,7.89,6.93,9.97],
[4,7.37,5.11,3.3,6.94,6.93,9.38],
[3.43,6.75,8.01,4.62,7.49,5.94,8.22],
[1.81,0.3,0.74,9.81,28.43,2.06,1.31],
[1.96,18.36,18.06,0.08,0.2,25.06,3.78],
[0.59,0.29,1.62,0.17,0.41,0.01,0.03],
[13.83,13.31,12.7,12.65,6.81,1.02,27.6],
[1.2,5.02,11.33,7.68,0.5,0,1.53],
[2.13,8.89,7.52,4.58,12.05,9.38,14.37],
[1.64,6.32,7.74,0.42,2.26,9.81,1.28],
[7.28,4.97,5.3,5.05,2.76,1.3,12.03],
[5.72,6.44,8.27,9.22,4.72,4.19,9.71],
[2.86,5.59,5.06,3.83,7.64,6.3,10.93],
[4.77,6.65,7.21,3.06,2.73,8.09,8.65],
[6.73,4.63,6.06,7.77,2.93,2.52,8.1],
[4.31,6.53,5.52,4.55,6.45,6.27,11.95],
[5.21,5.99,7.03,5.74,3.65,6.31,7.25],
[4.45,6.55,5.89,5.85,6.09,5.19,9.55],
[0.3,8.69,4.03,18.73,3.92,0.45,0],
[0,26.86,2.98,4.96,24.57,16.19,1.73],
[0,0.01,2.88,7.33,4.56,5.85,10.72],
[8.49,0.07,0.12,0.12,9.9,0.22,0.08],
[0.42,18.24,0.83,1.13,5.35,5.92,5.25],
[1.36,12.18,3.51,7.92,10.73,5.79,7.77],
[3.28,9.86,3.29,4.11,9.75,7.37,4.17],
[7.84,0.24,5.33,5.39,6.86,4.93,10.02],
[4.47,7.36,1.55,13.19,5.33,2.64,5.09],
[5.31,7.66,2.98,6.22,7.45,4.77,7.93],
[5.08,6.62,3.8,4.95,9.24,6.6,7.97],
[9.18,4.43,3.37,9.38,5.22,4.15,7.31],
[5.28,6,3.95,6.37,8.51,4.78,7.63],
[6.56,7.5,2.84,7.41,7.46,5.63,6.45],
[5.73,6.8,3.18,7.85,7.52,4.43,6.66],
[9.25,3.51,0.2,20.29,10.22,2.53,0.24],
[2.74,28.96,0,3.15,14.8,0.02,0.16],
[5.54,13.99,17.76,0.07,10.63,3.48,0.01],
[7.68,9.42,1.13,1.1,0.49,10.26,1.3],
[27.9,14.91,4.62,1.22,0.97,0.17,5.88],
[4.58,13.01,2.03,7.88,10.45,2.2,4.51],
[2.81,14.7,6.24,1.94,8.97,2.66,1.22],
[5.94,8.14,6.88,5.94,7.58,5.25,1.21],
[12.23,8.28,6.19,5.28,0.51,5.74,4.72],
[4.13,10.61,6.05,5.65,8.4,2.34,2.71],
[4.25,10.76,4.84,4.24,9.8,5.28,2.61],
[9.15,8.26,7.32,4.52,5.3,6.11,2.84],
[4.51,9.21,6.13,5.93,8.53,4.13,2.64],
[7.03,10.04,5.33,3.68,8.39,7.67,2.92],
[6.61,9.26,5.68,5.17,7.66,6.4,3.09],
[0.94,4.76,3.35,9.58,15.64,1.92,7.23],
[6.31,10.01,9.47,2.36,16.5,13.54,13.44],
[1.25,4.78,3.13,7.67,2.17,2.69,10.08],
[6.97,7.11,9.53,9.38,3.52,0.51,15.84],
[7.85,11.58,8.13,3.84,0.42,2.49,2.07],
[2.95,6.25,8.43,6.41,12.88,6.19,10.49],
[4.62,6.4,5.62,4.04,7.74,6.59,9.41],
[4.52,5.95,5.66,7.08,3.52,3.35,11.46],
[5.93,7.52,7.39,6.15,4.36,3.04,7.81],
[3.72,5.24,6.07,6.45,8.9,4.64,9.53],
[4.82,6.24,6.03,5.03,6.33,6.36,10.75],
[5.06,6.71,5.6,6.56,3.33,3.06,7.74],
[4,5.56,6.66,6.4,7.46,5.35,10.02],
[5.01,6.7,5.93,5.37,5.5,5.14,8.2],
[4.28,6.13,6.4,6.06,6.65,4.57,8.26],
[1.9,7.08,4.34,9.99,14.53,1.03,0.85],
[1.35,15.34,9.14,2.94,15.04,14.07,5.38],
[0.42,0.24,4.44,5.74,2.4,3.75,7.52],
[7.66,8.27,9.37,7.71,5.67,0.51,19.42],
[1.56,9.13,6.06,3.91,4.99,3.87,2.63],
[2.32,11.23,5.5,5.2,12.04,6.96,11.05],
[2.02,7.63,5.54,3.58,7.35,7.98,5.28],
[5.01,3.51,5.74,5.46,5.51,4.05,12.96],
[5.59,6.98,6.87,8.4,5.75,3.27,8.92],
[3.83,7.23,4.57,4.74,8.24,5.45,9.81],
[3.66,6.9,6.13,4.34,7.22,8.43,10.43],
[7,4.54,5.41,7.07,4.87,3.68,8.91],
[4.21,6.76,5.25,4.99,8.11,6.34,11.04],
[5.37,6.68,5.68,5.69,6.28,6.84,8.49],
[4.91,6.63,5.09,5.94,7.13,5.54,9.08],
[5.25,11.82,3.43,13.02,13.64,2.7,0.17],
[1.78,18.62,1.94,2.77,13.53,10.44,0.91],
[3.62,9.07,8.99,5.42,5.48,3.21,6.97],
[5.4,6.88,0.59,1.04,5.46,5.98,0.71],
[16.59,11.1,4.94,2.34,5.72,4.72,3.72],
[3.4,13.26,3.57,6.72,10.98,5.47,5.94],
[2.64,11.68,4.38,3.52,7.61,5.73,3.38],
[7.07,6.69,4.6,5.56,5.41,4.14,6.11],
[9.01,7.66,4.45,8.4,4.49,4.49,5.01],
[4,10.61,4.76,5.58,8.26,4.29,5.85],
[4.91,9.04,3.51,4.28,6.99,5.82,5.57],
[8.75,7.09,5.04,6.74,4.92,4.3,5.47],
[4.78,9.07,4.66,6,7.88,4.73,5.51],
[6.79,8.81,4.02,5.44,6.32,5.89,4.88],
[6.22,8.8,4.54,6.26,7.29,5.1,5.26],
[1.28,5.93,7.18,13.03,11.12,1.37,6.07],
[4.23,12.5,6.54,2.65,15.75,10.89,9.36],
[1.18,3.32,3.55,6.71,2.22,3.24,8.84],
[5.11,5.56,10.44,8.57,3.8,0.34,13.25],
[7.88,9.56,5.43,2.61,4.29,3.22,3.66],
[2.58,8.49,6.99,6.8,11.77,5.41,9.13],
[4.15,8.28,4.41,4.02,7.73,6.17,7.85],
[3.82,4.33,6.01,6.61,5.29,4.5,10.61],
[5.97,6.58,6.8,6.68,5.47,2.5,7.92],
[4.09,6.91,5.46,6.2,8.25,4.34,8.49],
[4.16,6.8,5.71,4.96,8.03,7.06,9.79],
[5.73,5.37,5.31,6.25,4.84,3.75,7.82],
[4.02,6.2,6.09,6.37,8.12,5.58,9.21],
[5.18,6.94,5.3,5.14,6.85,5.88,7.91],
[4.66,6.42,5.67,6.13,7.18,5,7.9],
[3.74,12.82,5.05,10.21,13.44,1.91,0.57],
[1.57,15.85,6.14,2.03,10.27,9.77,4.22],
[2.41,6.25,6.49,6.27,3.7,2.54,7.33],
[7.25,7.58,6.31,5.14,3.92,5.54,13.26],
[11.09,7.64,5.38,3,7.13,4.61,2.61],
[2.89,12.29,4.81,5.41,10.16,5.66,8.9],
[1.97,9.49,6,3.59,6.1,6.54,5.24],
[5.83,5.93,5.49,5.36,4.68,4.15,10.23],
[7.87,6.53,6.44,6.4,5.33,4.39,7.3],
[3.19,9.55,5.42,5.15,7.56,4.73,8.17],
[4.16,8.12,5.67,3.99,5.83,7.32,8.74],
[7.22,5.86,6.15,5.81,4.95,3.93,7.23],
[4.13,8.54,5.46,5.16,7,5.78,8.96],
[5.72,7.49,5.84,4.72,5.71,6.65,6.98],
[5.25,7.97,5.51,5.36,6.65,5.64,7.51],
[2.86,9.73,8.54,11.03,10.48,1.67,4.75],
[4.47,12.56,5.02,2.17,12.75,8.86,7.05],
[2.08,9.27,6.1,6.07,3.83,2.57,7.48],
[5.52,5.95,8.3,6.55,2.98,4.4,10.08],
[10.97,9.52,5.76,2.26,7.08,3.61,3.02],
[3.43,9.95,6.32,6.28,10.71,4.83,7.89],
[3.56,9.73,5.36,3.72,7.37,5.47,6.62],
[4.57,6.94,6.43,5.93,4.89,4.37,8.66],
[7.37,6.94,6.42,5.64,5.51,3.62,6.87],
[3.67,9.11,5.93,5.77,8.09,4,7.36],
[4.28,8.05,5.84,4.43,7.14,6.55,8.21],
[6.17,7.18,6,5.37,5.26,3.94,6.7],
[3.99,8,6.12,5.9,7.49,5.3,7.84],
[5.5,7.94,5.59,4.48,6.76,5.97,6.74],
[4.99,7.93,5.88,5.48,7.13,5.21,6.88]]
[[0,0,0,0,0,0,0],
[0,0,0,0,0,0,0],
[0,0,0,0,0,0,0],
[0,0,0,0,0,0,0],
[0,0,0,0,0,0,0],
[0,0.01,0,0,0,0,0.02],
[0,0,0.02,0,0.04,0,0.02],
[0,0.02,0.01,0,0.02,0,0],
[0.02,0.02,0,0,0,0,0],
[0,0,0.01,0,0.03,0,0.01],
[0,0.01,0.01,0,0.02,0,0.01],
[0.01,0.01,0.01,0,0.01,0,0.01],
[0,0.01,0.01,0,0.02,0,0.01],
[0.01,0.01,0.01,0,0.02,0,0.01],
[0.01,0.01,0.01,0,0.02,0,0.01],
[0,0,0,0,0,0,0],
[0,0,0,0,0,0,0],
[0,0,0,0,0,0,0],
[0,0,0,0,0,0,0],
[0,0,0,0,0,0,0],
[0,0,0,0.02,0.02,0.04,0],
[0.02,0,0,0.02,0.02,0.01,0],
[0.02,0,0.02,0,0.01,0,0.01],
[0.02,0.01,0,0.01,0.01,0,0.04],
[0.01,0,0,0.01,0.01,0.02,0],
[0.01,0,0.01,0.01,0.01,0.01,0],
[0.01,0,0.01,0,0,0,0.02],
[0.01,0,0.02,0.01,0.01,0.02,0],
[0.01,0,0.01,0.01,0.01,0.01,0.02],
[0.01,0.01,0.02,0.01,0.01,0.01,0.01],
[0,0,0,0,0,0,0],
[0,0,0,0,0,0,0],
[0,0,0,0,0,0,0],
[0,0,0,0,0,0,0],
[0,0,0,0,0,0,0],
[0.02,0,0,0.02,0.01,0.02,0.01],
[0,0.01,0,0.08,0.02,0,0],
[0.02,0,0.04,0.02,0,0,0],
[0.01,0.08,0.08,0.02,0.02,0.02,0],
[0.02,0,0,0.04,0.02,0.01,0.01],
[0.01,0.01,0.03,0.04,0.01,0,0],
[0.02,0.04,0.04,0.01,0.02,0.01,0],
[0.02,0.01,0.03,0.03,0.02,0.02,0.01],
[0.02,0.03,0.03,0.04,0.02,0.01,0],
[0.02,0.02,0.03,0.03,0.02,0.01,0.01],
[0,0,0,0,0,0,0],
[0,0,0,0,0,0,0],
[0,0,0,0,0,0,0],
[0,0,0,0,0,0,0],
[0,0,0,0,0,0,0],
[0,0,0.04,0,0.04,0.04,0.04],
[0.02,0.02,0,0.02,0,0.02,0.04],
[0.02,0.01,0,0,0.02,0.02,0.02],
[0.04,0.04,0,0.01,0,0.08,0],
[0.01,0.01,0.02,0.02,0.03,0.02,0.03],
[0.01,0.01,0,0.01,0.01,0.01,0.02],
[0.02,0.02,0,0.01,0.01,0.04,0.01],
[0.01,0.01,0.02,0.02,0.02,0.02,0.02],
[0.02,0.03,0,0.01,0.01,0.04,0.02],
[0.02,0.02,0.01,0.01,0.02,0.03,0.02],
[0,0,0,0,0,0,0],
[0,0,0,0,0,0,0],
[0,0,0,0,0,0,0],
[0,0,0,0,0,0,0],
[0,0,0,0,0,0,0],
[0.01,0.04,0,0.01,0,0,0.02],
[0.01,0.08,0,0.02,0,0.01,0],
[0.01,0.04,0.04,0,0,0,0.04],
[0.01,0.02,0,0,0,0,0.04],
[0,0.04,0,0.02,0.01,0.01,0.01],
[0,0.04,0.02,0.01,0,0,0.03],
[0,0.02,0.03,0,0,0,0.03],
[0,0.03,0.02,0.02,0.01,0.01,0.02],
[0,0.03,0.02,0.01,0,0,0.02],
[0,0.03,0.02,0.01,0.01,0.01,0.02],
[0,0.02,0,0.02,0,0,0.02],
[0,0,0,0,0.04,0.02,0],
[0.01,0,0.02,0.02,0.02,0,0.02],
[0,0.02,0.01,0.01,0.01,0,0.02],
[0,0.01,0.02,0,0,0,0.02],
[0,0.01,0,0.01,0.02,0.02,0.01],
[0.01,0,0.01,0.01,0.02,0.01,0.01],
[0.01,0.01,0.01,0.01,0.01,0,0.02],
[0.02,0.01,0.01,0.01,0,0,0.02],
[0.01,0,0.01,0.01,0.02,0.01,0.01],
[0.01,0.01,0.01,0.01,0.01,0.01,0.01],
[0.01,0.01,0.01,0.01,0.01,0,0.01],
[0.01,0.01,0.01,0.01,0.01,0.01,0.01],
[0.01,0.01,0.01,0.01,0.01,0,0.01],
[0.01,0.01,0.01,0.01,0.01,0.01,0.01],
[0.02,0,0,0.01,0.01,0,0],
[0,0,0,0,0.02,0,0.01],
[0.04,0.01,0,0,0.02,0.01,0.02],
[0,0.02,0,0.01,0.02,0.04,0],
[0,0.04,0.04,0.02,0.01,0,0.08],
[0.01,0,0,0.02,0.01,0.02,0],
[0.02,0,0,0.03,0.03,0,0.01],
[0.02,0.01,0.02,0.01,0.02,0.02,0.01],
[0.01,0.03,0.03,0.01,0.01,0.02,0.03],
[0.02,0,0,0.02,0.02,0.02,0.01],
[0.01,0.01,0.02,0.02,0.02,0.01,0.01],
[0.02,0.02,0.02,0.01,0.01,0.01,0.02],
[0.01,0.01,0.02,0.02,0.02,0.02,0.01],
[0.01,0.01,0.02,0.02,0.02,0.01,0.02],
[0.01,0.01,0.02,0.02,0.01,0.01,0.01],
[0.02,0.01,0.08,0,0.04,0,0.01],
[0,0.02,0,0.02,0.01,0,0.04],
[0.04,0.01,0,0,0.04,0.01,0],
[0,0,0.02,0.01,0,0,0.02],
[0,0,0.02,0.02,0.02,0.02,0.04],
[0.01,0.01,0.03,0.01,0.02,0.02,0.02],
[0.02,0.01,0,0.04,0.02,0.01,0.03],
[0.02,0.01,0.02,0.01,0.02,0.01,0.02],
[0.02,0.04,0.03,0.01,0.01,0.04,0.02],
[0.02,0.01,0.02,0.03,0.02,0.01,0.02],
[0.01,0.01,0.01,0.02,0.01,0.01,0.02],
[0.02,0.03,0.02,0.01,0.02,0.02,0.02],
[0.01,0.01,0.02,0.02,0.02,0.02,0.02],
[0.02,0.02,0.01,0.02,0.01,0.02,0.02],
[0.02,0.02,0.02,0.02,0.02,0.02,0.02],
[0.02,0.02,0.04,0.02,0.02,0.04,0.02],
[0,0,0,0,0.02,0,0.04],
[0,0.02,0.02,0.08,0.04,0,0],
[0,0,0.01,0.02,0,0.02,0],
[0,0,0.01,0,0,0.02,0.02],
[0.01,0.02,0.02,0.01,0.02,0.02,0.02],
[0.01,0.04,0.01,0.03,0.02,0.01,0.02],
[0.01,0.02,0.02,0.03,0.02,0.01,0.02],
[0.02,0.02,0,0.01,0,0.03,0.02],
[0.01,0.03,0.02,0.02,0.02,0.01,0.02],
[0.01,0.02,0.01,0.02,0.02,0.01,0.02],
[0.01,0.02,0.01,0.02,0.01,0.02,0.02],
[0.01,0.02,0.02,0.02,0.02,0.01,0.02],
[0.01,0.03,0.01,0.02,0.01,0.02,0.02],
[0.01,0.02,0.01,0.01,0.01,0.02,0.02],
[0.01,0.01,0,0.01,0.01,0,0.01],
[0,0,0,0,0.02,0.01,0],
[0.02,0,0.01,0.02,0.04,0,0.04],
[0,0.01,0.01,0,0.01,0.02,0.01],
[0,0.02,0.02,0.02,0,0,0.04],
[0.01,0,0,0.01,0.01,0.02,0.01],
[0.01,0,0.01,0.02,0.03,0.01,0.02],
[0.01,0.01,0.01,0.01,0.02,0.01,0.02],
[0.01,0.02,0.02,0.01,0.01,0.01,0.02],
[0.01,0,0.01,0.02,0.02,0.01,0.02],
[0.01,0.01,0.01,0.02,0.02,0.01,0.01],
[0.01,0.02,0.02,0.01,0.01,0.01,0.02],
[0.01,0.01,0.02,0.01,0.02,0.01,0.01],
[0.01,0.01,0.01,0.02,0.01,0.01,0.02],
[0.01,0.01,0.02,0.01,0.01,0.01,0.02],
[0.01,0.01,0.05,0.01,0.02,0,0],
[0,0.01,0,0.01,0.01,0,0.02],
[0.03,0,0,0,0.02,0,0.01],
[0,0.01,0.01,0,0.01,0.03,0.01],
[0,0.03,0.02,0.01,0.01,0.01,0.04],
[0.01,0.01,0.02,0.01,0.02,0.02,0.01],
[0.02,0.01,0,0.03,0.02,0.01,0.02],
[0.01,0.01,0.01,0.01,0.01,0.01,0.01],
[0.01,0.03,0.02,0.01,0.01,0.03,0.02],
[0.01,0.01,0.01,0.02,0.02,0.02,0.01],
[0.01,0.01,0.01,0.02,0.02,0.01,0.02],
[0.02,0.02,0.02,0.01,0.01,0.02,0.02],
[0.01,0.01,0.02,0.02,0.02,0.02,0.01],
[0.02,0.02,0.01,0.02,0.01,0.02,0.02],
[0.01,0.01,0.02,0.01,0.01,0.02,0.02],
[0.01,0.01,0.04,0.01,0.02,0.03,0.01],
[0,0.01,0,0.01,0.01,0,0.03],
[0.03,0.02,0.01,0.05,0.03,0,0],
[0,0,0.01,0.01,0,0.01,0.02],
[0,0,0.02,0.02,0.01,0.01,0.02],
[0.01,0.01,0.02,0.01,0.01,0.02,0.02],
[0.01,0.02,0,0.03,0.02,0.01,0.02],
[0.01,0.02,0.02,0.03,0.01,0.01,0.02],
[0.01,0.03,0.02,0.01,0.01,0.02,0.02],
[0.01,0.02,0.01,0.02,0.02,0.01,0.02],
[0.01,0.02,0.02,0.02,0.01,0.01,0.02],
[0.02,0.02,0.02,0.02,0.01,0.02,0.02],
[0.01,0.02,0.02,0.02,0.02,0.01,0.02],
[0.01,0.03,0.02,0.02,0.01,0.01,0.02],
[0.01,0.02,0.02,0.02,0.01,0.02,0.02],
[0.01,0.01,0.04,0.01,0.02,0,0.02],
[0,0.01,0,0.01,0.02,0.02,0.02],
[0.02,0,0.01,0.02,0.03,0,0.03],
[0,0.01,0.01,0,0.01,0.02,0.01],
[0,0.02,0.02,0.02,0.01,0.01,0.03],
[0.01,0.01,0.02,0.01,0.02,0.02,0.01],
[0.01,0.01,0.01,0.02,0.02,0.01,0.02],
[0.01,0.01,0.01,0.01,0.02,0.01,0.02],
[0.01,0.02,0.02,0.01,0.01,0.02,0.02],
[0.01,0.01,0.01,0.02,0.02,0.01,0.02],
[0.01,0.01,0.01,0.02,0.02,0.01,0.02],
[0.02,0.02,0.01,0.01,0.01,0.01,0.02],
[0.01,0.01,0.02,0.01,0.02,0.02,0.02],
[0.01,0.01,0.01,0.01,0.01,0.01,0.02],
[0.01,0.01,0.02,0.01,0.01,0.01,0.02],
[0.01,0.01,0.04,0.01,0.02,0.03,0.01],
[0,0.01,0,0.01,0.02,0,0.02],
[0.02,0.02,0.01,0.04,0.02,0,0.01],
[0,0.01,0.01,0.01,0.02,0.02,0.02],
[0,0.02,0.02,0.02,0.01,0.01,0.03],
[0.01,0.01,0.02,0.01,0.02,0.02,0.01],
[0.01,0.02,0,0.03,0.02,0.01,0.01],
[0.01,0.01,0.02,0.02,0.02,0.01,0.02],
[0.01,0.02,0.01,0.01,0.01,0.02,0.02],
[0.01,0.01,0.01,0.02,0.02,0.02,0.01],
[0.01,0.01,0.01,0.02,0.02,0.01,0.02],
[0.01,0.02,0.02,0.02,0.01,0.01,0.02],
[0.01,0.01,0.02,0.02,0.02,0.02,0.01],
[0.01,0.02,0.01,0.02,0.02,0.01,0.02],
[0.01,0.02,0.02,0.02,0.01,0.02,0.02],
[0.01,0.01,0.03,0.01,0.01,0.02,0.01],
[0,0.01,0,0.01,0.02,0.01,0.02],
[0.02,0.01,0.01,0.03,0.03,0,0.02],
[0,0.01,0.01,0.01,0.01,0.02,0.02],
[0,0.02,0.02,0.02,0.01,0.01,0.03],
[0.01,0.01,0.01,0.01,0.01,0.02,0.01],
[0.01,0.01,0.01,0.02,0.02,0.01,0.02],
[0.01,0.01,0.01,0.02,0.02,0.01,0.02],
[0.01,0.02,0.01,0.01,0.01,0.01,0.02],
[0.01,0.01,0.01,0.02,0.02,0.01,0.02],
[0.01,0.01,0.01,0.02,0.02,0.01,0.02],
[0.01,0.02,0.01,0.02,0.02,0.01,0.02],
[0.01,0.01,0.02,0.01,0.02,0.01,0.02],
[0.01,0.02,0.01,0.02,0.02,0.01,0.02],
[0.01,0.02,0.01,0.01,0.01,0.01,0.02]]
[[0.24,0.28,0.2,0.28,0.28,0.2,0.24],
[0.24,0.28,0.2,0.28,0.28,0.2,0.24],
[0.24,0.28,0.2,0.28,0.28,0.2,0.24],
[0.24,0.28,0.2,0.28,0.28,0.2,0.24],
[0.24,0.28,0.2,0.28,0.28,0.2,0.24],
[0.48,0.56,0.4,0.56,0.56,0.4,0.48],
[0.48,0.56,0.4,0.56,0.56,0.4,0.48],
[0.48,0.56,0.4,0.56,0.56,0.4,0.48],
[0.48,0.56,0.4,0.56,0.56,0.4,0.48],
[0.72,0.84,0.6,0.84,0.84,0.6,0.72],
[0.72,0.84,0.6,0.84,0.84,0.6,0.72],
[0.72,0.84,0.6,0.84,0.84,0.6,0.72],
[0.96,1.12,0.8,1.12,1.12,0.8,0.96],
[0.96,1.12,0.8,1.12,1.12,0.8,0.96],
[1.2,1.4,1,1.4,1.4,1,1.2],
[0.24,0.28,0.2,0.28,0.28,0.2,0.24],
[0.24,0.28,0.2,0.28,0.28,0.2,0.24],
[0.24,0.28,0.2,0.28,0.28,0.2,0.24],
[0.24,0.28,0.2,0.28,0.28,0.2,0.24],
[0.24,0.28,0.2,0.28,0.28,0.2,0.24],
[0.48,0.56,0.4,0.56,0.56,0.4,0.48],
[0.48,0.56,0.4,0.56,0.56,0.4,0.48],
[0.48,0.56,0.4,0.56,0.56,0.4,0.48],
[0.48,0.56,0.4,0.56,0.56,0.4,0.48],
[0.72,0.84,0.6,0.84,0.84,0.6,0.72],
[0.72,0.84,0.6,0.84,0.84,0.6,0.72],
[0.72,0.84,0.6,0.84,0.84,0.6,0.72],
[0.96,1.12,0.8,1.12,1.12,0.8,0.96],
[0.96,1.12,0.8,1.12,1.12,0.8,0.96],
[1.2,1.4,1,1.4,1.4,1,1.2],
[0.24,0.28,0.2,0.28,0.28,0.2,0.24],
[0.24,0.28,0.2,0.28,0.28,0.2,0.24],
[0.24,0.28,0.2,0.28,0.28,0.2,0.24],
[0.24,0.28,0.2,0.28,0.28,0.2,0.24],
[0.24,0.28,0.2,0.28,0.28,0.2,0.24],
[0.48,0.56,0.4,0.56,0.56,0.4,0.48],
[0.48,0.56,0.4,0.56,0.56,0.4,0.48],
[0.48,0.56,0.4,0.56,0.56,0.4,0.48],
[0.48,0.56,0.4,0.56,0.56,0.4,0.48],
[0.72,0.84,0.6,0.84,0.84,0.6,0.72],
[0.72,0.84,0.6,0.84,0.84,0.6,0.72],
[0.72,0.84,0.6,0.84,0.84,0.6,0.72],
[0.96,1.12,0.8,1.12,1.12,0.8,0.96],
[0.96,1.12,0.8,1.12,1.12,0.8,0.96],
[1.2,1.4,1,1.4,1.4,1,1.2],
[0.24,0.28,0.2,0.28,0.28,0.2,0.24],
[0.24,0.28,0.2,0.28,0.28,0.2,0.24],
[0.24,0.28,0.2,0.28,0.28,0.2,0.24],
[0.24,0.28,0.2,0.28,0.28,0.2,0.24],
[0.24,0.28,0.2,0.28,0.28,0.2,0.24],
[0.48,0.56,0.4,0.56,0.56,0.4,0.48],
[0.48,0.56,0.4,0.56,0.56,0.4,0.48],
[0.48,0.56,0.4,0.56,0.56,0.4,0.48],
[0.48,0.56,0.4,0.56,0.56,0.4,0.48],
[0.72,0.84,0.6,0.84,0.84,0.6,0.72],
[0.72,0.84,0.6,0.84,0.84,0.6,0.72],
[0.72,0.84,0.6,0.84,0.84,0.6,0.72],
[0.96,1.12,0.8,1.12,1.12,0.8,0.96],
[0.96,1.12,0.8,1.12,1.12,0.8,0.96],
[1.2,1.4,1,1.4,1.4,1,1.2],
[0.24,0.28,0.2,0.28,0.28,0.2,0.24],
[0.24,0.28,0.2,0.28,0.28,0.2,0.24],
[0.24,0.28,0.2,0.28,0.28,0.2,0.24],
[0.24,0.28,0.2,0.28,0.28,0.2,0.24],
[0.24,0.28,0.2,0.28,0.28,0.2,0.24],
[0.48,0.56,0.4,0.56,0.56,0.4,0.48],
[0.48,0.56,0.4,0.56,0.56,0.4,0.48],
[0.48,0.56,0.4,0.56,0.56,0.4,0.48],
[0.48,0.56,0.4,0.56,0.56,0.4,0.48],
[0.72,0.84,0.6,0.84,0.84,0.6,0.72],
[0.72,0.84,0.6,0.84,0.84,0.6,0.72],
[0.72,0.84,0.6,0.84,0.84,0.6,0.72],
[0.96,1.12,0.8,1.12,1.12,0.8,0.96],
[0.96,1.12,0.8,1.12,1.12,0.8,0.96],
[1.2,1.4,1,1.4,1.4,1,1.2],
[0.48,0.56,0.4,0.56,0.56,0.4,0.48],
[0.48,0.56,0.4,0.56,0.56,0.4,0.48],
[0.48,0.56,0.4,0.56,0.56,0.4,0.48],
[0.48,0.56,0.4,0.56,0.56,0.4,0.48],
[0.48,0.56,0.4,0.56,0.56,0.4,0.48],
[0.96,1.12,0.8,1.12,1.12,0.8,0.96],
[0.96,1.12,0.8,1.12,1.12,0.8,0.96],
[0.96,1.12,0.8,1.12,1.12,0.8,0.96],
[0.96,1.12,0.8,1.12,1.12,0.8,0.96],
[1.44,1.68,1.2,1.68,1.68,1.2,1.44],
[1.44,1.68,1.2,1.68,1.68,1.2,1.44],
[1.44,1.68,1.2,1.68,1.68,1.2,1.44],
[1.92,2.24,1.6,2.24,2.24,1.6,1.92],
[1.92,2.24,1.6,2.24,2.24,1.6,1.92],
[2.4,2.8,2,2.8,2.8,2,2.4],
[0.48,0.56,0.4,0.56,0.56,0.4,0.48],
[0.48,0.56,0.4,0.56,0.56,0.4,0.48],
[0.48,0.56,0.4,0.56,0.56,0.4,0.48],
[0.48,0.56,0.4,0.56,0.56,0.4,0.48],
[0.48,0.56,0.4,0.56,0.56,0.4,0.48],
[0.96,1.12,0.8,1.12,1.12,0.8,0.96],
[0.96,1.12,0.8,1.12,1.12,0.8,0.96],
[0.96,1.12,0.8,1.12,1.12,0.8,0.96],
[0.96,1.12,0.8,1.12,1.12,0.8,0.96],
[1.44,1.68,1.2,1.68,1.68,1.2,1.44],
[1.44,1.68,1.2,1.68,1.68,1.2,1.44],
[1.44,1.68,1.2,1.68,1.68,1.2,1.44],
[1.92,2.24,1.6,2.24,2.24,1.6,1.92],
[1.92,2.24,1.6,2.24,2.24,1.6,1.92],
[2.4,2.8,2,2.8,2.8,2,2.4],
[0.48,0.56,0.4,0.56,0.56,0.4,0.48],
[0.48,0.56,0.4,0.56,0.56,0.4,0.48],
[0.48,0.56,0.4,0.56,0.56,0.4,0.48],
[0.48,0.56,0.4,0.56,0.56,0.4,0.48],
[0.48,0.56,0.4,0.56,0.56,0.4,0.48],
[0.96,1.12,0.8,1.12,1.12,0.8,0.96],
[0.96,1.12,0.8,1.12,1.12,0.8,0.96],
[0.96,1.12,0.8,1.12,1.12,0.8,0.96],
[0.96,1.12,0.8,1.12,1.12,0.8,0.96],
[1.44,1.68,1.2,1.68,1.68,1.2,1.44],
[1.44,1.68,1.2,1.68,1.68,1.2,1.44],
[1.44,1.68,1.2,1.68,1.68,1.2,1.44],
[1.92,2.24,1.6,2.24,2.24,1.6,1.92],
[1.92,2.24,1.6,2.24,2.24,1.6,1.92],
[2.4,2.8,2,2.8,2.8,2,2.4],
[0.48,0.56,0.4,0.56,0.56,0.4,0.48],
[0.48,0.56,0.4,0.56,0.56,0.4,0.48],
[0.48,0.56,0.4,0.56,0.56,0.4,0.48],
[0.48,0.56,0.4,0.56,0.56,0.4,0.48],
[0.48,0.56,0.4,0.56,0.56,0.4,0.48],
[0.96,1.12,0.8,1.12,1.12,0.8,0.96],
[0.96,1.12,0.8,1.12,1.12,0.8,0.96],
[0.96,1.12,0.8,1.12,1.12,0.8,0.96],
[0.96,1.12,0.8,1.12,1.12,0.8,0.96],
[1.44,1.68,1.2,1.68,1.68,1.2,1.44],
[1.44,1.68,1.2,1.68,1.68,1.2,1.44],
[1.44,1.68,1.2,1.68,1.68,1.2,1.44],
[1.92,2.24,1.6,2.24,2.24,1.6,1.92],
[1.92,2.24,1.6,2.24,2.24,1.6,1.92],
[2.4,2.8,2,2.8,2.8,2,2.4],
[0.72,0.84,0.6,0.84,0.84,0.6,0.72],
[0.72,0.84,0.6,0.84,0.84,0.6,0.72],
[0.72,0.84,0.6,0.84,0.84,0.6,0.72],
[0.72,0.84,0.6,0.84,0.84,0.6,0.72],
[0.72,0.84,0.6,0.84,0.84,0.6,0.72],
[1.44,1.68,1.2,1.68,1.68,1.2,1.44],
[1.44,1.68,1.2,1.68,1.68,1.2,1.44],
[1.44,1.68,1.2,1.68,1.68,1.2,1.44],
[1.44,1.68,1.2,1.68,1.68,1.2,1.44],
[2.16,2.52,1.8,2.52,2.52,1.8,2.16],
[2.16,2.52,1.8,2.52,2.52,1.8,2.16],
[2.16,2.52,1.8,2.52,2.52,1.8,2.16],
[2.88,3.36,2.4,3.36,3.36,2.4,2.88],
[2.88,3.36,2.4,3.36,3.36,2.4,2.88],
[3.6,4.2,3,4.2,4.2,3,3.6],
[0.72,0.84,0.6,0.84,0.84,0.6,0.72],
[0.72,0.84,0.6,0.84,0.84,0.6,0.72],
[0.72,0.84,0.6,0.84,0.84,0.6,0.72],
[0.72,0.84,0.6,0.84,0.84,0.6,0.72],
[0.72,0.84,0.6,0.84,0.84,0.6,0.72],
[1.44,1.68,1.2,1.68,1.68,1.2,1.44],
[1.44,1.68,1.2,1.68,1.68,1.2,1.44],
[1.44,1.68,1.2,1.68,1.68,1.2,1.44],
[1.44,1.68,1.2,1.68,1.68,1.2,1.44],
[2.16,2.52,1.8,2.52,2.52,1.8,2.16],
[2.16,2.52,1.8,2.52,2.52,1.8,2.16],
[2.16,2.52,1.8,2.52,2.52,1.8,2.16],
[2.88,3.36,2.4,3.36,3.36,2.4,2.88],
[2.88,3.36,2.4,3.36,3.36,2.4,2.88],
[3.6,4.2,3,4.2,4.2,3,3.6],
[0.72,0.84,0.6,0.84,0.84,0.6,0.72],
[0.72,0.84,0.6,0.84,0.84,0.6,0.72],
[0.72,0.84,0.6,0.84,0.84,0.6,0.72],
[0.72,0.84,0.6,0.84,0.84,0.6,0.72],
[0.72,0.84,0.6,0.84,0.84,0.6,0.72],
[1.44,1.68,1.2,1.68,1.68,1.2,1.44],
[1.44,1.68,1.2,1.68,1.68,1.2,1.44],
[1.44,1.68,1.2,1.68,1.68,1.2,1.44],
[1.44,1.68,1.2,1.68,1.68,1.2,1.44],
[2.16,2.52,1.8,2.52,2.52,1.8,2.16],
[2.16,2.52,1.8,2.52,2.52,1.8,2.16],
[2.16,2.52,1.8,2.52,2.52,1.8,2.16],
[2.88,3.36,2.4,3.36,3.36,2.4,2.88],
[2.88,3.36,2.4,3.36,3.36,2.4,2.88],
[3.6,4.2,3,4.2,4.2,3,3.6],
[0.96,1.12,0.8,1.12,1.12,0.8,0.96],
[0.96,1.12,0.8,1.12,1.12,0.8,0.96],
[0.96,1.12,0.8,1.12,1.12,0.8,0.96],
[0.96,1.12,0.8,1.12,1.12,0.8,0.96],
[0.96,1.12,0.8,1.12,1.12,0.8,0.96],
[1.92,2.24,1.6,2.24,2.24,1.6,1.92],
[1.92,2.24,1.6,2.24,2.24,1.6,1.92],
[1.92,2.24,1.6,2.24,2.24,1.6,1.92],
[1.92,2.24,1.6,2.24,2.24,1.6,1.92],
[2.88,3.36,2.4,3.36,3.36,2.4,2.88],
[2.88,3.36,2.4,3.36,3.36,2.4,2.88],
[2.88,3.36,2.4,3.36,3.36,2.4,2.88],
[3.84,4.48,3.2,4.48,4.48,3.2,3.84],
[3.84,4.48,3.2,4.48,4.48,3.2,3.84],
[4.8,5.6,4,5.6,5.6,4,4.8],
[0.96,1.12,0.8,1.12,1.12,0.8,0.96],
[0.96,1.12,0.8,1.12,1.12,0.8,0.96],
[0.96,1.12,0.8,1.12,1.12,0.8,0.96],
[0.96,1.12,0.8,1.12,1.12,0.8,0.96],
[0.96,1.12,0.8,1.12,1.12,0.8,0.96],
[1.92,2.24,1.6,2.24,2.24,1.6,1.92],
[1.92,2.24,1.6,2.24,2.24,1.6,1.92],
[1.92,2.24,1.6,2.24,2.24,1.6,1.92],
[1.92,2.24,1.6,2.24,2.24,1.6,1.92],
[2.88,3.36,2.4,3.36,3.36,2.4,2.88],
[2.88,3.36,2.4,3.36,3.36,2.4,2.88],
[2.88,3.36,2.4,3.36,3.36,2.4,2.88],
[3.84,4.48,3.2,4.48,4.48,3.2,3.84],
[3.84,4.48,3.2,4.48,4.48,3.2,3.84],
[4.8,5.6,4,5.6,5.6,4,4.8],
[1.2,1.4,1,1.4,1.4,1,1.2],
[1.2,1.4,1,1.4,1.4,1,1.2],
[1.2,1.4,1,1.4,1.4,1,1.2],
[1.2,1.4,1,1.4,1.4,1,1.2],
[1.2,1.4,1,1.4,1.4,1,1.2],
[2.4,2.8,2,2.8,2.8,2,2.4],
[2.4,2.8,2,2.8,2.8,2,2.4],
[2.4,2.8,2,2.8,2.8,2,2.4],
[2.4,2.8,2,2.8,2.8,2,2.4],
[3.6,4.2,3,4.2,4.2,3,3.6],
[3.6,4.2,3,4.2,4.2,3,3.6],
[3.6,4.2,3,4.2,4.2,3,3.6],
[4.8,5.6,4,5.6,5.6,4,4.8],
[4.8,5.6,4,5.6,5.6,4,4.8],
[6,7,5,7,7,5,6]]
[1,1,1,1,1,2,2,2,2,3,3,3,4,4,5,1,1,1,1,1,2,2,2,2,3,3,3,4,4,5,1,1,1,1,1,2,2,2,2,3,3,3,4,4,5,1,1,1,1,1,2,2,2,2,3,3,3,4,4,5,1,1,1,1,1,2,2,2,2,3,3,3,4,4,5,2,2,2,2,2,4,4,4,4,6,6,6,8,8,10,2,2,2,2,2,4,4,4,4,6,6,6,8,8,10,2,2,2,2,2,4,4,4,4,6,6,6,8,8,10,2,2,2,2,2,4,4,4,4,6,6,6,8,8,10,3,3,3,3,3,6,6,6,6,9,9,9,12,12,15,3,3,3,3,3,6,6,6,6,9,9,9,12,12,15,3,3,3,3,3,6,6,6,6,9,9,9,12,12,15,4,4,4,4,4,8,8,8,8,12,12,12,16,16,20,4,4,4,4,4,8,8,8,8,12,12,12,16,16,20,5,5,5,5,5,10,10,10,10,15,15,15,20,20,25] 
[4.99,7.93,5.88,5.48,7.13,5.21,6.88] 
[0.01,0.02,0.01,0.01,0.01,0.01,0.02] 
[6,7,5,7,7,5,6] 
[2.02,2.17,2.04,1.89,2.03,1.97,2.05]