Instance: 36
width: 5
long: 5
Parcels: 7
Crops: 19
Water: 246000

Chemical Properties by Parcel
17.57   12.8   15.44   10.07   15.7   11.49   15.04   17.39   14.02   12.51   17.24   15.52   16.8   14.98   16.11   11.48   17.14   15.11   14.5   13.14   14.8   16.52   11.19   13.41   17.96    
13.11   11.04   16.66   12.35   9.79   15.61   12.21   18.36   16.05   17.24   12.1   15.81   16.44   12.78   10.36   14.05   17.65   14.54   18.43   15.72   10.03   11.15   18.66   10.69   13.15    
17.7   14.59   15.99   16.83   10   11   18.09   11.51   16.17   15.06   13.34   14.85   13.86   10.15   11.24   10.27   17.04   16.42   11   12.07   10.63   13.65   14.77   16.69   15    
10.79   16.11   15.05   16.24   18.07   16.27   14.58   10.79   11.77   14.39   11.99   18.11   11.54   15.81   16.93   14.44   9.63   17.03   10.82   15.05   17.69   11.02   13.07   12.39   15.66    
16.64   12.31   15.37   12.69   16.57   16.82   18.52   10.02   15.54   12.86   17.41   18.2   15.15   16.69   18.41   16.38   10.24   10.21   12.7   11.12   13.53   12.76   15.63   18.37   9.63    
11.23   11.55   10.04   17.88   15.66   10.19   16.95   18.24   17.38   17.16   16.55   14.81   16.57   9.72   16.17   13.46   12.09   14.57   11.4   9.83   15.33   11.83   10.08   17.37   11.59    
15.64   14.88   12.31   15.86   10.3   15.72   12.16   11.42   13.21   13.15   12.78   14.97   15.94   12.55   12.18   17.08   10.93   16.75   16.14   12.37   14.92   10.2   12.75   12.12   12.83    

Physical Properties by Parcel
5.6   5.3   5.4   5.4   5.4   5.3   5.6   5.4   5.2   5.4   5.3   5.6   5.4   5.6   5.6   5.4   5.4   5.4   5.6   5.2   5.3   5.4   5.5   5.3   5.3    
5.5   5.4   5.4   5.5   5.4   5.5   5.4   5.5   5.3   5.4   5.2   5.4   5.5   5.5   5.5   5.3   5.3   5.6   5.5   5.5   5.4   5.6   5.5   5.3   5.4    
5.2   5.2   5.3   5.6   5.3   5.5   5.5   5.5   5.3   5.3   5.3   5.3   5.4   5.4   5.2   5.2   5.4   5.2   5.5   5.6   5.4   5.3   5.4   5.4   5.2    
5.4   5.5   5.4   5.2   5.2   5.4   5.3   5.4   5.2   5.5   5.2   5.3   5.3   5.6   5.6   5.3   5.3   5.4   5.6   5.3   5.4   5.5   5.4   5.6   5.4    
5.6   5.5   5.3   5.3   5.4   5.4   5.5   5.3   5.3   5.3   5.2   5.6   5.2   5.4   5.2   5.3   5.3   5.2   5.4   5.4   5.4   5.2   5.4   5.3   5.4    
5.3   5.5   5.4   5.3   5.4   5.5   5.5   5.4   5.6   5.4   5.6   5.4   5.5   5.5   5.4   5.3   5.3   5.5   5.6   5.4   5.3   5.4   5.4   5.4   5.4    
5.5   5.5   5.4   5.2   5.3   5.5   5.4   5.4   5.6   5.2   5.3   5.5   5.4   5.4   5.5   5.4   5.2   5.5   5.4   5.4   5.5   5.2   5.2   5.5   5.2    

Ha by Parcels
5   6   6   5   6   7   6   

Cost of m3 in each parcel
2.02   2.15   1.86   2.07   1.94   2.14   1.96   