225
25
7
252000
[[0,0,0,0,0,0,0],
[0,0,0,0,0,0,0],
[0,0,0,0,0,0,0],
[0,0,0,0,0,0,0],
[0,0,0,0,0,0,0],
[21.19,1.11,4.62,0.03,24.36,0.03,17.41],
[18.3,0.17,0.01,15.96,7.37,15.57,2.76],
[0,0.41,1.33,18.97,1.51,2.71,5.02],
[3.35,14.05,0.47,12.1,0.07,15.79,14.85],
[13.2,0.56,3.25,11.15,12.22,10.86,8.82],
[12.34,0.21,0.81,11.69,3.7,16.52,7.67],
[2.3,8.03,0.67,10.61,0.84,7.97,7.49],
[9.73,0.63,2.23,8.77,8.71,16.65,7.8],
[13.64,6.12,0.54,9.61,2.53,12.23,6.75],
[10.56,4.6,1.74,8.61,6.65,12.69,8.12],
[0,0,0,0,0,0,0],
[0,0,0,0,0,0,0],
[0,0,0,0,0,0,0],
[0,0,0,0,0,0,0],
[0,0,0,0,0,0,0],
[10.67,11.14,24.01,3.48,16.07,0,14.2],
[0.34,23.26,24.29,0.25,11.52,9.72,16.7],
[3.3,6.09,12.75,1.94,0.71,6.34,5.12],
[28.13,2.44,0.67,1.31,14.69,4.62,1.28],
[6.08,12.2,16.1,1.87,9.32,6.37,10.34],
[1.72,11.63,12.96,1.92,10.06,5.47,8.38],
[14.53,3.12,10.9,1.1,8.11,10.91,5.97],
[7.23,8.2,12.57,1.85,7.78,4.35,7.21],
[10.33,8.92,9.85,1.28,8.99,7.54,6.41],
[10.08,6.81,11.47,1.43,8.35,5.75,6.6],
[0,0,0,0,0,0,0],
[0,0,0,0,0,0,0],
[0,0,0,0,0,0,0],
[0,0,0,0,0,0,0],
[0,0,0,0,0,0,0],
[4.77,14.2,13.31,1.41,21.19,14.36,0.23],
[6.09,13.31,15.13,0.01,21.13,25.99,13.36],
[1.26,8,0.27,16.07,0.33,24.29,17.29],
[6.96,9.37,2.93,1.16,25.06,6.52,8.61],
[3.65,9.18,9.5,0.87,14.11,14.02,10.24],
[3.05,7.33,8.91,10.46,16.06,16.77,10.3],
[3.5,5.81,2.73,8.61,15.02,12.15,9.13],
[2.45,7.48,6.7,9.99,11.61,13.25,8.04],
[5.71,7.75,6.23,8.2,15.49,11.65,7.82],
[4.3,6.94,5.48,9.4,13.41,10.02,7.28],
[0,0,0,0,0,0,0],
[0,0,0,0,0,0,0],
[0,0,0,0,0,0,0],
[0,0,0,0,0,0,0],
[0,0,0,0,0,0,0],
[13.78,12.85,0,0.12,0.65,19.78,0.11],
[9.29,8.74,0.01,2.1,0.04,22.24,8.45],
[8.69,26.5,11.33,3.13,10.58,0.53,0.74],
[0.2,29.88,34.11,0.17,4.32,0.52,27.01],
[7.84,7.33,0.02,1.82,0.57,14.03,6.35],
[6,13.35,7.29,1.78,6.65,12.89,7.8],
[6.8,18.83,17.19,2.69,5.43,1.05,15.51],
[7.55,14.44,5.33,1.45,4.44,9.79,8.47],
[4.97,13.46,11.48,1.8,4.43,8.66,11.87],
[7.36,12.75,8.61,1.43,3.33,7.34,9.99],
[0,0,0,0,0,0,0],
[0,0,0,0,0,0,0],
[0,0,0,0,0,0,0],
[0,0,0,0,0,0,0],
[0,0,0,0,0,0,0],
[1.75,1.73,13.26,1.02,6.52,1.41,0.53],
[0.24,3.35,24.22,1.31,30.97,0.36,8.53],
[0.07,4.18,7.6,4.81,0.15,0.04,2.18],
[0.63,0.03,10.31,10.13,0.5,2.06,3.15],
[0.89,1.78,13.04,0.78,15.52,1.66,4.62],
[0.12,7.52,12.17,2.4,19.33,0.19,10.02],
[0.61,2.56,6.04,14.6,0.61,1.59,1.81],
[0.67,5.18,8.93,2.08,13.41,1.28,8.14],
[0.41,6.61,12.65,10.68,13.28,1.06,6.7],
[0.97,5.39,9.6,9.68,10.59,1.35,6.26],
[9.07,0.41,19.97,1.3,0.33,5.48,15.96],
[23.6,25.35,6.66,0.83,0.13,4.44,15.57],
[0,0.04,4.99,19.47,1.07,1.64,3.25],
[3.13,8.45,0.03,1.79,9.64,8.32,3.18],
[28.8,5.78,2.86,10.81,0.99,1.13,10.26],
[11.19,9.46,10.14,1.18,13.49,3.31,10.54],
[10.15,11.7,8.12,10.13,6.62,10.34,7.25],
[1.62,3.38,5.39,8.55,3.59,3.45,5.52],
[12.65,5.54,0.97,5.11,5.66,9.4,5.71],
[7.94,7.1,8.87,6.38,8.66,9.08,7.89],
[8.55,8.73,5.53,6.5,6.85,8.82,6.43],
[7.59,4.47,4.64,7.39,4.24,8.03,5.4],
[7.73,6.29,6.9,4.84,7.62,9.29,6.9],
[10.33,7.46,4.63,6.56,5.37,8.48,6.09],
[9.24,5.86,5.99,5.3,6.85,8.27,6.55],
[0.37,0.02,2.29,10.72,0.03,1.92,13.47],
[23.46,0.09,0.07,15.62,0.19,5.51,0.34],
[3.23,2.16,1.69,12.65,0.59,0.14,0.02],
[22.45,3.35,3.05,3.41,0.25,7.72,3.05],
[10.26,0.11,0.73,0.14,0.45,3.7,5.38],
[8.14,8.45,12.97,10.34,12.43,4.94,6.4],
[9.49,12.71,13.55,9.48,10.9,13.13,10.11],
[8.64,6.51,4.37,6.49,0.62,11.86,7.89],
[12.09,4.72,2.33,1.18,13.26,3.83,3.35],
[6.32,8.73,10.87,8.85,9.39,8.27,8.81],
[10.54,8.45,8.75,7.09,10.49,10.91,7.54],
[7.95,4.45,5.57,4.18,9.28,9.32,6.08],
[8.29,7.15,8.32,7.93,8.35,8.14,7.32],
[9.26,7.69,6.93,5.36,10.49,8.68,6.16],
[7.66,6.43,7.54,6.74,9.67,7.11,6.29],
[0.09,3.81,0.1,20.74,6.23,9.12,9.33],
[31.36,4.56,11.62,9.12,1.69,27.23,5.02],
[0.01,2.08,0.13,2.78,12.2,21.13,18.67],
[17.29,0.77,10.26,0.33,0.66,1.13,1.05],
[3.86,2.33,18.91,0.85,4.47,0.59,1.53],
[10.87,11.8,6.04,10.07,7.52,12.19,4.79],
[10.51,9.48,6.59,4.37,7.86,16.14,7.99],
[6.32,11.55,5.98,6.6,6.73,10.36,10.77],
[8.63,13.15,12.57,0.46,10.08,2.36,11.88],
[6.53,8.64,4.31,6.77,7.33,11.61,6.7],
[10.08,8.76,6.48,6.02,9.68,12.05,7.88],
[6.69,10.15,8.01,4.79,8.5,6.52,10.98],
[7.54,10.17,5.16,7.59,7.96,9.94,7.08],
[9.56,9.73,8.22,5.19,8.57,8.73,8.56],
[8.13,9.6,6.6,6.86,7.7,7.82,7.7],
[6.81,10.63,0.76,30.97,0.42,0.19,3.33],
[5.88,0.98,7.3,17.7,16.07,13.68,4.93],
[1.23,4.47,5.48,15.24,1.84,2.62,13.01],
[4.44,25.78,14.31,12.1,17.88,0.48,35.36],
[11.19,0.33,27.75,0.51,2.08,2.14,1.05],
[5.18,7.87,4.98,16.3,6.01,9.92,2.94],
[3.46,5.64,8.1,12.1,11.51,8.26,5.98],
[3.09,11.69,6.66,11.73,8.78,1.08,16.19],
[5.23,13.35,15.17,6.36,6.97,0.96,14.09],
[3.6,6.34,5.24,13.51,7.16,6.7,4.4],
[3.23,8.6,8.93,10.63,10.56,5.36,10.71],
[4.22,8.93,10.27,11.29,5.71,1.1,11.78],
[3.54,8.47,6.5,12.02,7.68,4.87,8.2],
[3.94,8.67,10.38,10.76,7.92,4.46,9.38],
[4.09,8.14,8.18,12.03,6.31,4.11,7.67],
[5.07,0.23,10.33,10.49,0.17,7.1,9.85],
[15.69,17.95,4.94,8.57,0.11,3.34,9.08],
[2.15,1.27,2.52,10.95,1.64,0.87,2.36],
[11.46,11.42,1.84,1.82,7.63,16.04,2.08],
[14.58,3.39,1.43,6.48,1.41,1.86,5.47],
[9.13,9.72,8.84,8.17,12.35,5.07,7.62],
[9.67,12.01,8.3,9.21,8.34,11.54,7.04],
[5.48,6.52,3.58,8.35,3.71,9.01,6.78],
[10.46,5.97,1.54,4.09,8.51,8.01,5.15],
[7.32,7.79,7.98,8.4,8.99,9.31,7.72],
[9.72,10.38,5.68,7.43,8.82,11.23,6.67],
[7.08,5.04,3.7,6.84,6.66,8.42,5.7],
[8.03,7.82,6.23,7.52,8.28,9.74,6.84],
[9.86,8.18,4.65,6.58,7.75,9.02,6.02],
[8.53,6.63,5.42,6.83,8.3,8.21,6.38],
[0.18,2.73,1.9,11.03,3.9,4.57,7.73],
[18.47,2.68,7.2,8.54,0.88,13.66,4.44],
[2.05,1.41,1.53,6.33,6.74,15.3,12.03],
[13.36,3.82,5.14,1.78,0.34,3.93,3.93],
[13.61,1.29,15.58,0.43,2.33,1.87,6.52],
[8.99,9.78,8.43,8.32,7.83,7.32,5.74],
[8.3,10.34,8.81,6.23,7.09,12.4,8.15],
[7.05,9.37,6.38,4.53,4.28,10.7,9.92],
[11.12,8.83,9.02,0.9,9.01,2.41,7.45],
[6.22,8.52,6.88,6.81,7.1,9.2,7.1],
[9.05,8.66,7.29,4.97,8.59,10.11,7.39],
[7.82,7.49,7.89,3.34,7.35,7.43,8.46],
[7.86,8.75,6.79,5.98,7.28,8.2,7.14],
[9.06,8.72,8.21,4.03,7.91,7.91,7.2],
[8.17,8.13,7.56,5.2,7.37,6.87,6.9],
[4.08,5.38,0.75,17.58,3.35,7.09,4.72],
[15.78,2.28,18.75,9.41,15.32,14.41,3.32],
[0.89,2.33,4.3,7.67,12.52,10.87,10.73],
[8.64,14.73,8.3,9.62,14.65,1.56,20.21],
[5.65,1.19,15.84,0.47,2.33,2.58,0.88],
[7.95,8.08,7.8,11.02,8.01,8.83,3.24],
[6.67,6.59,9.27,7.32,11.23,10.17,6.52],
[3.97,9.17,5.13,11.15,12.05,6.26,13.21],
[6.07,11.01,9.71,4.46,9.51,1.88,11.13],
[5.19,6.57,5.99,8.98,8.51,8.43,5.34],
[6.45,7.97,8.01,9.41,11.41,7.6,9.29],
[4.42,7.64,7.17,9.44,9.13,4.56,9.64],
[5.46,7.92,6,10.38,9.14,6.86,7.63],
[6.22,8.37,8.71,9.12,9.44,6.02,8.15],
[5.55,7.74,6.98,10.43,8.29,5.77,7.23],
[3.78,1.82,6.9,8.98,3.44,5.59,8.44],
[18.42,12,6.11,5.95,0.71,11.71,6.91],
[2.05,0.99,1.8,7.6,4.56,10.32,8.13],
[8.9,12.31,3.43,1.23,5.24,12.23,2.66],
[12.39,4.48,10.44,5.88,1.83,1.25,5.12],
[9.52,9.24,7.01,6.63,9.14,7.44,6.59],
[9.12,9.9,6.31,7.11,6.2,11.42,6.81],
[5.18,9.13,4.89,6.51,4.62,10.58,7.86],
[9.13,8.63,6.52,3.37,7.08,6.07,7.54],
[6.93,7.31,6,6.98,7.4,9.41,6.77],
[9.07,10.21,5.46,5.85,7.67,10.66,6.96],
[6.74,7.1,5.96,5.8,5.86,7.96,7.52],
[7.71,8.63,5.64,6.14,7.27,9.35,6.8],
[9.37,8.69,6.13,5.48,6.58,8.42,6.91],
[8.38,7.61,6.1,5.8,6.89,7.73,6.8],
[3.54,3.65,2.52,13.91,3.06,5.02,5.66],
[12.36,1.84,16.73,11.86,11.79,9.61,3.1],
[1.53,2.29,5.56,12.13,10.37,11.43,8.32],
[9.32,10.08,5.92,6.46,10.82,2.73,13.57],
[9.54,0.92,12.55,0.31,1.59,2.14,4.51],
[7.24,7.5,9.09,11.54,8.05,6.39,4.43],
[5.97,8.05,10.13,10.64,9.67,9.62,7.04],
[5.06,7.82,5.71,9.51,9.99,7.78,10.59],
[8.41,8.22,7.92,3.38,9.04,2.09,8.73],
[5.06,6.99,7.38,10.7,7.99,7.94,6.03],
[6.62,7.97,8.28,9.29,10.26,7.58,8.3],
[5.87,6.22,7.21,7.6,8.58,5.96,8.13],
[5.99,7.46,6.92,9.95,8.48,6.69,7.25],
[6.79,7.93,8.66,8.09,8.77,6.31,7.38],
[6.24,7.14,7.59,9.23,7.98,5.81,6.72],
[4.34,2.79,5.4,13.36,3.24,5.01,6.39],
[13.94,9.26,12.61,9.91,9.97,8.86,5.8],
[1.57,1.92,4.27,10.12,7.87,8.89,6.41],
[7.01,12.32,4.52,5.33,9.74,9.33,11.02],
[10.33,3.77,9.43,4.56,1.45,1.66,3.87],
[8.15,8.02,8.17,10.62,8.97,6.25,5.42],
[7.18,8.63,7.88,10.05,8.47,9.33,6.25],
[4.08,7.66,4.67,9.53,8.15,8.71,9.19],
[7.74,7.99,6.22,4.4,7.17,5.29,8.45],
[5.87,6.74,6.62,10.28,8.03,8.11,6],
[7.14,9.1,6.63,9.01,8.98,8.69,7.64],
[5.58,6.1,5.78,8.04,6.88,6.99,7.5],
[6.27,7.69,6.08,9.54,8.13,7.95,7],
[7.52,7.94,6.92,8.01,7.45,7.17,6.97],
[6.8,6.93,6.45,8.75,7.44,6.75,6.67]]
[[0,0,0,0,0,0,0],
[0,0,0,0,0,0,0],
[0,0,0,0,0,0,0],
[0,0,0,0,0,0,0],
[0,0,0,0,0,0,0],
[0,0,0.04,0.04,0,0,0.01],
[0,0,0,0.02,0.01,0,0],
[0.01,0.01,0,0,0.02,0,0.04],
[0.02,0,0.01,0,0.02,0.02,0],
[0,0,0.02,0.02,0,0,0.01],
[0.01,0,0,0.01,0.01,0,0.02],
[0.01,0,0,0,0.01,0.01,0.04],
[0.01,0,0.02,0.02,0.01,0,0.02],
[0.01,0,0.01,0.02,0.01,0.01,0.03],
[0.01,0,0.01,0.02,0.01,0.01,0.03],
[0,0,0,0,0,0,0],
[0,0,0,0,0,0,0],
[0,0,0,0,0,0,0],
[0,0,0,0,0,0,0],
[0,0,0,0,0,0,0],
[0.02,0,0,0.02,0.08,0,0.01],
[0,0.02,0,0.08,0.02,0,0.02],
[0.02,0,0.04,0.04,0,0.02,0.02],
[0.01,0.04,0,0,0.02,0.04,0],
[0.01,0.01,0,0.04,0.04,0,0.01],
[0.01,0.02,0.02,0.04,0.01,0.01,0.01],
[0.01,0.02,0.03,0.03,0.01,0.02,0.01],
[0.01,0.02,0.02,0.03,0.03,0.01,0.01],
[0.01,0.02,0.02,0.03,0.01,0.02,0.01],
[0.01,0.02,0.02,0.02,0.03,0.01,0.01],
[0,0,0,0,0,0,0],
[0,0,0,0,0,0,0],
[0,0,0,0,0,0,0],
[0,0,0,0,0,0,0],
[0,0,0,0,0,0,0],
[0.02,0,0.01,0.02,0.04,0.04,0],
[0,0,0,0.04,0.02,0.04,0.01],
[0.01,0,0.02,0.02,0,0,0],
[0,0,0.04,0.01,0,0,0],
[0.01,0,0.01,0.02,0.02,0.03,0],
[0.01,0,0.01,0.02,0.01,0.03,0],
[0,0,0.02,0.01,0.01,0,0],
[0.01,0,0.01,0.02,0.02,0.02,0],
[0.01,0,0.02,0.02,0.01,0.02,0.01],
[0.01,0,0.02,0.01,0.02,0.02,0.01],
[0,0,0,0,0,0,0],
[0,0,0,0,0,0,0],
[0,0,0,0,0,0,0],
[0,0,0,0,0,0,0],
[0,0,0,0,0,0,0],
[0,0,0,0,0,0.02,0],
[0,0,0.01,0,0,0,0.02],
[0,0.01,0.01,0.02,0.01,0.02,0],
[0.02,0,0,0,0.04,0.02,0],
[0,0,0,0,0,0.01,0.01],
[0,0.01,0,0.01,0.01,0.01,0.01],
[0.02,0,0,0.01,0.02,0.01,0],
[0,0.01,0,0.01,0.01,0.02,0.01],
[0.02,0.01,0,0.01,0.02,0.01,0.01],
[0.02,0.01,0,0.01,0.01,0.01,0.01],
[0,0,0,0,0,0,0],
[0,0,0,0,0,0,0],
[0,0,0,0,0,0,0],
[0,0,0,0,0,0,0],
[0,0,0,0,0,0,0],
[0,0.08,0,0,0.08,0.02,0],
[0.02,0,0,0,0,0,0],
[0,0.02,0,0.04,0,0.01,0.01],
[0,0,0.02,0,0,0.02,0.01],
[0.01,0.04,0,0,0.04,0.01,0],
[0.02,0.02,0,0.02,0,0,0],
[0,0.02,0.01,0.02,0,0.01,0],
[0.02,0.03,0,0.02,0.04,0.01,0],
[0.02,0.03,0.02,0.02,0,0.01,0],
[0.01,0.03,0.02,0.02,0.03,0.01,0],
[0,0,0,0,0.02,0.02,0],
[0.04,0,0.02,0.08,0.02,0.01,0],
[0.02,0.02,0.02,0.02,0.01,0.02,0.04],
[0.01,0.02,0,0,0,0,0.02],
[0.02,0.01,0.02,0,0,0,0.04],
[0.02,0,0.02,0.03,0.03,0.01,0],
[0.02,0.01,0.02,0.04,0.01,0.01,0.02],
[0.01,0.02,0.02,0.02,0.01,0.01,0.02],
[0.01,0.02,0.01,0,0.02,0.02,0.02],
[0.02,0.01,0.01,0.03,0.02,0.01,0.01],
[0.01,0.02,0.01,0.03,0.01,0.01,0.02],
[0.01,0.01,0.01,0.01,0.01,0.02,0.02],
[0.01,0.01,0.01,0.02,0.01,0.01,0.01],
[0.01,0.01,0.01,0.02,0.01,0.01,0.02],
[0.01,0.01,0.01,0.02,0.02,0.01,0.02],
[0,0.01,0.01,0.01,0.04,0.02,0],
[0,0.02,0,0,0.08,0.02,0.01],
[0,0,0,0,0,0.02,0.02],
[0,0,0,0,0,0,0],
[0.01,0.02,0.08,0.02,0.08,0.04,0],
[0.01,0.01,0,0.02,0.04,0.02,0],
[0,0.01,0,0.04,0.03,0.02,0.01],
[0.01,0.01,0.02,0.02,0,0.01,0.01],
[0,0.02,0.04,0.01,0.03,0.02,0],
[0.01,0.01,0.01,0.03,0.03,0.01,0.01],
[0.01,0.01,0.01,0.03,0.02,0.02,0.01],
[0.01,0.01,0.03,0.02,0.02,0.02,0.01],
[0.01,0.01,0.01,0.02,0.02,0.01,0.01],
[0.01,0.01,0.02,0.02,0.02,0.02,0.01],
[0.01,0.01,0.02,0.02,0.02,0.02,0.01],
[0,0,0.01,0.01,0.01,0.04,0],
[0.02,0,0,0,0,0.02,0],
[0.02,0,0.02,0.04,0,0.02,0],
[0,0.02,0.01,0.01,0.02,0,0],
[0.02,0.02,0.02,0,0,0.02,0],
[0.02,0,0,0.01,0.02,0.02,0],
[0.02,0,0.01,0.02,0.01,0.02,0.01],
[0.01,0.01,0.01,0.02,0.01,0.01,0],
[0.01,0.01,0.02,0,0.02,0.01,0],
[0.01,0,0.01,0.02,0.01,0.02,0.01],
[0.01,0.01,0.01,0.02,0.01,0.02,0.01],
[0.01,0.01,0.01,0.01,0.01,0.01,0],
[0.01,0.01,0.01,0.01,0.01,0.02,0.01],
[0.01,0.01,0.01,0.01,0.01,0.01,0.01],
[0.01,0.01,0.01,0.01,0.01,0.02,0.01],
[0,0.02,0,0,0.02,0,0.01],
[0,0,0,0,0.04,0.01,0.02],
[0.02,0,0.01,0,0.01,0.02,0],
[0.02,0,0,0,0,0.01,0.01],
[0,0,0.02,0,0.08,0.04,0],
[0,0.03,0,0,0.03,0.02,0.01],
[0.01,0.01,0.01,0,0.02,0.01,0.01],
[0.02,0.01,0,0.02,0.01,0.01,0],
[0.01,0,0.01,0,0.04,0.02,0],
[0.01,0.02,0.01,0,0.02,0.01,0.01],
[0.01,0.01,0,0.02,0.01,0.01,0.01],
[0.01,0.01,0.01,0.02,0.02,0.01,0],
[0.01,0.02,0,0.01,0.02,0.01,0.01],
[0.01,0.02,0.01,0.01,0.02,0.01,0.01],
[0.01,0.02,0.01,0.01,0.02,0.02,0],
[0,0,0.01,0.01,0.02,0.01,0],
[0.03,0.01,0.01,0.04,0.04,0.02,0],
[0.01,0.01,0.01,0.01,0,0.01,0.02],
[0,0.01,0,0,0,0,0.01],
[0.01,0.01,0.04,0.01,0.04,0.02,0.04],
[0.02,0.01,0.01,0.02,0.03,0.02,0],
[0.02,0.01,0.01,0.03,0.02,0.02,0.01],
[0.01,0.01,0.02,0.02,0.01,0.01,0.02],
[0.01,0.01,0.02,0.01,0.02,0.02,0.02],
[0.02,0.01,0.01,0.02,0.02,0.01,0.01],
[0.01,0.01,0.01,0.02,0.01,0.01,0.01],
[0.01,0.01,0.02,0.01,0.02,0.01,0.02],
[0.01,0.01,0.01,0.02,0.01,0.01,0.01],
[0.01,0.01,0.02,0.02,0.02,0.02,0.02],
[0.01,0.01,0.02,0.02,0.02,0.01,0.01],
[0,0,0,0,0.02,0.02,0],
[0.01,0.01,0,0,0.04,0.01,0.01],
[0.02,0,0.01,0.03,0,0.01,0.01],
[0,0.02,0.01,0.01,0.01,0,0],
[0.01,0.01,0.04,0.01,0.05,0.02,0],
[0.02,0.01,0,0.01,0.03,0.01,0],
[0.02,0.01,0.01,0.03,0.02,0.01,0.01],
[0.01,0.01,0.01,0.02,0,0.01,0.01],
[0.01,0.02,0.02,0.01,0.03,0.02,0],
[0.02,0.01,0.01,0.02,0.02,0.01,0.01],
[0.01,0.01,0.01,0.02,0.01,0.01,0.01],
[0.01,0.01,0.02,0.02,0.02,0.02,0.01],
[0.01,0.01,0.01,0.02,0.01,0.01,0.01],
[0.01,0.01,0.01,0.02,0.02,0.01,0.01],
[0.01,0.01,0.01,0.01,0.02,0.01,0.01],
[0,0.01,0.01,0.01,0.02,0.02,0],
[0.02,0,0,0,0.04,0.02,0.01],
[0.01,0,0.01,0.03,0,0.01,0],
[0.01,0.01,0,0.01,0.02,0,0],
[0.01,0.02,0.04,0,0.05,0.02,0],
[0.01,0.02,0.01,0.01,0.03,0.02,0.01],
[0.01,0.01,0.01,0.01,0.02,0.02,0.01],
[0.01,0.01,0.01,0.02,0.01,0.01,0],
[0.01,0.02,0.02,0,0.04,0.01,0],
[0.01,0.01,0.01,0.01,0.02,0.02,0.01],
[0.01,0.01,0.01,0.02,0.02,0.01,0.01],
[0.01,0.01,0.01,0.01,0.02,0.01,0],
[0.01,0.01,0.01,0.01,0.02,0.01,0],
[0.01,0.01,0.01,0.01,0.03,0.01,0.01],
[0.01,0.01,0.01,0.01,0.02,0.02,0.01],
[0,0,0.01,0.01,0.02,0.02,0],
[0.02,0.01,0.01,0.03,0.03,0.02,0.01],
[0.02,0.01,0.01,0.02,0,0.01,0.02],
[0,0.02,0.01,0.01,0.01,0,0.01],
[0.02,0.01,0.03,0.01,0.04,0.02,0.03],
[0.02,0.01,0.01,0.02,0.02,0.02,0],
[0.02,0.01,0.01,0.03,0.01,0.01,0.01],
[0.01,0.01,0.01,0.01,0.01,0.01,0.01],
[0.01,0.01,0.02,0.01,0.02,0.02,0.02],
[0.01,0.01,0.01,0.02,0.01,0.01,0.01],
[0.01,0.01,0.01,0.02,0.01,0.01,0.01],
[0.01,0.01,0.02,0.01,0.02,0.01,0.02],
[0.01,0.01,0.01,0.02,0.01,0.01,0.01],
[0.01,0.01,0.01,0.02,0.02,0.01,0.01],
[0.01,0.01,0.01,0.01,0.02,0.01,0.01],
[0,0.01,0.01,0.01,0.02,0.02,0],
[0.02,0.02,0,0.01,0.04,0.02,0.01],
[0.02,0,0.01,0.03,0,0.01,0.01],
[0.01,0.02,0.01,0.02,0.02,0,0],
[0.01,0.02,0.04,0.01,0.05,0.03,0],
[0.01,0.02,0,0.01,0.03,0.01,0.01],
[0.02,0.01,0.01,0.02,0.02,0.01,0.01],
[0.01,0.01,0.01,0.02,0.01,0.01,0.01],
[0.01,0.02,0.02,0.01,0.03,0.02,0],
[0.01,0.01,0.01,0.02,0.02,0.01,0.01],
[0.01,0.01,0.01,0.02,0.02,0.01,0.01],
[0.01,0.01,0.02,0.02,0.02,0.01,0.01],
[0.01,0.01,0.01,0.02,0.02,0.01,0.01],
[0.01,0.01,0.01,0.02,0.02,0.01,0.01],
[0.01,0.01,0.01,0.01,0.02,0.02,0.01],
[0,0.01,0.01,0.01,0.02,0.02,0],
[0.02,0.02,0.01,0.02,0.03,0.02,0.01],
[0.01,0.01,0.01,0.02,0,0.01,0.01],
[0.01,0.02,0.01,0.01,0.02,0,0.01],
[0.01,0.01,0.03,0.01,0.04,0.03,0.02],
[0.01,0.02,0.01,0.01,0.02,0.02,0],
[0.02,0.01,0.01,0.02,0.02,0.01,0.01],
[0.01,0.01,0.01,0.02,0.01,0.01,0.01],
[0.01,0.02,0.02,0.01,0.03,0.02,0.01],
[0.01,0.01,0.01,0.02,0.02,0.01,0.01],
[0.01,0.01,0.01,0.02,0.01,0.01,0.01],
[0.01,0.01,0.01,0.01,0.02,0.01,0.01],
[0.01,0.01,0.01,0.02,0.02,0.01,0.01],
[0.01,0.01,0.01,0.02,0.02,0.01,0.01],
[0.01,0.01,0.01,0.01,0.02,0.01,0.01]]
[[0.24,0.24,0.28,0.28,0.2,0.2,0.24],
[0.24,0.24,0.28,0.28,0.2,0.2,0.24],
[0.24,0.24,0.28,0.28,0.2,0.2,0.24],
[0.24,0.24,0.28,0.28,0.2,0.2,0.24],
[0.24,0.24,0.28,0.28,0.2,0.2,0.24],
[0.48,0.48,0.56,0.56,0.4,0.4,0.48],
[0.48,0.48,0.56,0.56,0.4,0.4,0.48],
[0.48,0.48,0.56,0.56,0.4,0.4,0.48],
[0.48,0.48,0.56,0.56,0.4,0.4,0.48],
[0.72,0.72,0.84,0.84,0.6,0.6,0.72],
[0.72,0.72,0.84,0.84,0.6,0.6,0.72],
[0.72,0.72,0.84,0.84,0.6,0.6,0.72],
[0.96,0.96,1.12,1.12,0.8,0.8,0.96],
[0.96,0.96,1.12,1.12,0.8,0.8,0.96],
[1.2,1.2,1.4,1.4,1,1,1.2],
[0.24,0.24,0.28,0.28,0.2,0.2,0.24],
[0.24,0.24,0.28,0.28,0.2,0.2,0.24],
[0.24,0.24,0.28,0.28,0.2,0.2,0.24],
[0.24,0.24,0.28,0.28,0.2,0.2,0.24],
[0.24,0.24,0.28,0.28,0.2,0.2,0.24],
[0.48,0.48,0.56,0.56,0.4,0.4,0.48],
[0.48,0.48,0.56,0.56,0.4,0.4,0.48],
[0.48,0.48,0.56,0.56,0.4,0.4,0.48],
[0.48,0.48,0.56,0.56,0.4,0.4,0.48],
[0.72,0.72,0.84,0.84,0.6,0.6,0.72],
[0.72,0.72,0.84,0.84,0.6,0.6,0.72],
[0.72,0.72,0.84,0.84,0.6,0.6,0.72],
[0.96,0.96,1.12,1.12,0.8,0.8,0.96],
[0.96,0.96,1.12,1.12,0.8,0.8,0.96],
[1.2,1.2,1.4,1.4,1,1,1.2],
[0.24,0.24,0.28,0.28,0.2,0.2,0.24],
[0.24,0.24,0.28,0.28,0.2,0.2,0.24],
[0.24,0.24,0.28,0.28,0.2,0.2,0.24],
[0.24,0.24,0.28,0.28,0.2,0.2,0.24],
[0.24,0.24,0.28,0.28,0.2,0.2,0.24],
[0.48,0.48,0.56,0.56,0.4,0.4,0.48],
[0.48,0.48,0.56,0.56,0.4,0.4,0.48],
[0.48,0.48,0.56,0.56,0.4,0.4,0.48],
[0.48,0.48,0.56,0.56,0.4,0.4,0.48],
[0.72,0.72,0.84,0.84,0.6,0.6,0.72],
[0.72,0.72,0.84,0.84,0.6,0.6,0.72],
[0.72,0.72,0.84,0.84,0.6,0.6,0.72],
[0.96,0.96,1.12,1.12,0.8,0.8,0.96],
[0.96,0.96,1.12,1.12,0.8,0.8,0.96],
[1.2,1.2,1.4,1.4,1,1,1.2],
[0.24,0.24,0.28,0.28,0.2,0.2,0.24],
[0.24,0.24,0.28,0.28,0.2,0.2,0.24],
[0.24,0.24,0.28,0.28,0.2,0.2,0.24],
[0.24,0.24,0.28,0.28,0.2,0.2,0.24],
[0.24,0.24,0.28,0.28,0.2,0.2,0.24],
[0.48,0.48,0.56,0.56,0.4,0.4,0.48],
[0.48,0.48,0.56,0.56,0.4,0.4,0.48],
[0.48,0.48,0.56,0.56,0.4,0.4,0.48],
[0.48,0.48,0.56,0.56,0.4,0.4,0.48],
[0.72,0.72,0.84,0.84,0.6,0.6,0.72],
[0.72,0.72,0.84,0.84,0.6,0.6,0.72],
[0.72,0.72,0.84,0.84,0.6,0.6,0.72],
[0.96,0.96,1.12,1.12,0.8,0.8,0.96],
[0.96,0.96,1.12,1.12,0.8,0.8,0.96],
[1.2,1.2,1.4,1.4,1,1,1.2],
[0.24,0.24,0.28,0.28,0.2,0.2,0.24],
[0.24,0.24,0.28,0.28,0.2,0.2,0.24],
[0.24,0.24,0.28,0.28,0.2,0.2,0.24],
[0.24,0.24,0.28,0.28,0.2,0.2,0.24],
[0.24,0.24,0.28,0.28,0.2,0.2,0.24],
[0.48,0.48,0.56,0.56,0.4,0.4,0.48],
[0.48,0.48,0.56,0.56,0.4,0.4,0.48],
[0.48,0.48,0.56,0.56,0.4,0.4,0.48],
[0.48,0.48,0.56,0.56,0.4,0.4,0.48],
[0.72,0.72,0.84,0.84,0.6,0.6,0.72],
[0.72,0.72,0.84,0.84,0.6,0.6,0.72],
[0.72,0.72,0.84,0.84,0.6,0.6,0.72],
[0.96,0.96,1.12,1.12,0.8,0.8,0.96],
[0.96,0.96,1.12,1.12,0.8,0.8,0.96],
[1.2,1.2,1.4,1.4,1,1,1.2],
[0.48,0.48,0.56,0.56,0.4,0.4,0.48],
[0.48,0.48,0.56,0.56,0.4,0.4,0.48],
[0.48,0.48,0.56,0.56,0.4,0.4,0.48],
[0.48,0.48,0.56,0.56,0.4,0.4,0.48],
[0.48,0.48,0.56,0.56,0.4,0.4,0.48],
[0.96,0.96,1.12,1.12,0.8,0.8,0.96],
[0.96,0.96,1.12,1.12,0.8,0.8,0.96],
[0.96,0.96,1.12,1.12,0.8,0.8,0.96],
[0.96,0.96,1.12,1.12,0.8,0.8,0.96],
[1.44,1.44,1.68,1.68,1.2,1.2,1.44],
[1.44,1.44,1.68,1.68,1.2,1.2,1.44],
[1.44,1.44,1.68,1.68,1.2,1.2,1.44],
[1.92,1.92,2.24,2.24,1.6,1.6,1.92],
[1.92,1.92,2.24,2.24,1.6,1.6,1.92],
[2.4,2.4,2.8,2.8,2,2,2.4],
[0.48,0.48,0.56,0.56,0.4,0.4,0.48],
[0.48,0.48,0.56,0.56,0.4,0.4,0.48],
[0.48,0.48,0.56,0.56,0.4,0.4,0.48],
[0.48,0.48,0.56,0.56,0.4,0.4,0.48],
[0.48,0.48,0.56,0.56,0.4,0.4,0.48],
[0.96,0.96,1.12,1.12,0.8,0.8,0.96],
[0.96,0.96,1.12,1.12,0.8,0.8,0.96],
[0.96,0.96,1.12,1.12,0.8,0.8,0.96],
[0.96,0.96,1.12,1.12,0.8,0.8,0.96],
[1.44,1.44,1.68,1.68,1.2,1.2,1.44],
[1.44,1.44,1.68,1.68,1.2,1.2,1.44],
[1.44,1.44,1.68,1.68,1.2,1.2,1.44],
[1.92,1.92,2.24,2.24,1.6,1.6,1.92],
[1.92,1.92,2.24,2.24,1.6,1.6,1.92],
[2.4,2.4,2.8,2.8,2,2,2.4],
[0.48,0.48,0.56,0.56,0.4,0.4,0.48],
[0.48,0.48,0.56,0.56,0.4,0.4,0.48],
[0.48,0.48,0.56,0.56,0.4,0.4,0.48],
[0.48,0.48,0.56,0.56,0.4,0.4,0.48],
[0.48,0.48,0.56,0.56,0.4,0.4,0.48],
[0.96,0.96,1.12,1.12,0.8,0.8,0.96],
[0.96,0.96,1.12,1.12,0.8,0.8,0.96],
[0.96,0.96,1.12,1.12,0.8,0.8,0.96],
[0.96,0.96,1.12,1.12,0.8,0.8,0.96],
[1.44,1.44,1.68,1.68,1.2,1.2,1.44],
[1.44,1.44,1.68,1.68,1.2,1.2,1.44],
[1.44,1.44,1.68,1.68,1.2,1.2,1.44],
[1.92,1.92,2.24,2.24,1.6,1.6,1.92],
[1.92,1.92,2.24,2.24,1.6,1.6,1.92],
[2.4,2.4,2.8,2.8,2,2,2.4],
[0.48,0.48,0.56,0.56,0.4,0.4,0.48],
[0.48,0.48,0.56,0.56,0.4,0.4,0.48],
[0.48,0.48,0.56,0.56,0.4,0.4,0.48],
[0.48,0.48,0.56,0.56,0.4,0.4,0.48],
[0.48,0.48,0.56,0.56,0.4,0.4,0.48],
[0.96,0.96,1.12,1.12,0.8,0.8,0.96],
[0.96,0.96,1.12,1.12,0.8,0.8,0.96],
[0.96,0.96,1.12,1.12,0.8,0.8,0.96],
[0.96,0.96,1.12,1.12,0.8,0.8,0.96],
[1.44,1.44,1.68,1.68,1.2,1.2,1.44],
[1.44,1.44,1.68,1.68,1.2,1.2,1.44],
[1.44,1.44,1.68,1.68,1.2,1.2,1.44],
[1.92,1.92,2.24,2.24,1.6,1.6,1.92],
[1.92,1.92,2.24,2.24,1.6,1.6,1.92],
[2.4,2.4,2.8,2.8,2,2,2.4],
[0.72,0.72,0.84,0.84,0.6,0.6,0.72],
[0.72,0.72,0.84,0.84,0.6,0.6,0.72],
[0.72,0.72,0.84,0.84,0.6,0.6,0.72],
[0.72,0.72,0.84,0.84,0.6,0.6,0.72],
[0.72,0.72,0.84,0.84,0.6,0.6,0.72],
[1.44,1.44,1.68,1.68,1.2,1.2,1.44],
[1.44,1.44,1.68,1.68,1.2,1.2,1.44],
[1.44,1.44,1.68,1.68,1.2,1.2,1.44],
[1.44,1.44,1.68,1.68,1.2,1.2,1.44],
[2.16,2.16,2.52,2.52,1.8,1.8,2.16],
[2.16,2.16,2.52,2.52,1.8,1.8,2.16],
[2.16,2.16,2.52,2.52,1.8,1.8,2.16],
[2.88,2.88,3.36,3.36,2.4,2.4,2.88],
[2.88,2.88,3.36,3.36,2.4,2.4,2.88],
[3.6,3.6,4.2,4.2,3,3,3.6],
[0.72,0.72,0.84,0.84,0.6,0.6,0.72],
[0.72,0.72,0.84,0.84,0.6,0.6,0.72],
[0.72,0.72,0.84,0.84,0.6,0.6,0.72],
[0.72,0.72,0.84,0.84,0.6,0.6,0.72],
[0.72,0.72,0.84,0.84,0.6,0.6,0.72],
[1.44,1.44,1.68,1.68,1.2,1.2,1.44],
[1.44,1.44,1.68,1.68,1.2,1.2,1.44],
[1.44,1.44,1.68,1.68,1.2,1.2,1.44],
[1.44,1.44,1.68,1.68,1.2,1.2,1.44],
[2.16,2.16,2.52,2.52,1.8,1.8,2.16],
[2.16,2.16,2.52,2.52,1.8,1.8,2.16],
[2.16,2.16,2.52,2.52,1.8,1.8,2.16],
[2.88,2.88,3.36,3.36,2.4,2.4,2.88],
[2.88,2.88,3.36,3.36,2.4,2.4,2.88],
[3.6,3.6,4.2,4.2,3,3,3.6],
[0.72,0.72,0.84,0.84,0.6,0.6,0.72],
[0.72,0.72,0.84,0.84,0.6,0.6,0.72],
[0.72,0.72,0.84,0.84,0.6,0.6,0.72],
[0.72,0.72,0.84,0.84,0.6,0.6,0.72],
[0.72,0.72,0.84,0.84,0.6,0.6,0.72],
[1.44,1.44,1.68,1.68,1.2,1.2,1.44],
[1.44,1.44,1.68,1.68,1.2,1.2,1.44],
[1.44,1.44,1.68,1.68,1.2,1.2,1.44],
[1.44,1.44,1.68,1.68,1.2,1.2,1.44],
[2.16,2.16,2.52,2.52,1.8,1.8,2.16],
[2.16,2.16,2.52,2.52,1.8,1.8,2.16],
[2.16,2.16,2.52,2.52,1.8,1.8,2.16],
[2.88,2.88,3.36,3.36,2.4,2.4,2.88],
[2.88,2.88,3.36,3.36,2.4,2.4,2.88],
[3.6,3.6,4.2,4.2,3,3,3.6],
[0.96,0.96,1.12,1.12,0.8,0.8,0.96],
[0.96,0.96,1.12,1.12,0.8,0.8,0.96],
[0.96,0.96,1.12,1.12,0.8,0.8,0.96],
[0.96,0.96,1.12,1.12,0.8,0.8,0.96],
[0.96,0.96,1.12,1.12,0.8,0.8,0.96],
[1.92,1.92,2.24,2.24,1.6,1.6,1.92],
[1.92,1.92,2.24,2.24,1.6,1.6,1.92],
[1.92,1.92,2.24,2.24,1.6,1.6,1.92],
[1.92,1.92,2.24,2.24,1.6,1.6,1.92],
[2.88,2.88,3.36,3.36,2.4,2.4,2.88],
[2.88,2.88,3.36,3.36,2.4,2.4,2.88],
[2.88,2.88,3.36,3.36,2.4,2.4,2.88],
[3.84,3.84,4.48,4.48,3.2,3.2,3.84],
[3.84,3.84,4.48,4.48,3.2,3.2,3.84],
[4.8,4.8,5.6,5.6,4,4,4.8],
[0.96,0.96,1.12,1.12,0.8,0.8,0.96],
[0.96,0.96,1.12,1.12,0.8,0.8,0.96],
[0.96,0.96,1.12,1.12,0.8,0.8,0.96],
[0.96,0.96,1.12,1.12,0.8,0.8,0.96],
[0.96,0.96,1.12,1.12,0.8,0.8,0.96],
[1.92,1.92,2.24,2.24,1.6,1.6,1.92],
[1.92,1.92,2.24,2.24,1.6,1.6,1.92],
[1.92,1.92,2.24,2.24,1.6,1.6,1.92],
[1.92,1.92,2.24,2.24,1.6,1.6,1.92],
[2.88,2.88,3.36,3.36,2.4,2.4,2.88],
[2.88,2.88,3.36,3.36,2.4,2.4,2.88],
[2.88,2.88,3.36,3.36,2.4,2.4,2.88],
[3.84,3.84,4.48,4.48,3.2,3.2,3.84],
[3.84,3.84,4.48,4.48,3.2,3.2,3.84],
[4.8,4.8,5.6,5.6,4,4,4.8],
[1.2,1.2,1.4,1.4,1,1,1.2],
[1.2,1.2,1.4,1.4,1,1,1.2],
[1.2,1.2,1.4,1.4,1,1,1.2],
[1.2,1.2,1.4,1.4,1,1,1.2],
[1.2,1.2,1.4,1.4,1,1,1.2],
[2.4,2.4,2.8,2.8,2,2,2.4],
[2.4,2.4,2.8,2.8,2,2,2.4],
[2.4,2.4,2.8,2.8,2,2,2.4],
[2.4,2.4,2.8,2.8,2,2,2.4],
[3.6,3.6,4.2,4.2,3,3,3.6],
[3.6,3.6,4.2,4.2,3,3,3.6],
[3.6,3.6,4.2,4.2,3,3,3.6],
[4.8,4.8,5.6,5.6,4,4,4.8],
[4.8,4.8,5.6,5.6,4,4,4.8],
[6,6,7,7,5,5,6]]
[1,1,1,1,1,2,2,2,2,3,3,3,4,4,5,1,1,1,1,1,2,2,2,2,3,3,3,4,4,5,1,1,1,1,1,2,2,2,2,3,3,3,4,4,5,1,1,1,1,1,2,2,2,2,3,3,3,4,4,5,1,1,1,1,1,2,2,2,2,3,3,3,4,4,5,2,2,2,2,2,4,4,4,4,6,6,6,8,8,10,2,2,2,2,2,4,4,4,4,6,6,6,8,8,10,2,2,2,2,2,4,4,4,4,6,6,6,8,8,10,2,2,2,2,2,4,4,4,4,6,6,6,8,8,10,3,3,3,3,3,6,6,6,6,9,9,9,12,12,15,3,3,3,3,3,6,6,6,6,9,9,9,12,12,15,3,3,3,3,3,6,6,6,6,9,9,9,12,12,15,4,4,4,4,4,8,8,8,8,12,12,12,16,16,20,4,4,4,4,4,8,8,8,8,12,12,12,16,16,20,5,5,5,5,5,10,10,10,10,15,15,15,20,20,25] 
[6.8,6.93,6.45,8.75,7.44,6.75,6.67] 
[0.01,0.01,0.01,0.01,0.02,0.01,0.01] 
[6,6,7,7,5,5,6] 
[2.02,2.02,1.82,1.97,1.84,2.09,2.04]