225
25
7
258000
[[0,0,0,0,0,0,0],
[0,0,0,0,0,0,0],
[0,0,0,0,0,0,0],
[0,0,0,0,0,0,0],
[0,0,0,0,0,0,0],
[7.41,0.68,0.01,26.86,0.76,9.64,0.73],
[17.41,0.65,0.23,4.32,0.32,16.19,3.86],
[17.35,0.44,4.18,0,1.43,2.08,3.81],
[22.18,0.14,6.34,0,16.65,1.04,5.92],
[8.97,1.33,0.2,13.61,1.05,8.89,1.94],
[11.58,0.37,3.59,2.91,0.71,8.31,7.67],
[13.27,0.22,3.58,0,8.8,1.1,3.32],
[8.61,0.9,3.02,9.12,0.84,5.95,5.73],
[13.24,0.27,2.89,2.23,6.5,6.52,5.23],
[10.03,0.77,2.47,6.86,6.06,5.01,4.31],
[0,0,0,0,0,0,0],
[0,0,0,0,0,0,0],
[0,0,0,0,0,0,0],
[0,0,0,0,0,0,0],
[0,0,0,0,0,0,0],
[4.99,0.97,16.59,3.05,9.12,0.02,1.88],
[0.04,1.26,2.21,4.93,0.01,8.78,1.01],
[2.58,2.25,0.59,4.03,9.12,7.37,1.73],
[20.8,10.86,2.21,25.85,30.42,3.81,6.16],
[3.06,0.75,8.5,2.73,5.94,6.18,1.01],
[1.96,1.22,2.63,8.95,6.22,5.4,0.94],
[10.7,5.44,1.1,13.11,15.26,10.99,3.08],
[2.53,1.08,5.75,6.05,6.08,4.35,1.28],
[7.17,4.38,1.87,10.48,10.2,7.45,2.51],
[7.73,3.28,4.87,7.91,10.87,5.7,2.06],
[0,0,0,0,0,0,0],
[0,0,0,0,0,0,0],
[0,0,0,0,0,0,0],
[0,0,0,0,0,0,0],
[0,0,0,0,0,0,0],
[0.04,1.73,13.42,6.92,0.56,13.78,7.64],
[2.16,0,4.9,0.2,13.89,1.07,0.78],
[1.11,6.96,23.26,8,14.15,8.86,2.71],
[0.52,10.08,0.3,1.19,9.77,2.98,0.01],
[1.28,1.22,17.61,3.96,11.49,12.45,7.25],
[1.15,4.77,11.65,6.32,9.35,4.57,1.36],
[0.58,5.78,13.95,8.18,8.11,4.47,1.91],
[0.86,5.69,14,5.18,8.19,8.85,4.84],
[0.9,4.15,9.64,9.1,7.96,3.05,1.3],
[0.8,4.54,10.94,6.97,8.36,6.99,3.64],
[0,0,0,0,0,0,0],
[0,0,0,0,0,0,0],
[0,0,0,0,0,0,0],
[0,0,0,0,0,0,0],
[0,0,0,0,0,0,0],
[3.15,9.42,5.75,0.57,5.81,8.04,15.51],
[1.31,4.9,5.81,0.05,0.94,17.52,1.92],
[5.48,1.19,7.26,1.31,4.84,0,0.43],
[0.01,0.22,28.2,18.85,0.7,4.03,6.06],
[4.33,5.02,3.85,0.52,2.94,9.13,7.98],
[2.74,5.66,13.05,1.07,2.43,11.72,0.96],
[3.53,1.28,14.1,10.13,2.46,2.71,5.4],
[3.37,4.53,8.7,1.53,4.74,7.82,5.87],
[2.43,5.65,12.37,6.86,1.67,13.64,3.61],
[2.7,4.46,9.41,5.21,3.9,10.49,8.62],
[0,0,0,0,0,0,0],
[0,0,0,0,0,0,0],
[0,0,0,0,0,0,0],
[0,0,0,0,0,0,0],
[0,0,0,0,0,0,0],
[9.99,2.14,0.01,0.09,0.71,6.41,7.64],
[24.29,5.88,3.25,2.62,0.54,6.16,13.11],
[15.57,0.65,3.23,6.66,0.22,7.03,8.28],
[0.46,1.84,6.06,0.24,0.47,10.9,7.92],
[12.47,7.72,2.26,1.49,0.42,4.19,7.16],
[13.61,3.05,6.48,3.4,0.28,13.18,7.31],
[8.9,2.39,3.24,3.75,0.25,6.12,5.4],
[9.78,5.99,6.07,2.27,0.31,8.79,5.73],
[9.12,2.62,4.54,2.5,0.37,9.04,7.09],
[7.48,4.55,4.57,1.9,0.33,6.79,5.56],
[4.09,0.46,0.11,5.48,14.96,1.17,0.25],
[8.61,0.7,13.16,1.2,0,3.48,7.41],
[2.06,1.2,2.76,1.53,0.27,26.21,0.06],
[1.26,1.14,1.33,10.4,13.68,0.92,0.78],
[0.95,6.77,8.12,3.65,34.78,0,0.87],
[4.27,0.93,7.35,10.23,5.76,3.32,2.6],
[6.19,0.65,5.47,3.99,0.16,10.09,2.64],
[6.66,0.9,1.63,4.66,5.2,9.31,2.06],
[15.06,4.06,3.33,8.91,16.49,1.78,4.58],
[4.83,0.85,5.12,6.54,3.53,7.28,1.77],
[5.87,0.68,3.63,6.8,3.44,6.67,3.62],
[9.62,2.73,2.62,5.68,10.11,7.32,2.85],
[4.79,0.93,4.28,6.87,4.73,5.42,3.16],
[9.21,2.11,3.78,5.92,7.43,6.63,3.33],
[7.95,1.83,4.25,6.6,7.55,5.39,2.86],
[0.08,2.9,0.46,0.05,0.53,8.24,0.06],
[7.3,1.88,1.19,1.25,2.38,0.99,2.71],
[1.07,0.03,6.81,8.32,5.09,24.92,12.5],
[0.23,0.92,2.08,4.26,2.29,0.49,0.33],
[18.67,1.17,5.68,16.88,0.77,0.86,8.82],
[3.15,2.48,10.52,3.63,3.34,5.19,3.78],
[3.06,0.82,2.75,4.38,4.72,9.26,5.07],
[1.61,3.17,8.18,8.09,10.12,8.48,4.29],
[10.95,7.68,3.27,9.71,13.46,2.7,4.15],
[2.81,1.49,10.49,3.87,7.11,8.1,5.27],
[2.43,2.42,5.71,8.56,6.56,5.85,3.13],
[6.78,4.72,6.12,8.56,9.9,6.94,5.34],
[2.17,3.09,8.48,6.23,6.43,5.87,3.91],
[6.06,3.66,5.12,8.53,7.85,5.18,4.35],
[5.51,3.51,7.23,6.72,8.64,5.69,4.33],
[6.02,2,7.45,0.01,5.95,3.38,15.85],
[19.53,10.04,2.14,10.9,0.52,22.18,7.41],
[16.76,0.78,9.99,9.37,12.1,2.42,4.93],
[7.88,8.08,1.07,1.9,3.67,2.06,1.51],
[4.68,0.02,13.94,16.42,17.7,2.95,13.01],
[8.94,7.22,9.32,4.22,2.62,8.65,7.98],
[13.24,4.37,4.05,6.83,7.88,12.74,4.97],
[10.13,3.35,13.1,6.39,11.18,2.96,3.03],
[4.29,4.92,10.71,7.87,9.74,3.99,5.92],
[10.26,4.49,8.66,4.42,5.98,9.94,6.15],
[10.1,4.27,10.38,6.95,7.2,8.07,3.47],
[7.12,3.12,11.24,7.33,10.38,3.04,6.24],
[8.59,4.63,9.73,4.97,6.02,7.46,4.76],
[7.92,4.24,9.47,7.33,7.93,7.5,5.52],
[7.2,4.14,9.35,5.7,6.83,7.81,6.2],
[0,7.41,6.88,0.06,8.49,0.2,9.29],
[1.79,3.28,0.02,0.65,1.81,0.57,13.36],
[22.45,4.09,0.58,0.36,2.49,0.9,1.82],
[2.4,0.02,2.76,9.77,0.02,2.86,4.77],
[0.63,2.9,1.41,2.93,0,13.11,3.35],
[4.66,3.99,3.2,0.27,5.19,5.06,7.78],
[10.46,6.04,3.16,0.9,1.91,7.9,5.89],
[8.71,1.38,4.48,3.72,2.03,2.44,3.02],
[1.07,1.1,11.46,6.7,0.39,5.6,7.35],
[7.51,5.18,3.28,0.8,3.61,5.33,6.09],
[6.77,4.53,8.25,2.53,1.6,10.11,4.65],
[5.36,1.48,7.04,5.6,1.22,4.08,4.8],
[5.77,4.56,7.3,1.97,3.32,7.25,5.05],
[4.99,3.73,7.32,4.11,1.15,9.88,6.01],
[4.55,4.01,6.57,3.2,2.6,7.74,6.54],
[3.15,1.47,0.52,4.05,8.45,8.35,0.29],
[5.32,0.96,6.93,0.82,1.56,4.23,9.74],
[3.07,0.95,9.27,4.19,4.35,17.05,7.79],
[0.64,2.06,3.38,5.33,6.91,1.39,0.4],
[10.27,3.42,4.67,8.45,20.25,0.59,4.61],
[3.42,1.62,7.1,8.04,4.57,5.04,4.73],
[5.33,0.77,6.58,3.51,3,8.8,7.24],
[4.59,2.01,5.9,5.38,6.58,7.57,3.45],
[11.02,4.67,3.24,6.55,12.25,2.26,3.67],
[4.35,1.35,8.22,6.07,5.08,7.71,5.58],
[4.43,1.62,5.44,6.43,4.51,5.87,4.98],
[7.84,3.17,5.14,5.61,9.35,5.7,4.29],
[3.81,2.21,6.59,6.45,5.25,5.86,4.84],
[7.48,2.48,5.08,6.25,7.12,5.2,4.96],
[6.56,2.53,5.86,6.28,7.29,5.49,4.62],
[3.61,1.66,4.04,0.05,5.51,4.23,11.28],
[9.93,5.05,1.16,5.64,2.67,12.32,3.76],
[9.07,0.44,5.7,5.91,6.23,13.05,6.39],
[4.51,4.18,3.09,2.21,2.04,1.03,0.76],
[9.33,0.69,7.15,11.1,14.77,1.48,7.41],
[6.39,4.6,8.92,3.15,3.39,6.65,6.02],
[7.99,2.91,2.93,5.18,4.99,10.49,4.17],
[7.1,2.47,8.1,5.63,8.68,5.64,2.92],
[7.45,5.16,7.69,9.96,12.71,3.16,4.95],
[7.3,3.01,7.64,3.51,5.24,7.8,5.46],
[6.92,2.97,7.23,6.85,6.1,6.85,2.8],
[7.22,3.35,7.41,7.88,10.5,5.61,5.37],
[6.33,3.27,7.77,5,5.53,5.96,4.11],
[7.09,3.92,6.63,7.52,8.27,7.04,4.64],
[6.85,3.6,7.43,5.93,7.56,6.66,5.27],
[3.93,8.84,14.33,0.03,4.89,2.94,8.67],
[18.15,5.05,1.6,5.93,2.2,12.79,7.22],
[13.21,2.06,5.44,7.72,13.38,3.19,6.5],
[9.75,5.64,1.41,4.91,2.27,4.89,2.4],
[4.68,1.79,7.28,8.27,11.8,6.56,6.5],
[10.33,6.13,8.76,2.7,3.25,6.48,6.52],
[12.9,4.23,3.08,5.81,8.2,10.35,5.61],
[9.2,3.45,8.52,5.18,9.02,3.24,3.58],
[5.77,3.32,8.08,5.78,7.07,4.59,5.48],
[9.76,4.88,6.89,3.7,6.35,7.47,5.72],
[10.52,4.06,8.19,5.21,6.46,8.39,4.11],
[6.93,2.67,7.89,5.54,8.7,3.67,5.29],
[8.89,4.58,8.67,3.8,5.64,7.15,4.6],
[8.51,3.5,7.37,5.35,7.06,7.65,5.51],
[7.66,4.02,7.98,4.21,6.25,7.06,5.57],
[3.37,1.11,2.7,3.22,6.97,5.66,9.51],
[10.02,3.84,6.51,4.82,2.56,8.67,6.75],
[6.33,0.71,6.56,4,4.52,11.37,5.2],
[4.52,3.08,5.08,4.14,6.9,1.14,0.92],
[6.92,2.32,7.9,7.54,17.49,0.99,4.95],
[5.78,3.49,7.7,6.21,4.09,6.35,6.98],
[8.56,2.17,5.65,4.66,3.62,10,5.49],
[7.65,1.83,6.38,4.77,7.06,5.46,2.65],
[8.52,3.85,6.4,7.46,11.49,2.52,4.5],
[6.95,2.43,7.16,5.05,4.4,7.92,6.12],
[7.72,2.26,6.4,6.27,5.19,6.74,3.95],
[7.67,2.67,6.3,5.94,9.33,4.79,4.52],
[6.49,2.59,6.59,5.55,5.21,6.11,4.88],
[7.99,2.96,6.28,6.28,7.37,6.61,4.71],
[7.18,2.83,6.55,5.83,6.94,6.32,5.22],
[3.53,5.9,11.58,0.04,4.22,3.08,7.57],
[12.34,3.38,1.07,4.28,4.51,10.31,5.36],
[8.81,1.4,3.91,5.35,9.1,8.75,5.62],
[8.32,4.24,2.18,5.66,1.56,3.6,1.72],
[6.54,2.4,4.89,7.47,14.64,4.86,5.03],
[8.54,4.52,9.04,2.4,3.75,5.86,5.86],
[9.29,3.21,2.57,4.85,6.86,8.97,4.91],
[7.38,2.95,6.24,5.13,7.76,5.5,3.27],
[7.15,3.96,6.46,7.83,10.63,3.83,5.09],
[7.87,3.68,6.89,3.18,5.82,6.56,5.28],
[8.34,3.23,6.47,5.6,6.18,7.38,3.61],
[7,2.94,5.99,6.45,9.83,5.21,4.9],
[7.44,3.6,7.54,4.12,5.4,6.14,4.26],
[7.67,3.45,5.81,6.02,8.26,7.16,5.01],
[7.31,3.66,6.91,4.77,7.3,6.4,5.15],
[3.06,4.68,9.25,2.52,6.37,4.25,7.14],
[14.02,2.88,5.93,4.38,4.73,7.82,8.95],
[7.33,1.72,4.92,4.24,6.82,8.85,4.58],
[8.85,3.22,3.82,5.25,6.02,2.75,1.4],
[5.29,2.63,6.44,5.68,14.92,3.88,3.77],
[7.99,3.86,9.05,4.91,4.93,5.9,7.25],
[9.55,2.58,5.02,4.79,5.65,9.11,6.02],
[7.8,2.42,5.32,4.48,7.23,5.17,2.98],
[8.24,3.2,5.74,6.21,10.13,3.2,4.64],
[7.51,3.09,7.31,4.45,5.53,7.08,5.98],
[9.04,2.59,6.05,5.44,6,7.19,4.52],
[7.4,2.56,5.46,5.21,8.98,4.72,4.33],
[7.51,2.99,6.89,4.74,5.76,6.21,4.99],
[8.43,2.81,5.83,5.38,7.64,6.88,5.1],
[7.55,3.03,6.6,4.94,7.11,6.27,5.24]]
[[0,0,0,0,0,0,0],
[0,0,0,0,0,0,0],
[0,0,0,0,0,0,0],
[0,0,0,0,0,0,0],
[0,0,0,0,0,0,0],
[0.02,0.04,0.04,0.04,0,0.01,0.04],
[0,0,0.08,0.04,0,0.02,0],
[0.02,0,0,0.04,0,0,0],
[0.02,0,0,0,0,0.04,0.02],
[0.02,0.02,0.04,0.03,0,0.02,0.02],
[0.01,0,0.04,0.03,0,0.01,0.01],
[0.04,0,0,0.02,0,0.04,0.01],
[0.02,0.02,0.03,0.03,0,0.02,0.02],
[0.03,0,0.03,0.02,0,0.03,0.01],
[0.03,0.01,0.02,0.02,0,0.03,0.02],
[0,0,0,0,0,0,0],
[0,0,0,0,0,0,0],
[0,0,0,0,0,0,0],
[0,0,0,0,0,0,0],
[0,0,0,0,0,0,0],
[0.04,0,0.02,0.01,0.04,0.04,0.01],
[0,0.04,0,0.01,0.02,0.02,0.01],
[0.02,0,0.01,0.02,0.01,0.01,0.04],
[0,0,0,0,0.01,0.02,0],
[0.03,0.03,0.01,0,0.02,0.02,0],
[0.01,0.03,0,0.01,0.02,0.01,0.02],
[0.01,0,0.01,0.01,0,0.01,0.02],
[0.02,0.03,0.02,0.01,0.02,0.02,0.02],
[0.01,0.02,0.01,0.01,0.02,0.02,0.02],
[0.02,0.02,0.02,0.01,0.02,0.02,0.02],
[0,0,0,0,0,0,0],
[0,0,0,0,0,0,0],
[0,0,0,0,0,0,0],
[0,0,0,0,0,0,0],
[0,0,0,0,0,0,0],
[0.02,0,0,0.02,0,0.02,0.01],
[0,0,0.04,0,0.04,0,0],
[0.02,0,0.08,0,0,0.04,0],
[0,0.02,0.02,0,0.01,0.02,0],
[0.01,0,0.04,0.01,0.02,0.01,0.01],
[0.02,0,0.04,0,0.02,0.02,0],
[0.01,0.01,0.04,0,0.01,0.02,0],
[0.02,0,0.04,0.01,0.02,0.03,0.01],
[0.02,0.01,0.03,0,0.02,0.02,0],
[0.01,0.01,0.03,0.01,0.01,0.02,0.01],
[0,0,0,0,0,0,0],
[0,0,0,0,0,0,0],
[0,0,0,0,0,0,0],
[0,0,0,0,0,0,0],
[0,0,0,0,0,0,0],
[0.02,0.02,0.01,0.04,0.01,0,0.01],
[0.01,0.02,0.04,0.02,0.01,0,0],
[0.01,0,0,0.01,0.02,0,0.02],
[0.02,0,0,0.04,0,0.02,0.01],
[0.01,0.01,0.02,0.02,0,0,0.01],
[0,0.01,0.02,0.01,0.01,0,0.01],
[0.01,0,0.01,0.02,0.02,0.01,0.01],
[0.01,0.01,0.02,0.02,0.01,0,0.01],
[0.01,0.01,0.02,0.03,0.02,0.01,0.01],
[0.01,0.01,0.01,0.03,0.02,0.01,0.01],
[0,0,0,0,0,0,0],
[0,0,0,0,0,0,0],
[0,0,0,0,0,0,0],
[0,0,0,0,0,0,0],
[0,0,0,0,0,0,0],
[0.01,0,0,0.01,0.04,0,0.02],
[0.02,0.02,0,0.02,0.08,0.02,0],
[0.04,0,0,0.04,0.04,0.01,0.04],
[0.02,0,0.01,0,0,0,0.04],
[0.01,0.02,0.01,0.01,0.04,0.01,0.01],
[0.02,0.01,0,0.02,0.04,0.01,0.03],
[0.02,0,0,0.02,0.04,0,0.03],
[0.02,0.02,0.01,0.02,0.03,0.01,0.02],
[0.02,0.01,0.01,0.02,0.04,0.01,0.02],
[0.01,0.01,0.01,0.01,0.03,0.01,0.02],
[0.04,0.02,0.04,0.02,0.02,0,0],
[0.02,0,0.02,0.02,0,0,0.02],
[0.04,0.04,0.02,0.02,0,0.04,0.02],
[0,0.04,0,0.04,0.01,0,0.02],
[0.02,0.02,0,0.02,0,0,0],
[0.02,0.02,0.02,0.02,0.02,0.02,0.02],
[0.02,0.03,0.03,0.02,0.01,0.02,0.02],
[0.02,0.03,0.01,0.02,0,0.02,0.02],
[0.02,0.02,0,0.02,0,0.02,0.01],
[0.02,0.02,0.03,0.01,0.01,0.02,0.02],
[0.01,0.03,0.02,0.02,0.01,0.01,0.01],
[0.02,0.02,0.01,0.02,0,0.03,0.01],
[0.02,0.02,0.02,0.02,0.01,0.02,0.02],
[0.02,0.02,0.02,0.02,0.01,0.02,0.01],
[0.02,0.02,0.02,0.02,0.01,0.02,0.02],
[0.04,0.02,0,0.04,0.01,0.08,0],
[0.02,0.02,0,0,0,0,0],
[0.01,0,0.02,0.01,0.02,0.02,0.02],
[0.04,0,0.04,0,0,0.02,0],
[0.01,0.02,0.02,0,0,0.02,0],
[0.02,0.01,0.01,0.02,0.02,0.03,0],
[0.01,0.02,0.02,0,0.03,0.01,0.01],
[0.02,0,0.03,0.01,0.01,0.02,0.02],
[0.02,0.02,0.03,0,0,0.01,0],
[0.02,0.02,0.02,0.01,0.02,0.02,0.01],
[0.01,0.01,0.02,0.01,0.02,0.01,0.01],
[0.01,0.01,0.02,0.01,0.01,0.01,0.01],
[0.02,0.01,0.02,0.01,0.02,0.02,0.01],
[0.01,0.01,0.02,0.01,0.02,0.01,0.01],
[0.02,0.01,0.02,0.01,0.01,0.02,0.01],
[0.02,0.02,0.02,0,0.01,0.02,0],
[0.02,0,0.02,0.02,0,0,0],
[0,0.02,0.08,0,0,0,0],
[0,0.02,0,0.02,0.02,0.02,0.02],
[0.02,0,0,0,0.02,0.02,0],
[0.01,0.01,0.02,0.03,0.01,0.01,0],
[0.01,0.01,0.03,0.01,0.02,0,0],
[0.01,0.01,0.04,0.01,0.02,0.02,0.01],
[0.02,0.01,0.01,0.02,0.02,0.03,0.01],
[0.01,0.01,0.03,0.02,0.01,0.01,0.01],
[0.01,0.01,0.03,0.01,0.01,0.01,0.01],
[0.01,0.01,0.02,0.01,0.02,0.02,0.01],
[0.01,0.01,0.02,0.02,0.01,0.01,0.01],
[0.01,0.01,0.02,0.02,0.02,0.01,0.01],
[0.01,0.01,0.02,0.02,0.01,0.01,0.01],
[0.02,0.02,0.02,0,0.02,0.02,0.02],
[0.01,0,0.02,0,0.02,0.02,0.01],
[0.02,0,0.02,0,0.04,0,0.02],
[0.02,0,0,0,0.02,0.01,0.04],
[0.02,0,0.01,0.04,0.08,0.04,0.01],
[0.01,0.01,0.02,0.02,0.02,0.01,0.01],
[0.01,0.02,0.02,0.02,0.03,0.01,0.01],
[0.02,0,0.01,0.02,0.02,0,0.02],
[0.01,0,0.01,0.03,0.03,0.02,0.02],
[0.01,0.01,0.01,0.01,0.02,0.01,0.01],
[0.01,0.01,0.01,0.01,0.02,0.01,0.02],
[0.01,0,0.01,0.02,0.03,0.01,0.02],
[0.01,0.01,0.01,0.01,0.02,0.01,0.01],
[0.01,0.01,0.01,0.02,0.03,0.01,0.01],
[0.01,0.01,0.01,0.02,0.02,0.01,0.01],
[0.03,0.01,0.03,0.02,0.01,0.04,0],
[0.01,0.02,0.01,0.01,0,0,0.01],
[0.02,0.02,0.01,0.01,0.01,0.02,0.01],
[0.02,0.02,0.03,0.03,0,0.02,0.01],
[0.01,0.01,0.01,0.01,0,0.01,0],
[0.02,0.02,0.02,0.02,0.01,0.02,0.01],
[0.01,0.02,0.03,0.01,0.02,0.01,0.01],
[0.02,0.02,0.02,0.02,0.01,0.02,0.01],
[0.01,0.02,0.02,0.02,0,0.02,0.01],
[0.02,0.02,0.03,0.02,0.01,0.02,0.01],
[0.02,0.02,0.02,0.01,0.02,0.01,0.01],
[0.02,0.02,0.02,0.01,0.01,0.02,0.01],
[0.02,0.02,0.03,0.02,0.01,0.02,0.01],
[0.02,0.02,0.02,0.01,0.01,0.02,0.01],
[0.02,0.02,0.02,0.01,0.01,0.02,0.01],
[0.02,0.01,0.01,0.02,0,0.04,0],
[0.01,0.01,0.01,0.01,0.01,0,0],
[0,0.02,0.04,0,0.01,0.01,0.01],
[0.02,0.02,0.02,0.01,0.01,0.01,0.02],
[0.01,0.01,0.01,0,0.01,0.04,0],
[0.02,0.01,0.01,0.02,0.01,0.02,0],
[0.01,0.02,0.02,0.01,0.02,0.01,0.01],
[0.01,0.02,0.03,0.01,0.01,0.01,0.02],
[0.01,0.02,0.02,0.01,0.01,0.02,0.01],
[0.01,0.01,0.02,0.01,0.01,0.01,0.01],
[0.01,0.02,0.02,0.01,0.02,0.01,0.01],
[0.01,0.02,0.02,0.01,0.01,0.02,0.01],
[0.01,0.02,0.02,0.01,0.01,0.01,0.01],
[0.01,0.02,0.02,0.01,0.02,0.01,0.01],
[0.01,0.01,0.02,0.01,0.01,0.02,0.01],
[0.01,0.01,0.01,0.01,0.01,0.04,0.01],
[0.01,0,0.01,0.01,0.02,0.01,0],
[0.01,0.02,0.04,0,0.04,0,0.01],
[0.02,0.01,0.01,0.02,0.01,0.01,0.02],
[0.01,0,0,0.02,0.04,0.02,0.01],
[0.01,0.01,0.01,0.02,0.01,0.02,0.01],
[0.01,0.02,0.02,0.01,0.03,0.01,0.01],
[0.01,0.02,0.02,0.01,0.02,0.01,0.02],
[0.02,0.01,0.01,0.02,0.02,0.02,0.01],
[0.01,0.01,0.02,0.01,0.02,0.02,0.01],
[0.01,0.01,0.02,0.01,0.02,0.01,0.01],
[0.01,0.01,0.02,0.02,0.02,0.01,0.01],
[0.01,0.01,0.02,0.02,0.02,0.02,0.01],
[0.01,0.01,0.01,0.02,0.02,0.01,0.01],
[0.01,0.01,0.02,0.02,0.02,0.02,0.01],
[0.02,0.01,0.02,0.02,0.01,0.03,0],
[0.01,0.02,0.02,0.01,0.01,0,0.01],
[0.02,0.02,0.04,0.01,0.01,0.02,0.01],
[0.02,0.02,0.02,0.02,0.01,0.02,0.02],
[0.02,0.01,0.01,0.02,0.01,0.04,0.01],
[0.02,0.02,0.02,0.02,0.01,0.01,0.01],
[0.01,0.02,0.03,0.01,0.02,0.01,0.01],
[0.02,0.02,0.03,0.01,0.01,0.02,0.01],
[0.01,0.02,0.02,0.02,0.01,0.02,0.01],
[0.01,0.02,0.02,0.02,0.01,0.01,0.01],
[0.01,0.02,0.02,0.01,0.01,0.01,0.01],
[0.01,0.02,0.02,0.01,0.01,0.02,0.01],
[0.01,0.02,0.02,0.02,0.01,0.01,0.01],
[0.01,0.02,0.02,0.02,0.01,0.02,0.01],
[0.01,0.02,0.02,0.02,0.01,0.02,0.01],
[0.02,0.01,0.01,0.02,0.01,0.04,0.01],
[0.01,0.01,0.01,0.01,0.03,0.02,0],
[0.01,0.03,0.03,0.01,0.03,0.01,0.01],
[0.02,0.02,0.02,0.02,0.01,0.01,0.02],
[0.01,0.01,0.01,0.02,0.03,0.03,0.01],
[0.01,0.01,0.01,0.02,0.02,0.02,0.01],
[0.01,0.02,0.02,0.01,0.03,0.01,0.01],
[0.01,0.02,0.02,0.01,0.02,0.01,0.02],
[0.01,0.02,0.02,0.02,0.02,0.02,0.01],
[0.01,0.02,0.02,0.01,0.02,0.02,0.01],
[0.01,0.02,0.01,0.01,0.02,0.01,0.01],
[0.01,0.02,0.02,0.01,0.02,0.01,0.01],
[0.01,0.02,0.02,0.01,0.02,0.01,0.01],
[0.01,0.02,0.01,0.01,0.02,0.01,0.01],
[0.01,0.01,0.02,0.01,0.02,0.02,0.01],
[0.02,0.01,0.02,0.01,0.01,0.03,0.01],
[0.01,0.02,0.01,0.01,0.02,0.01,0.01],
[0.02,0.03,0.03,0.01,0.02,0.01,0.01],
[0.02,0.02,0.02,0.02,0.01,0.01,0.02],
[0.01,0.01,0.01,0.02,0.02,0.03,0.01],
[0.01,0.01,0.02,0.02,0.02,0.02,0.01],
[0.01,0.02,0.02,0.01,0.02,0.01,0.01],
[0.02,0.02,0.02,0.02,0.01,0.01,0.01],
[0.01,0.01,0.01,0.02,0.01,0.02,0.01],
[0.01,0.02,0.02,0.01,0.02,0.02,0.01],
[0.01,0.02,0.02,0.01,0.02,0.01,0.01],
[0.02,0.02,0.02,0.02,0.01,0.02,0.01],
[0.01,0.02,0.02,0.02,0.01,0.02,0.01],
[0.01,0.02,0.02,0.02,0.02,0.02,0.01],
[0.01,0.01,0.02,0.02,0.01,0.02,0.01]]
[[0.24,0.28,0.24,0.24,0.28,0.2,0.24],
[0.24,0.28,0.24,0.24,0.28,0.2,0.24],
[0.24,0.28,0.24,0.24,0.28,0.2,0.24],
[0.24,0.28,0.24,0.24,0.28,0.2,0.24],
[0.24,0.28,0.24,0.24,0.28,0.2,0.24],
[0.48,0.56,0.48,0.48,0.56,0.4,0.48],
[0.48,0.56,0.48,0.48,0.56,0.4,0.48],
[0.48,0.56,0.48,0.48,0.56,0.4,0.48],
[0.48,0.56,0.48,0.48,0.56,0.4,0.48],
[0.72,0.84,0.72,0.72,0.84,0.6,0.72],
[0.72,0.84,0.72,0.72,0.84,0.6,0.72],
[0.72,0.84,0.72,0.72,0.84,0.6,0.72],
[0.96,1.12,0.96,0.96,1.12,0.8,0.96],
[0.96,1.12,0.96,0.96,1.12,0.8,0.96],
[1.2,1.4,1.2,1.2,1.4,1,1.2],
[0.24,0.28,0.24,0.24,0.28,0.2,0.24],
[0.24,0.28,0.24,0.24,0.28,0.2,0.24],
[0.24,0.28,0.24,0.24,0.28,0.2,0.24],
[0.24,0.28,0.24,0.24,0.28,0.2,0.24],
[0.24,0.28,0.24,0.24,0.28,0.2,0.24],
[0.48,0.56,0.48,0.48,0.56,0.4,0.48],
[0.48,0.56,0.48,0.48,0.56,0.4,0.48],
[0.48,0.56,0.48,0.48,0.56,0.4,0.48],
[0.48,0.56,0.48,0.48,0.56,0.4,0.48],
[0.72,0.84,0.72,0.72,0.84,0.6,0.72],
[0.72,0.84,0.72,0.72,0.84,0.6,0.72],
[0.72,0.84,0.72,0.72,0.84,0.6,0.72],
[0.96,1.12,0.96,0.96,1.12,0.8,0.96],
[0.96,1.12,0.96,0.96,1.12,0.8,0.96],
[1.2,1.4,1.2,1.2,1.4,1,1.2],
[0.24,0.28,0.24,0.24,0.28,0.2,0.24],
[0.24,0.28,0.24,0.24,0.28,0.2,0.24],
[0.24,0.28,0.24,0.24,0.28,0.2,0.24],
[0.24,0.28,0.24,0.24,0.28,0.2,0.24],
[0.24,0.28,0.24,0.24,0.28,0.2,0.24],
[0.48,0.56,0.48,0.48,0.56,0.4,0.48],
[0.48,0.56,0.48,0.48,0.56,0.4,0.48],
[0.48,0.56,0.48,0.48,0.56,0.4,0.48],
[0.48,0.56,0.48,0.48,0.56,0.4,0.48],
[0.72,0.84,0.72,0.72,0.84,0.6,0.72],
[0.72,0.84,0.72,0.72,0.84,0.6,0.72],
[0.72,0.84,0.72,0.72,0.84,0.6,0.72],
[0.96,1.12,0.96,0.96,1.12,0.8,0.96],
[0.96,1.12,0.96,0.96,1.12,0.8,0.96],
[1.2,1.4,1.2,1.2,1.4,1,1.2],
[0.24,0.28,0.24,0.24,0.28,0.2,0.24],
[0.24,0.28,0.24,0.24,0.28,0.2,0.24],
[0.24,0.28,0.24,0.24,0.28,0.2,0.24],
[0.24,0.28,0.24,0.24,0.28,0.2,0.24],
[0.24,0.28,0.24,0.24,0.28,0.2,0.24],
[0.48,0.56,0.48,0.48,0.56,0.4,0.48],
[0.48,0.56,0.48,0.48,0.56,0.4,0.48],
[0.48,0.56,0.48,0.48,0.56,0.4,0.48],
[0.48,0.56,0.48,0.48,0.56,0.4,0.48],
[0.72,0.84,0.72,0.72,0.84,0.6,0.72],
[0.72,0.84,0.72,0.72,0.84,0.6,0.72],
[0.72,0.84,0.72,0.72,0.84,0.6,0.72],
[0.96,1.12,0.96,0.96,1.12,0.8,0.96],
[0.96,1.12,0.96,0.96,1.12,0.8,0.96],
[1.2,1.4,1.2,1.2,1.4,1,1.2],
[0.24,0.28,0.24,0.24,0.28,0.2,0.24],
[0.24,0.28,0.24,0.24,0.28,0.2,0.24],
[0.24,0.28,0.24,0.24,0.28,0.2,0.24],
[0.24,0.28,0.24,0.24,0.28,0.2,0.24],
[0.24,0.28,0.24,0.24,0.28,0.2,0.24],
[0.48,0.56,0.48,0.48,0.56,0.4,0.48],
[0.48,0.56,0.48,0.48,0.56,0.4,0.48],
[0.48,0.56,0.48,0.48,0.56,0.4,0.48],
[0.48,0.56,0.48,0.48,0.56,0.4,0.48],
[0.72,0.84,0.72,0.72,0.84,0.6,0.72],
[0.72,0.84,0.72,0.72,0.84,0.6,0.72],
[0.72,0.84,0.72,0.72,0.84,0.6,0.72],
[0.96,1.12,0.96,0.96,1.12,0.8,0.96],
[0.96,1.12,0.96,0.96,1.12,0.8,0.96],
[1.2,1.4,1.2,1.2,1.4,1,1.2],
[0.48,0.56,0.48,0.48,0.56,0.4,0.48],
[0.48,0.56,0.48,0.48,0.56,0.4,0.48],
[0.48,0.56,0.48,0.48,0.56,0.4,0.48],
[0.48,0.56,0.48,0.48,0.56,0.4,0.48],
[0.48,0.56,0.48,0.48,0.56,0.4,0.48],
[0.96,1.12,0.96,0.96,1.12,0.8,0.96],
[0.96,1.12,0.96,0.96,1.12,0.8,0.96],
[0.96,1.12,0.96,0.96,1.12,0.8,0.96],
[0.96,1.12,0.96,0.96,1.12,0.8,0.96],
[1.44,1.68,1.44,1.44,1.68,1.2,1.44],
[1.44,1.68,1.44,1.44,1.68,1.2,1.44],
[1.44,1.68,1.44,1.44,1.68,1.2,1.44],
[1.92,2.24,1.92,1.92,2.24,1.6,1.92],
[1.92,2.24,1.92,1.92,2.24,1.6,1.92],
[2.4,2.8,2.4,2.4,2.8,2,2.4],
[0.48,0.56,0.48,0.48,0.56,0.4,0.48],
[0.48,0.56,0.48,0.48,0.56,0.4,0.48],
[0.48,0.56,0.48,0.48,0.56,0.4,0.48],
[0.48,0.56,0.48,0.48,0.56,0.4,0.48],
[0.48,0.56,0.48,0.48,0.56,0.4,0.48],
[0.96,1.12,0.96,0.96,1.12,0.8,0.96],
[0.96,1.12,0.96,0.96,1.12,0.8,0.96],
[0.96,1.12,0.96,0.96,1.12,0.8,0.96],
[0.96,1.12,0.96,0.96,1.12,0.8,0.96],
[1.44,1.68,1.44,1.44,1.68,1.2,1.44],
[1.44,1.68,1.44,1.44,1.68,1.2,1.44],
[1.44,1.68,1.44,1.44,1.68,1.2,1.44],
[1.92,2.24,1.92,1.92,2.24,1.6,1.92],
[1.92,2.24,1.92,1.92,2.24,1.6,1.92],
[2.4,2.8,2.4,2.4,2.8,2,2.4],
[0.48,0.56,0.48,0.48,0.56,0.4,0.48],
[0.48,0.56,0.48,0.48,0.56,0.4,0.48],
[0.48,0.56,0.48,0.48,0.56,0.4,0.48],
[0.48,0.56,0.48,0.48,0.56,0.4,0.48],
[0.48,0.56,0.48,0.48,0.56,0.4,0.48],
[0.96,1.12,0.96,0.96,1.12,0.8,0.96],
[0.96,1.12,0.96,0.96,1.12,0.8,0.96],
[0.96,1.12,0.96,0.96,1.12,0.8,0.96],
[0.96,1.12,0.96,0.96,1.12,0.8,0.96],
[1.44,1.68,1.44,1.44,1.68,1.2,1.44],
[1.44,1.68,1.44,1.44,1.68,1.2,1.44],
[1.44,1.68,1.44,1.44,1.68,1.2,1.44],
[1.92,2.24,1.92,1.92,2.24,1.6,1.92],
[1.92,2.24,1.92,1.92,2.24,1.6,1.92],
[2.4,2.8,2.4,2.4,2.8,2,2.4],
[0.48,0.56,0.48,0.48,0.56,0.4,0.48],
[0.48,0.56,0.48,0.48,0.56,0.4,0.48],
[0.48,0.56,0.48,0.48,0.56,0.4,0.48],
[0.48,0.56,0.48,0.48,0.56,0.4,0.48],
[0.48,0.56,0.48,0.48,0.56,0.4,0.48],
[0.96,1.12,0.96,0.96,1.12,0.8,0.96],
[0.96,1.12,0.96,0.96,1.12,0.8,0.96],
[0.96,1.12,0.96,0.96,1.12,0.8,0.96],
[0.96,1.12,0.96,0.96,1.12,0.8,0.96],
[1.44,1.68,1.44,1.44,1.68,1.2,1.44],
[1.44,1.68,1.44,1.44,1.68,1.2,1.44],
[1.44,1.68,1.44,1.44,1.68,1.2,1.44],
[1.92,2.24,1.92,1.92,2.24,1.6,1.92],
[1.92,2.24,1.92,1.92,2.24,1.6,1.92],
[2.4,2.8,2.4,2.4,2.8,2,2.4],
[0.72,0.84,0.72,0.72,0.84,0.6,0.72],
[0.72,0.84,0.72,0.72,0.84,0.6,0.72],
[0.72,0.84,0.72,0.72,0.84,0.6,0.72],
[0.72,0.84,0.72,0.72,0.84,0.6,0.72],
[0.72,0.84,0.72,0.72,0.84,0.6,0.72],
[1.44,1.68,1.44,1.44,1.68,1.2,1.44],
[1.44,1.68,1.44,1.44,1.68,1.2,1.44],
[1.44,1.68,1.44,1.44,1.68,1.2,1.44],
[1.44,1.68,1.44,1.44,1.68,1.2,1.44],
[2.16,2.52,2.16,2.16,2.52,1.8,2.16],
[2.16,2.52,2.16,2.16,2.52,1.8,2.16],
[2.16,2.52,2.16,2.16,2.52,1.8,2.16],
[2.88,3.36,2.88,2.88,3.36,2.4,2.88],
[2.88,3.36,2.88,2.88,3.36,2.4,2.88],
[3.6,4.2,3.6,3.6,4.2,3,3.6],
[0.72,0.84,0.72,0.72,0.84,0.6,0.72],
[0.72,0.84,0.72,0.72,0.84,0.6,0.72],
[0.72,0.84,0.72,0.72,0.84,0.6,0.72],
[0.72,0.84,0.72,0.72,0.84,0.6,0.72],
[0.72,0.84,0.72,0.72,0.84,0.6,0.72],
[1.44,1.68,1.44,1.44,1.68,1.2,1.44],
[1.44,1.68,1.44,1.44,1.68,1.2,1.44],
[1.44,1.68,1.44,1.44,1.68,1.2,1.44],
[1.44,1.68,1.44,1.44,1.68,1.2,1.44],
[2.16,2.52,2.16,2.16,2.52,1.8,2.16],
[2.16,2.52,2.16,2.16,2.52,1.8,2.16],
[2.16,2.52,2.16,2.16,2.52,1.8,2.16],
[2.88,3.36,2.88,2.88,3.36,2.4,2.88],
[2.88,3.36,2.88,2.88,3.36,2.4,2.88],
[3.6,4.2,3.6,3.6,4.2,3,3.6],
[0.72,0.84,0.72,0.72,0.84,0.6,0.72],
[0.72,0.84,0.72,0.72,0.84,0.6,0.72],
[0.72,0.84,0.72,0.72,0.84,0.6,0.72],
[0.72,0.84,0.72,0.72,0.84,0.6,0.72],
[0.72,0.84,0.72,0.72,0.84,0.6,0.72],
[1.44,1.68,1.44,1.44,1.68,1.2,1.44],
[1.44,1.68,1.44,1.44,1.68,1.2,1.44],
[1.44,1.68,1.44,1.44,1.68,1.2,1.44],
[1.44,1.68,1.44,1.44,1.68,1.2,1.44],
[2.16,2.52,2.16,2.16,2.52,1.8,2.16],
[2.16,2.52,2.16,2.16,2.52,1.8,2.16],
[2.16,2.52,2.16,2.16,2.52,1.8,2.16],
[2.88,3.36,2.88,2.88,3.36,2.4,2.88],
[2.88,3.36,2.88,2.88,3.36,2.4,2.88],
[3.6,4.2,3.6,3.6,4.2,3,3.6],
[0.96,1.12,0.96,0.96,1.12,0.8,0.96],
[0.96,1.12,0.96,0.96,1.12,0.8,0.96],
[0.96,1.12,0.96,0.96,1.12,0.8,0.96],
[0.96,1.12,0.96,0.96,1.12,0.8,0.96],
[0.96,1.12,0.96,0.96,1.12,0.8,0.96],
[1.92,2.24,1.92,1.92,2.24,1.6,1.92],
[1.92,2.24,1.92,1.92,2.24,1.6,1.92],
[1.92,2.24,1.92,1.92,2.24,1.6,1.92],
[1.92,2.24,1.92,1.92,2.24,1.6,1.92],
[2.88,3.36,2.88,2.88,3.36,2.4,2.88],
[2.88,3.36,2.88,2.88,3.36,2.4,2.88],
[2.88,3.36,2.88,2.88,3.36,2.4,2.88],
[3.84,4.48,3.84,3.84,4.48,3.2,3.84],
[3.84,4.48,3.84,3.84,4.48,3.2,3.84],
[4.8,5.6,4.8,4.8,5.6,4,4.8],
[0.96,1.12,0.96,0.96,1.12,0.8,0.96],
[0.96,1.12,0.96,0.96,1.12,0.8,0.96],
[0.96,1.12,0.96,0.96,1.12,0.8,0.96],
[0.96,1.12,0.96,0.96,1.12,0.8,0.96],
[0.96,1.12,0.96,0.96,1.12,0.8,0.96],
[1.92,2.24,1.92,1.92,2.24,1.6,1.92],
[1.92,2.24,1.92,1.92,2.24,1.6,1.92],
[1.92,2.24,1.92,1.92,2.24,1.6,1.92],
[1.92,2.24,1.92,1.92,2.24,1.6,1.92],
[2.88,3.36,2.88,2.88,3.36,2.4,2.88],
[2.88,3.36,2.88,2.88,3.36,2.4,2.88],
[2.88,3.36,2.88,2.88,3.36,2.4,2.88],
[3.84,4.48,3.84,3.84,4.48,3.2,3.84],
[3.84,4.48,3.84,3.84,4.48,3.2,3.84],
[4.8,5.6,4.8,4.8,5.6,4,4.8],
[1.2,1.4,1.2,1.2,1.4,1,1.2],
[1.2,1.4,1.2,1.2,1.4,1,1.2],
[1.2,1.4,1.2,1.2,1.4,1,1.2],
[1.2,1.4,1.2,1.2,1.4,1,1.2],
[1.2,1.4,1.2,1.2,1.4,1,1.2],
[2.4,2.8,2.4,2.4,2.8,2,2.4],
[2.4,2.8,2.4,2.4,2.8,2,2.4],
[2.4,2.8,2.4,2.4,2.8,2,2.4],
[2.4,2.8,2.4,2.4,2.8,2,2.4],
[3.6,4.2,3.6,3.6,4.2,3,3.6],
[3.6,4.2,3.6,3.6,4.2,3,3.6],
[3.6,4.2,3.6,3.6,4.2,3,3.6],
[4.8,5.6,4.8,4.8,5.6,4,4.8],
[4.8,5.6,4.8,4.8,5.6,4,4.8],
[6,7,6,6,7,5,6]]
[1,1,1,1,1,2,2,2,2,3,3,3,4,4,5,1,1,1,1,1,2,2,2,2,3,3,3,4,4,5,1,1,1,1,1,2,2,2,2,3,3,3,4,4,5,1,1,1,1,1,2,2,2,2,3,3,3,4,4,5,1,1,1,1,1,2,2,2,2,3,3,3,4,4,5,2,2,2,2,2,4,4,4,4,6,6,6,8,8,10,2,2,2,2,2,4,4,4,4,6,6,6,8,8,10,2,2,2,2,2,4,4,4,4,6,6,6,8,8,10,2,2,2,2,2,4,4,4,4,6,6,6,8,8,10,3,3,3,3,3,6,6,6,6,9,9,9,12,12,15,3,3,3,3,3,6,6,6,6,9,9,9,12,12,15,3,3,3,3,3,6,6,6,6,9,9,9,12,12,15,4,4,4,4,4,8,8,8,8,12,12,12,16,16,20,4,4,4,4,4,8,8,8,8,12,12,12,16,16,20,5,5,5,5,5,10,10,10,10,15,15,15,20,20,25] 
[7.55,3.03,6.6,4.94,7.11,6.27,5.24] 
[0.01,0.01,0.02,0.02,0.01,0.02,0.01] 
[6,7,6,6,7,5,6] 
[1.97,2.02,2.14,2.07,1.99,2.02,2.07]