225
25
7
246000
[[0,0,0,0,0,0,0],
[0,0,0,0,0,0,0],
[0,0,0,0,0,0,0],
[0,0,0,0,0,0,0],
[0,0,0,0,0,0,0],
[0.58,0.53,7.26,6.16,0.67,7.18,3.75],
[23.87,0.06,0.34,4.68,2.78,35.79,13.47],
[35.87,0.18,2.62,2.35,3.03,17.11,1.55],
[0.15,9.29,10.76,8.78,0.03,0.26,25.42],
[13.82,0.52,6.1,3.65,3.22,17.96,16.22],
[20.32,0.09,1.35,2.48,1.94,18.77,6.97],
[22.46,5.45,5.38,4.39,2.22,12.98,22.16],
[13.67,0.35,4.13,2.85,2.21,12.51,12.52],
[15.5,4.12,3.76,5.19,1.59,13.32,15.45],
[11.62,3.95,6.77,4.21,1.73,10.05,14.74],
[0,0,0,0,0,0,0],
[0,0,0,0,0,0,0],
[0,0,0,0,0,0,0],
[0,0,0,0,0,0,0],
[0,0,0,0,0,0,0],
[1.34,0.26,0.44,2.44,2.67,0,11.23],
[39.43,1.34,9.99,0.39,1.3,23.81,1.22],
[34.94,27.16,28.65,3.75,4.96,0.02,1.01],
[26.21,12.55,0.01,0.81,22.11,0,1.2],
[22.33,0.68,5.55,2.53,3.88,15.67,5.84],
[24.84,14.97,14.48,3.56,5.86,15.38,0.74],
[20.59,14.16,18.75,4.2,11.07,0.01,2.21],
[17.11,11.07,9.71,5.82,8.82,15.17,4.85],
[21.91,10.09,12.57,5.25,7.93,11.49,1.47],
[17.84,8.3,9.79,8.09,8.3,13.6,5.46],
[0,0,0,0,0,0,0],
[0,0,0,0,0,0,0],
[0,0,0,0,0,0,0],
[0,0,0,0,0,0,0],
[0,0,0,0,0,0,0],
[12.55,8.41,4.23,0.02,4.12,9.07,2.12],
[2.35,26.14,12.9,0.23,2.53,5.09,10.08],
[4.15,6.52,25.78,8.41,7.22,13.68,9.9],
[7.96,3.73,6.44,6.96,0.27,5.38,1.28],
[13.56,13.15,16.35,0.12,2.28,4.91,5.05],
[2.25,13.07,13.63,4.83,9.35,6.95,6.66],
[11.9,3.54,12.89,15.34,5.92,6.99,5.08],
[9.05,8.77,12.89,3.52,6.24,8.39,4.52],
[8.23,10.58,9.15,12.94,10.26,4.82,4.44],
[9.7,7.94,10.1,11.12,7.86,6.29,3.39],
[0,0,0,0,0,0,0],
[0,0,0,0,0,0,0],
[0,0,0,0,0,0,0],
[0,0,0,0,0,0,0],
[0,0,0,0,0,0,0],
[0.14,5.25,15.62,1.92,17.05,5.64,0.37],
[7.07,0.26,3.56,4.53,21.32,4.53,8.65],
[1.5,18.36,0.28,9.9,4.81,3.2,1.67],
[0.01,11.42,0.2,17.17,0.03,8.57,0.02],
[5.47,2.89,7.82,6.27,12.87,3.41,4.82],
[3.54,13.87,3.23,5.16,10.67,7.69,4.35],
[1.09,10.2,0.16,9.36,2.97,4.36,1],
[3.87,9.38,5.32,4.98,8.7,5.19,3.32],
[2.36,9.31,2.3,7.23,7.15,5.65,2.94],
[2.97,7.13,4,7.82,6.54,4.39,2.59],
[0,0,0,0,0,0,0],
[0,0,0,0,0,0,0],
[0,0,0,0,0,0,0],
[0,0,0,0,0,0,0],
[0,0,0,0,0,0,0],
[10.26,1.38,20.48,12.35,0.83,25.49,0.25],
[22.78,5.35,1.66,0.39,0.01,23.74,9.81],
[6.99,0,1.48,17.29,0.28,18.42,1.05],
[0.46,2.9,0.63,19.59,0.25,2.51,15.51],
[11.84,6.29,10.87,7.03,0.61,16.42,5.67],
[11.44,3.68,3.13,13.51,0.22,14.16,5.1],
[3.77,2.02,0.76,12.32,0.53,18.49,13.73],
[8.03,6.2,7.41,10.47,0.8,14.66,4.18],
[7.75,5.63,2.19,10.05,0.54,13.42,9.8],
[6.05,8.76,5.61,9.26,1.15,16.27,7.4],
[0.99,0,11.96,16.53,6.06,2.9,24.64],
[1.94,0.07,2.04,0,2.71,0.83,0.11],
[0,2.81,5.35,2.44,4.74,0.04,8.36],
[0.01,15.68,21.71,3.65,3.2,14.36,7.03],
[23.12,6.92,1.64,0.02,7.57,18.91,1.67],
[1.59,0.28,6.55,5.65,3.93,2.5,8.58],
[21.42,1.1,3.57,2.11,3.8,19.95,6.62],
[23.61,9.98,11.34,2.06,2.69,7.87,5.97],
[12.77,7.57,9.47,3.71,7.53,11.13,9.18],
[14.84,0.74,5.11,4.6,5.47,13.51,9.03],
[18.18,6.3,7.28,2.42,3.4,15.02,5.38],
[18.81,7.85,10.53,3.44,5.97,9.41,10.95],
[13.38,5.03,7.8,4.22,5.45,12.15,7.47],
[16.47,6.1,7.92,4.48,4.9,13.44,8],
[13.23,5.46,8.97,5.8,5.63,11.65,8.98],
[0.02,0.47,5.06,26.06,10.17,1.05,12.95],
[20.93,9.46,0.22,11.62,12.85,4.21,2.9],
[0.03,0.77,0.82,10.67,0.73,25.85,0.14],
[13.73,12.5,1.39,2.46,16.47,1.51,3.15],
[17.94,3.7,13.11,26.06,0.02,12.95,0.2],
[7.93,5.25,2.08,12.9,9.91,3.2,9.14],
[17.16,9.97,7.95,7.63,4.56,11.16,4.06],
[15.11,14.47,18.87,4.53,5.77,11.21,3.97],
[11.44,10.39,5.99,10.01,10.04,5.68,1.12],
[15.57,6.08,8.81,10.31,6.35,9.33,5.98],
[15.22,11.34,11.68,5.09,6.09,10.14,3.61],
[13.03,9.76,14.83,8.59,7.42,9.35,2.98],
[13.49,8.52,9.69,7.73,6.91,11.1,5.62],
[13.45,9.24,10.67,7.8,7.81,9.2,2.79],
[12.55,7.37,9.18,9.12,7.49,10.6,4.8],
[0.19,1.19,0.99,0.02,2.49,10.63,2.33],
[7.45,16.82,8.36,1.26,21,4.53,5.64],
[2.58,2.31,6.7,13.94,2.65,5.09,4.59],
[0.63,10.58,3.84,5.35,4.5,0.12,15.96],
[3.7,3.25,0.02,0.65,7.92,0.07,9.12],
[5.1,6.06,9.14,0.81,8.56,5.12,3.37],
[6.27,9.91,5.5,5.52,9.41,3.21,9.65],
[2.84,12.09,8.75,6.44,6.35,6.75,10.14],
[2.87,9.31,2.77,9.66,4.16,4.65,8.64],
[8.62,6.56,9.78,4.05,6.19,4.09,6.39],
[4.07,10.8,7.09,4.43,8.05,5.87,9.24],
[5.21,8.38,5.26,9.9,6.42,4.9,8.02],
[6.33,7.89,8.19,3.85,6.42,6.32,6.96],
[4.9,8.74,5.07,8.75,7.6,4.49,7.91],
[5.8,6.98,6.48,8.48,6.68,5.02,6.45],
[6.06,8.86,1.25,1.26,17.29,12.5,0.08],
[1.25,16.76,0.3,10.58,0.78,15.13,1.9],
[0.99,1.62,0,0.25,13.31,9.68,22.04],
[0.18,9.5,0.4,0.26,0.86,0.37,5.64],
[0.13,1.98,0.08,0.05,0.36,15.24,1.98],
[3.77,10.54,12.49,7.95,7.75,10.4,0.66],
[9.95,6.67,1.78,3.99,8.38,9.52,7.99],
[2.88,6.67,0.64,9.06,5.18,9.51,9.24],
[0.16,8.14,0.41,12.34,0.48,5.5,5.34],
[7.29,8.32,7.65,6.91,8.59,8.44,4.81],
[6.01,7.37,2.63,8.17,5.26,8.74,5.94],
[2,5.58,0.42,8.67,3.19,9.14,8.03],
[5.23,7.67,5.64,7.3,6.27,8.91,4.27],
[4.34,6.43,1.99,7.73,3.95,8.77,6.11],
[4.13,7.39,4.41,7.97,5,9.19,4.8],
[0.76,0.3,16.52,14.56,5.59,3.8,13.15],
[11,5.82,1.06,7.7,6.44,4.61,2.38],
[0.02,3.36,5.51,5.34,2.41,17.9,4.96],
[9.35,9.45,11.74,2.07,8.28,7.48,9.93],
[13.8,10.45,6.74,17.92,4.82,10.81,1.64],
[4.88,3.59,7.15,8.98,6.15,3.37,6.76],
[15.16,6.09,5.17,5.93,3.64,13.94,7.14],
[16.7,8.72,12.07,3.38,4.6,10.18,7.89],
[9.74,8.35,7.42,8.1,7.17,7.83,6.3],
[13.19,3.95,7.54,7.36,5.11,10.82,7.82],
[15.01,7.21,7.98,4.26,4.48,11.35,7.06],
[14.9,8.15,10.65,6.59,6.41,9.59,8.64],
[12.4,5.6,8.81,5.75,5.22,10.48,7.54],
[13.68,7.15,7.94,6.38,6.02,10.22,7.04],
[11.75,5.94,8.65,7.1,5.86,9.83,7.44],
[0.1,1.6,2.54,17.82,11.79,5.56,6.53],
[10.6,9.11,6.64,6.03,11.61,2.91,3],
[1.92,1.16,3.45,8.28,3.18,12.98,3.68],
[7.61,7.72,5.03,2.79,8.24,0.81,8.01],
[9,2.32,8.43,15.07,5.53,9.31,7.13],
[4.79,4.37,5.58,9.54,9.38,3.41,5.77],
[12.32,6.32,5.61,5.79,7.07,7.86,6.15],
[9.42,13.23,11.4,4.74,5.04,7.41,6.65],
[6.96,9.24,6.02,9.45,7.2,5.85,6.06],
[11.27,4.53,7.5,8.09,7.51,6.79,5.65],
[10.46,10.55,8.81,4.47,6.5,8.42,6.03],
[8.45,9.3,9.55,8.01,6.78,7.31,6.29],
[9.66,8.04,7.97,6.49,6.96,8.51,5.84],
[9.25,8.44,8.24,7.03,7.07,7.81,5.73],
[8.93,6.87,7.54,8.11,7.24,8.09,5.71],
[4.88,8.86,0.75,0.76,8.81,7.73,1.89],
[7.83,11.19,4.72,10.33,11.82,7.59,7.21],
[1.31,3.91,4.37,10.71,6.68,5.17,11.05],
[0.76,6.7,2,4.52,2.26,0.19,8.08],
[3.02,1.8,0.09,0.59,4.39,9.52,10.23],
[5.12,8.04,9.59,6.13,8.35,8.28,3.8],
[9.02,9.23,3.65,8.49,8.05,6.77,7.9],
[3.15,7.3,5.65,7.39,4.84,8.52,8.43],
[1.85,6.68,1.79,10.42,2.66,4.78,9.14],
[8.36,8.88,8.88,7.2,7.24,6.73,5.41],
[5.94,8.05,5.21,7.28,6.03,7.22,7.16],
[4.23,5.74,3.56,9.27,4.35,7.79,8.51],
[6.22,7.86,7.24,6.25,6,8.09,5.58],
[5.33,7.23,3.83,8.77,5.31,7.05,7.78],
[5.47,7.6,5.79,8.56,5.47,7.97,6.38],
[0.51,1.37,12.39,12.07,7.88,4.55,9.07],
[7.34,6.16,4.44,5.78,8.05,3.17,2.22],
[1.49,2.31,4.41,5.72,2.69,12.65,4.32],
[7.68,8.76,8.54,3.19,5.52,5.3,8.48],
[9.44,7.03,6.21,15.46,5.18,7.94,8.14],
[3.51,3.35,7.46,7.86,6.83,3.47,5.27],
[12.21,4.72,4.45,4.97,5.82,10.9,7.04],
[12.14,9.57,8.66,3.83,4.2,7.74,7.08],
[7.58,7.97,6.32,8.3,5.55,6.84,7.96],
[10.74,3.4,6.9,6.56,6.17,8.5,7.07],
[11.56,7.77,6.73,4.08,5.27,9.68,6.84],
[11.06,8.01,7.92,6.86,5.75,7.88,8.76],
[9.87,6.08,7.55,5.46,5.64,8.75,6.89],
[10.51,7.11,6.8,6.19,5.86,8.73,7.45],
[9.29,5.92,7.35,6.88,5.9,8.16,7.31],
[3.74,8.8,2.42,12.1,9.95,5.16,4.36],
[8.06,8.92,5.61,8.13,8.22,6.92,4.87],
[1.29,2.76,3.23,7.33,4.72,14.1,7.39],
[5.12,7.34,3.93,3.02,5.87,0.85,5.39],
[6.02,1.91,5.97,10.48,4.55,9.4,11.13],
[5.06,7.59,6.92,9.1,7.79,6.3,4.82],
[12.31,7.34,4.25,6.63,6.19,9.01,5.85],
[7.73,9.45,8.36,5.87,4.7,9.72,6.18],
[5.07,7.94,4.78,9.59,5.2,4.86,7.69],
[10.41,7.58,7.48,7.93,6.85,8.08,5.16],
[9.76,8.58,7.04,6.19,5.54,8.74,5.36],
[6.84,7.17,7.1,8.14,5.18,8.79,7.08],
[8.74,8.1,7.33,7.02,6.22,9.35,5.14],
[8.36,7.37,6.59,7.6,5.49,8.48,6.32],
[7.9,7.36,6.75,8.12,5.95,9.38,5.87],
[2.83,7.84,11.51,9.16,7.5,5.06,7.1],
[6.11,7.1,4.23,6.63,6.59,7.41,3.65],
[1.15,2.7,3.6,5.98,4.61,15.92,8.5],
[6.05,7.38,6.43,3.89,4.47,3.97,6.7],
[7.4,6.39,5.15,12.83,4.2,9.54,13.23],
[4.01,6.65,8.14,7.81,6.3,5.74,4.98],
[12.23,5.72,3.68,5.68,5.75,11.13,6.74],
[10.25,7.45,6.93,4.9,4.37,9.51,7.47],
[6.22,7.37,5.15,8.63,4.35,6.38,8.88],
[10.17,6.11,7.09,6.76,6.18,9.26,6.38],
[10.73,6.9,5.77,5.38,4.99,9.64,6.31],
[9.31,6.67,6.35,7.28,4.85,8.88,8.85],
[9.13,6.74,7.18,6.05,5.5,9.36,6.14],
[9.52,6.52,5.8,6.86,5.01,9.15,7.5],
[8.46,6.49,6.76,7.18,5.3,9.18,7.12]]
[[0,0,0,0,0,0,0],
[0,0,0,0,0,0,0],
[0,0,0,0,0,0,0],
[0,0,0,0,0,0,0],
[0,0,0,0,0,0,0],
[0.01,0.04,0,0.02,0,0,0],
[0.01,0.04,0,0,0.04,0,0.01],
[0.02,0,0.04,0.02,0.04,0,0.02],
[0.02,0.01,0,0,0.04,0,0.04],
[0,0.03,0,0.01,0.02,0,0],
[0.01,0.03,0.03,0.01,0.03,0,0.01],
[0.01,0,0.03,0.02,0.03,0,0.02],
[0.01,0.02,0.02,0.01,0.02,0,0.01],
[0.01,0.02,0.03,0.02,0.03,0,0.02],
[0.01,0.02,0.02,0.02,0.02,0,0.01],
[0,0,0,0,0,0,0],
[0,0,0,0,0,0,0],
[0,0,0,0,0,0,0],
[0,0,0,0,0,0,0],
[0,0,0,0,0,0,0],
[0.04,0,0.02,0.02,0,0.04,0.02],
[0.02,0,0,0.04,0,0.02,0],
[0.02,0.01,0,0.08,0.02,0.01,0.02],
[0,0,0,0.02,0,0.02,0.01],
[0.02,0,0.01,0.02,0,0.02,0.01],
[0.01,0,0,0.04,0.01,0.01,0.01],
[0.01,0,0,0.04,0.01,0.01,0.01],
[0.02,0,0.01,0.03,0.01,0.02,0.01],
[0.01,0,0,0.03,0.01,0.02,0.01],
[0.02,0,0.01,0.03,0,0.02,0.01],
[0,0,0,0,0,0,0],
[0,0,0,0,0,0,0],
[0,0,0,0,0,0,0],
[0,0,0,0,0,0,0],
[0,0,0,0,0,0,0],
[0,0,0.01,0,0,0.04,0],
[0.02,0.02,0,0.04,0,0.02,0],
[0,0,0.02,0.04,0.02,0,0.02],
[0,0,0,0.08,0.02,0,0.08],
[0.01,0.01,0,0.02,0,0.02,0],
[0.01,0.01,0.01,0.03,0.01,0.01,0.01],
[0,0,0.01,0.04,0.01,0,0.04],
[0.01,0.01,0.01,0.02,0.01,0.02,0.01],
[0.01,0.01,0.01,0.04,0.01,0.01,0.03],
[0.01,0.01,0.01,0.03,0.01,0.01,0.02],
[0,0,0,0,0,0,0],
[0,0,0,0,0,0,0],
[0,0,0,0,0,0,0],
[0,0,0,0,0,0,0],
[0,0,0,0,0,0,0],
[0,0.04,0,0.02,0,0.02,0],
[0.04,0,0,0,0.04,0.02,0.04],
[0,0.02,0.04,0,0.04,0,0.08],
[0,0,0,0,0.02,0.04,0.04],
[0.03,0.03,0,0.01,0.03,0.01,0.03],
[0.04,0.01,0.02,0,0.03,0.01,0.04],
[0,0.01,0.03,0,0.02,0.03,0.04],
[0.04,0.02,0.02,0.02,0.02,0.01,0.03],
[0.03,0.01,0.02,0,0.02,0.02,0.03],
[0.03,0.02,0.02,0.01,0.02,0.02,0.03],
[0,0,0,0,0,0,0],
[0,0,0,0,0,0,0],
[0,0,0,0,0,0,0],
[0,0,0,0,0,0,0],
[0,0,0,0,0,0,0],
[0.02,0,0.04,0,0,0.04,0.01],
[0,0.04,0.02,0,0.01,0.04,0.02],
[0.02,0,0,0,0.01,0.04,0],
[0,0,0,0.04,0.04,0,0.02],
[0.02,0.02,0.02,0,0,0.03,0.01],
[0.01,0.02,0.02,0,0,0.03,0.01],
[0.01,0,0,0.02,0.02,0.02,0.02],
[0.02,0.02,0.02,0,0,0.03,0.01],
[0.01,0.02,0.02,0.02,0.02,0.02,0.02],
[0.01,0.01,0.02,0.02,0.02,0.02,0.01],
[0,0,0.02,0.02,0,0,0.01],
[0,0.04,0,0.02,0,0.04,0],
[0,0,0.02,0,0.04,0,0.02],
[0,0.01,0.02,0,0.02,0.02,0.02],
[0.02,0,0.01,0.02,0.02,0,0.02],
[0.02,0.02,0.02,0.01,0,0.02,0.01],
[0.01,0.02,0.01,0.02,0.02,0.02,0.01],
[0.01,0,0.02,0.03,0.02,0.01,0.01],
[0.01,0,0.01,0.01,0.02,0.01,0.02],
[0.01,0.02,0.01,0.02,0.01,0.01,0.01],
[0.01,0.01,0.01,0.02,0.02,0.01,0.01],
[0.01,0,0.01,0.03,0.02,0.01,0.01],
[0.01,0.01,0.01,0.02,0.01,0.01,0.01],
[0.01,0.01,0.01,0.02,0.02,0.01,0.01],
[0.01,0.01,0.01,0.02,0.01,0.01,0.01],
[0.04,0,0,0.02,0,0,0.01],
[0,0,0,0,0,0,0],
[0.04,0.02,0,0,0,0,0],
[0,0,0.04,0,0.01,0.01,0.04],
[0,0,0.01,0.02,0,0,0.02],
[0.02,0,0.01,0.02,0,0.03,0.01],
[0.02,0.01,0,0.03,0,0.02,0],
[0.02,0.01,0.02,0.04,0.02,0.01,0.02],
[0,0,0.02,0.04,0.01,0.01,0.03],
[0.02,0.01,0.01,0.02,0,0.02,0.01],
[0.01,0.01,0.01,0.03,0.01,0.01,0.01],
[0.01,0.01,0.01,0.03,0.01,0.01,0.02],
[0.02,0.01,0.01,0.03,0.01,0.02,0.01],
[0.01,0.01,0.01,0.03,0.01,0.01,0.02],
[0.02,0.01,0.01,0.03,0.01,0.01,0.01],
[0,0.04,0.01,0.04,0.01,0,0.01],
[0.02,0,0,0.02,0.02,0,0.02],
[0.04,0.02,0,0.01,0,0,0.02],
[0.08,0,0,0,0,0,0.08],
[0.02,0,0,0.02,0,0.02,0.04],
[0.01,0.02,0,0.03,0.01,0.02,0.01],
[0.02,0.01,0,0.02,0.02,0.01,0.02],
[0.04,0.01,0.02,0.02,0.02,0,0.04],
[0.03,0,0,0.03,0.01,0.02,0.04],
[0.02,0.02,0,0.02,0.01,0.02,0.01],
[0.03,0.01,0.02,0.01,0.02,0.01,0.03],
[0.03,0.01,0.02,0.02,0.02,0.01,0.03],
[0.02,0.01,0.01,0.02,0.01,0.01,0.02],
[0.03,0.01,0.01,0.02,0.01,0.01,0.03],
[0.02,0.01,0.01,0.02,0.01,0.02,0.02],
[0.08,0.02,0,0.04,0,0.04,0.01],
[0.02,0.02,0.02,0.02,0,0.02,0],
[0.02,0,0,0,0.02,0.04,0],
[0,0.02,0.04,0,0,0,0.02],
[0,0.02,0.02,0.01,0,0.02,0.04],
[0.04,0.02,0.02,0.03,0,0.02,0],
[0.02,0.02,0.02,0.01,0.02,0.02,0.02],
[0.02,0.02,0.02,0.01,0.02,0.02,0.03],
[0,0.01,0.02,0.02,0.02,0.02,0.02],
[0.03,0.02,0.01,0.02,0.01,0.02,0.02],
[0.02,0.02,0.02,0.01,0.01,0.02,0.02],
[0.01,0.02,0.02,0.01,0.02,0.02,0.03],
[0.03,0.02,0.02,0.02,0.01,0.02,0.02],
[0.02,0.01,0.02,0.01,0.02,0.02,0.02],
[0.02,0.02,0.02,0.02,0.02,0.02,0.02],
[0.02,0,0.01,0.01,0,0,0],
[0,0.03,0.01,0.02,0,0.02,0],
[0.03,0.01,0.01,0,0.02,0,0.01],
[0,0,0.02,0,0.02,0.01,0.02],
[0.01,0,0,0.04,0.01,0,0.01],
[0.01,0.02,0.01,0.02,0,0.02,0.01],
[0.01,0.02,0.01,0.02,0.01,0.01,0.01],
[0.02,0.01,0.02,0.03,0.02,0.01,0.01],
[0.01,0,0.01,0.03,0.01,0.01,0.03],
[0.02,0.01,0.01,0.02,0.01,0.02,0.01],
[0.01,0.01,0.02,0.03,0.01,0.01,0.01],
[0.02,0.01,0.01,0.03,0.02,0,0.02],
[0.02,0.01,0.02,0.02,0.01,0.01,0.01],
[0.01,0.01,0.02,0.03,0.01,0.01,0.02],
[0.01,0.01,0.01,0.02,0.01,0.01,0.01],
[0.04,0.03,0,0.02,0.01,0,0],
[0.01,0,0,0.01,0.01,0,0.01],
[0.03,0.01,0,0.01,0,0,0.01],
[0.04,0,0.03,0,0,0.01,0.04],
[0.01,0,0.01,0.01,0,0.02,0.02],
[0.02,0.02,0.01,0.02,0.01,0.02,0.01],
[0.02,0.01,0,0.02,0.01,0.01,0.01],
[0.03,0.01,0.02,0.03,0.02,0.01,0.03],
[0.02,0,0.02,0.02,0.01,0.01,0.03],
[0.02,0.01,0.01,0.02,0.01,0.02,0.01],
[0.02,0.01,0.01,0.02,0.02,0.01,0.02],
[0.02,0.01,0.02,0.02,0.01,0.01,0.02],
[0.02,0.01,0.01,0.02,0.01,0.01,0.02],
[0.02,0.01,0.01,0.02,0.01,0.01,0.02],
[0.02,0.01,0.01,0.02,0.01,0.01,0.02],
[0.04,0.02,0.01,0.03,0,0.04,0],
[0.01,0.01,0.01,0.01,0.01,0.01,0.01],
[0.02,0.02,0,0.01,0.01,0.03,0.01],
[0.04,0.01,0.03,0,0,0,0.04],
[0.01,0.01,0.01,0.01,0,0.01,0.03],
[0.02,0.02,0.01,0.02,0.01,0.02,0.01],
[0.01,0.02,0.01,0.01,0.01,0.02,0.01],
[0.03,0.01,0.02,0.01,0.02,0.01,0.02],
[0.02,0.01,0.02,0.03,0.02,0.01,0.03],
[0.02,0.02,0.01,0.02,0.01,0.02,0.01],
[0.02,0.01,0.02,0.01,0.01,0.01,0.02],
[0.02,0.01,0.02,0.02,0.02,0.02,0.03],
[0.02,0.01,0.01,0.02,0.01,0.02,0.02],
[0.02,0.01,0.01,0.02,0.01,0.01,0.02],
[0.02,0.01,0.01,0.02,0.01,0.02,0.02],
[0.03,0.02,0.01,0.02,0.01,0,0],
[0.01,0.02,0.01,0.02,0.02,0.02,0.01],
[0.02,0.01,0.01,0.01,0.02,0,0.02],
[0.03,0.01,0.02,0,0.02,0.01,0.03],
[0.01,0,0.01,0.03,0.01,0.02,0.02],
[0.02,0.02,0.01,0.02,0.01,0.02,0.01],
[0.02,0.01,0.01,0.02,0.02,0.01,0.01],
[0.02,0.01,0.02,0.02,0.02,0.01,0.02],
[0.02,0.01,0.01,0.02,0.01,0.01,0.03],
[0.02,0.02,0.01,0.02,0.01,0.01,0.01],
[0.02,0.01,0.02,0.02,0.02,0.01,0.02],
[0.02,0.01,0.02,0.02,0.02,0.01,0.02],
[0.02,0.01,0.02,0.02,0.01,0.01,0.01],
[0.02,0.01,0.02,0.02,0.01,0.01,0.02],
[0.02,0.01,0.02,0.02,0.01,0.01,0.02],
[0.04,0.02,0.01,0.02,0.01,0.03,0],
[0.01,0.01,0.02,0.01,0.01,0.02,0.01],
[0.02,0.02,0,0.02,0.01,0.02,0.01],
[0.03,0.01,0.03,0,0,0.01,0.03],
[0.01,0.01,0.01,0.01,0,0.02,0.02],
[0.02,0.01,0.01,0.02,0.01,0.02,0.01],
[0.01,0.01,0.01,0.02,0.01,0.02,0.01],
[0.02,0.01,0.02,0.02,0.02,0.01,0.02],
[0.02,0.01,0.02,0.02,0.01,0.01,0.02],
[0.02,0.01,0.01,0.02,0.01,0.02,0.01],
[0.02,0.01,0.01,0.02,0.01,0.01,0.02],
[0.02,0.01,0.01,0.02,0.01,0.01,0.02],
[0.02,0.01,0.01,0.02,0.01,0.02,0.01],
[0.02,0.01,0.01,0.02,0.01,0.01,0.02],
[0.02,0.01,0.01,0.02,0.01,0.02,0.02],
[0.03,0.02,0.01,0.02,0.01,0.02,0],
[0.01,0.02,0.02,0.02,0.02,0.02,0.01],
[0.02,0.01,0.01,0.01,0.02,0.02,0.01],
[0.03,0.01,0.02,0,0.02,0.01,0.03],
[0.01,0.01,0.01,0.02,0.01,0.02,0.02],
[0.02,0.02,0.01,0.02,0.01,0.02,0.01],
[0.01,0.02,0.01,0.02,0.02,0.02,0.01],
[0.02,0.01,0.02,0.02,0.02,0.01,0.02],
[0.02,0.01,0.01,0.02,0.02,0.01,0.02],
[0.02,0.02,0.01,0.02,0.01,0.02,0.01],
[0.02,0.01,0.02,0.02,0.02,0.01,0.01],
[0.02,0.01,0.01,0.02,0.02,0.01,0.02],
[0.02,0.01,0.02,0.02,0.01,0.02,0.01],
[0.02,0.01,0.02,0.02,0.02,0.01,0.02],
[0.02,0.01,0.01,0.02,0.01,0.01,0.01]]
[[0.28,0.2,0.24,0.28,0.24,0.2,0.2],
[0.28,0.2,0.24,0.28,0.24,0.2,0.2],
[0.28,0.2,0.24,0.28,0.24,0.2,0.2],
[0.28,0.2,0.24,0.28,0.24,0.2,0.2],
[0.28,0.2,0.24,0.28,0.24,0.2,0.2],
[0.56,0.4,0.48,0.56,0.48,0.4,0.4],
[0.56,0.4,0.48,0.56,0.48,0.4,0.4],
[0.56,0.4,0.48,0.56,0.48,0.4,0.4],
[0.56,0.4,0.48,0.56,0.48,0.4,0.4],
[0.84,0.6,0.72,0.84,0.72,0.6,0.6],
[0.84,0.6,0.72,0.84,0.72,0.6,0.6],
[0.84,0.6,0.72,0.84,0.72,0.6,0.6],
[1.12,0.8,0.96,1.12,0.96,0.8,0.8],
[1.12,0.8,0.96,1.12,0.96,0.8,0.8],
[1.4,1,1.2,1.4,1.2,1,1],
[0.28,0.2,0.24,0.28,0.24,0.2,0.2],
[0.28,0.2,0.24,0.28,0.24,0.2,0.2],
[0.28,0.2,0.24,0.28,0.24,0.2,0.2],
[0.28,0.2,0.24,0.28,0.24,0.2,0.2],
[0.28,0.2,0.24,0.28,0.24,0.2,0.2],
[0.56,0.4,0.48,0.56,0.48,0.4,0.4],
[0.56,0.4,0.48,0.56,0.48,0.4,0.4],
[0.56,0.4,0.48,0.56,0.48,0.4,0.4],
[0.56,0.4,0.48,0.56,0.48,0.4,0.4],
[0.84,0.6,0.72,0.84,0.72,0.6,0.6],
[0.84,0.6,0.72,0.84,0.72,0.6,0.6],
[0.84,0.6,0.72,0.84,0.72,0.6,0.6],
[1.12,0.8,0.96,1.12,0.96,0.8,0.8],
[1.12,0.8,0.96,1.12,0.96,0.8,0.8],
[1.4,1,1.2,1.4,1.2,1,1],
[0.28,0.2,0.24,0.28,0.24,0.2,0.2],
[0.28,0.2,0.24,0.28,0.24,0.2,0.2],
[0.28,0.2,0.24,0.28,0.24,0.2,0.2],
[0.28,0.2,0.24,0.28,0.24,0.2,0.2],
[0.28,0.2,0.24,0.28,0.24,0.2,0.2],
[0.56,0.4,0.48,0.56,0.48,0.4,0.4],
[0.56,0.4,0.48,0.56,0.48,0.4,0.4],
[0.56,0.4,0.48,0.56,0.48,0.4,0.4],
[0.56,0.4,0.48,0.56,0.48,0.4,0.4],
[0.84,0.6,0.72,0.84,0.72,0.6,0.6],
[0.84,0.6,0.72,0.84,0.72,0.6,0.6],
[0.84,0.6,0.72,0.84,0.72,0.6,0.6],
[1.12,0.8,0.96,1.12,0.96,0.8,0.8],
[1.12,0.8,0.96,1.12,0.96,0.8,0.8],
[1.4,1,1.2,1.4,1.2,1,1],
[0.28,0.2,0.24,0.28,0.24,0.2,0.2],
[0.28,0.2,0.24,0.28,0.24,0.2,0.2],
[0.28,0.2,0.24,0.28,0.24,0.2,0.2],
[0.28,0.2,0.24,0.28,0.24,0.2,0.2],
[0.28,0.2,0.24,0.28,0.24,0.2,0.2],
[0.56,0.4,0.48,0.56,0.48,0.4,0.4],
[0.56,0.4,0.48,0.56,0.48,0.4,0.4],
[0.56,0.4,0.48,0.56,0.48,0.4,0.4],
[0.56,0.4,0.48,0.56,0.48,0.4,0.4],
[0.84,0.6,0.72,0.84,0.72,0.6,0.6],
[0.84,0.6,0.72,0.84,0.72,0.6,0.6],
[0.84,0.6,0.72,0.84,0.72,0.6,0.6],
[1.12,0.8,0.96,1.12,0.96,0.8,0.8],
[1.12,0.8,0.96,1.12,0.96,0.8,0.8],
[1.4,1,1.2,1.4,1.2,1,1],
[0.28,0.2,0.24,0.28,0.24,0.2,0.2],
[0.28,0.2,0.24,0.28,0.24,0.2,0.2],
[0.28,0.2,0.24,0.28,0.24,0.2,0.2],
[0.28,0.2,0.24,0.28,0.24,0.2,0.2],
[0.28,0.2,0.24,0.28,0.24,0.2,0.2],
[0.56,0.4,0.48,0.56,0.48,0.4,0.4],
[0.56,0.4,0.48,0.56,0.48,0.4,0.4],
[0.56,0.4,0.48,0.56,0.48,0.4,0.4],
[0.56,0.4,0.48,0.56,0.48,0.4,0.4],
[0.84,0.6,0.72,0.84,0.72,0.6,0.6],
[0.84,0.6,0.72,0.84,0.72,0.6,0.6],
[0.84,0.6,0.72,0.84,0.72,0.6,0.6],
[1.12,0.8,0.96,1.12,0.96,0.8,0.8],
[1.12,0.8,0.96,1.12,0.96,0.8,0.8],
[1.4,1,1.2,1.4,1.2,1,1],
[0.56,0.4,0.48,0.56,0.48,0.4,0.4],
[0.56,0.4,0.48,0.56,0.48,0.4,0.4],
[0.56,0.4,0.48,0.56,0.48,0.4,0.4],
[0.56,0.4,0.48,0.56,0.48,0.4,0.4],
[0.56,0.4,0.48,0.56,0.48,0.4,0.4],
[1.12,0.8,0.96,1.12,0.96,0.8,0.8],
[1.12,0.8,0.96,1.12,0.96,0.8,0.8],
[1.12,0.8,0.96,1.12,0.96,0.8,0.8],
[1.12,0.8,0.96,1.12,0.96,0.8,0.8],
[1.68,1.2,1.44,1.68,1.44,1.2,1.2],
[1.68,1.2,1.44,1.68,1.44,1.2,1.2],
[1.68,1.2,1.44,1.68,1.44,1.2,1.2],
[2.24,1.6,1.92,2.24,1.92,1.6,1.6],
[2.24,1.6,1.92,2.24,1.92,1.6,1.6],
[2.8,2,2.4,2.8,2.4,2,2],
[0.56,0.4,0.48,0.56,0.48,0.4,0.4],
[0.56,0.4,0.48,0.56,0.48,0.4,0.4],
[0.56,0.4,0.48,0.56,0.48,0.4,0.4],
[0.56,0.4,0.48,0.56,0.48,0.4,0.4],
[0.56,0.4,0.48,0.56,0.48,0.4,0.4],
[1.12,0.8,0.96,1.12,0.96,0.8,0.8],
[1.12,0.8,0.96,1.12,0.96,0.8,0.8],
[1.12,0.8,0.96,1.12,0.96,0.8,0.8],
[1.12,0.8,0.96,1.12,0.96,0.8,0.8],
[1.68,1.2,1.44,1.68,1.44,1.2,1.2],
[1.68,1.2,1.44,1.68,1.44,1.2,1.2],
[1.68,1.2,1.44,1.68,1.44,1.2,1.2],
[2.24,1.6,1.92,2.24,1.92,1.6,1.6],
[2.24,1.6,1.92,2.24,1.92,1.6,1.6],
[2.8,2,2.4,2.8,2.4,2,2],
[0.56,0.4,0.48,0.56,0.48,0.4,0.4],
[0.56,0.4,0.48,0.56,0.48,0.4,0.4],
[0.56,0.4,0.48,0.56,0.48,0.4,0.4],
[0.56,0.4,0.48,0.56,0.48,0.4,0.4],
[0.56,0.4,0.48,0.56,0.48,0.4,0.4],
[1.12,0.8,0.96,1.12,0.96,0.8,0.8],
[1.12,0.8,0.96,1.12,0.96,0.8,0.8],
[1.12,0.8,0.96,1.12,0.96,0.8,0.8],
[1.12,0.8,0.96,1.12,0.96,0.8,0.8],
[1.68,1.2,1.44,1.68,1.44,1.2,1.2],
[1.68,1.2,1.44,1.68,1.44,1.2,1.2],
[1.68,1.2,1.44,1.68,1.44,1.2,1.2],
[2.24,1.6,1.92,2.24,1.92,1.6,1.6],
[2.24,1.6,1.92,2.24,1.92,1.6,1.6],
[2.8,2,2.4,2.8,2.4,2,2],
[0.56,0.4,0.48,0.56,0.48,0.4,0.4],
[0.56,0.4,0.48,0.56,0.48,0.4,0.4],
[0.56,0.4,0.48,0.56,0.48,0.4,0.4],
[0.56,0.4,0.48,0.56,0.48,0.4,0.4],
[0.56,0.4,0.48,0.56,0.48,0.4,0.4],
[1.12,0.8,0.96,1.12,0.96,0.8,0.8],
[1.12,0.8,0.96,1.12,0.96,0.8,0.8],
[1.12,0.8,0.96,1.12,0.96,0.8,0.8],
[1.12,0.8,0.96,1.12,0.96,0.8,0.8],
[1.68,1.2,1.44,1.68,1.44,1.2,1.2],
[1.68,1.2,1.44,1.68,1.44,1.2,1.2],
[1.68,1.2,1.44,1.68,1.44,1.2,1.2],
[2.24,1.6,1.92,2.24,1.92,1.6,1.6],
[2.24,1.6,1.92,2.24,1.92,1.6,1.6],
[2.8,2,2.4,2.8,2.4,2,2],
[0.84,0.6,0.72,0.84,0.72,0.6,0.6],
[0.84,0.6,0.72,0.84,0.72,0.6,0.6],
[0.84,0.6,0.72,0.84,0.72,0.6,0.6],
[0.84,0.6,0.72,0.84,0.72,0.6,0.6],
[0.84,0.6,0.72,0.84,0.72,0.6,0.6],
[1.68,1.2,1.44,1.68,1.44,1.2,1.2],
[1.68,1.2,1.44,1.68,1.44,1.2,1.2],
[1.68,1.2,1.44,1.68,1.44,1.2,1.2],
[1.68,1.2,1.44,1.68,1.44,1.2,1.2],
[2.52,1.8,2.16,2.52,2.16,1.8,1.8],
[2.52,1.8,2.16,2.52,2.16,1.8,1.8],
[2.52,1.8,2.16,2.52,2.16,1.8,1.8],
[3.36,2.4,2.88,3.36,2.88,2.4,2.4],
[3.36,2.4,2.88,3.36,2.88,2.4,2.4],
[4.2,3,3.6,4.2,3.6,3,3],
[0.84,0.6,0.72,0.84,0.72,0.6,0.6],
[0.84,0.6,0.72,0.84,0.72,0.6,0.6],
[0.84,0.6,0.72,0.84,0.72,0.6,0.6],
[0.84,0.6,0.72,0.84,0.72,0.6,0.6],
[0.84,0.6,0.72,0.84,0.72,0.6,0.6],
[1.68,1.2,1.44,1.68,1.44,1.2,1.2],
[1.68,1.2,1.44,1.68,1.44,1.2,1.2],
[1.68,1.2,1.44,1.68,1.44,1.2,1.2],
[1.68,1.2,1.44,1.68,1.44,1.2,1.2],
[2.52,1.8,2.16,2.52,2.16,1.8,1.8],
[2.52,1.8,2.16,2.52,2.16,1.8,1.8],
[2.52,1.8,2.16,2.52,2.16,1.8,1.8],
[3.36,2.4,2.88,3.36,2.88,2.4,2.4],
[3.36,2.4,2.88,3.36,2.88,2.4,2.4],
[4.2,3,3.6,4.2,3.6,3,3],
[0.84,0.6,0.72,0.84,0.72,0.6,0.6],
[0.84,0.6,0.72,0.84,0.72,0.6,0.6],
[0.84,0.6,0.72,0.84,0.72,0.6,0.6],
[0.84,0.6,0.72,0.84,0.72,0.6,0.6],
[0.84,0.6,0.72,0.84,0.72,0.6,0.6],
[1.68,1.2,1.44,1.68,1.44,1.2,1.2],
[1.68,1.2,1.44,1.68,1.44,1.2,1.2],
[1.68,1.2,1.44,1.68,1.44,1.2,1.2],
[1.68,1.2,1.44,1.68,1.44,1.2,1.2],
[2.52,1.8,2.16,2.52,2.16,1.8,1.8],
[2.52,1.8,2.16,2.52,2.16,1.8,1.8],
[2.52,1.8,2.16,2.52,2.16,1.8,1.8],
[3.36,2.4,2.88,3.36,2.88,2.4,2.4],
[3.36,2.4,2.88,3.36,2.88,2.4,2.4],
[4.2,3,3.6,4.2,3.6,3,3],
[1.12,0.8,0.96,1.12,0.96,0.8,0.8],
[1.12,0.8,0.96,1.12,0.96,0.8,0.8],
[1.12,0.8,0.96,1.12,0.96,0.8,0.8],
[1.12,0.8,0.96,1.12,0.96,0.8,0.8],
[1.12,0.8,0.96,1.12,0.96,0.8,0.8],
[2.24,1.6,1.92,2.24,1.92,1.6,1.6],
[2.24,1.6,1.92,2.24,1.92,1.6,1.6],
[2.24,1.6,1.92,2.24,1.92,1.6,1.6],
[2.24,1.6,1.92,2.24,1.92,1.6,1.6],
[3.36,2.4,2.88,3.36,2.88,2.4,2.4],
[3.36,2.4,2.88,3.36,2.88,2.4,2.4],
[3.36,2.4,2.88,3.36,2.88,2.4,2.4],
[4.48,3.2,3.84,4.48,3.84,3.2,3.2],
[4.48,3.2,3.84,4.48,3.84,3.2,3.2],
[5.6,4,4.8,5.6,4.8,4,4],
[1.12,0.8,0.96,1.12,0.96,0.8,0.8],
[1.12,0.8,0.96,1.12,0.96,0.8,0.8],
[1.12,0.8,0.96,1.12,0.96,0.8,0.8],
[1.12,0.8,0.96,1.12,0.96,0.8,0.8],
[1.12,0.8,0.96,1.12,0.96,0.8,0.8],
[2.24,1.6,1.92,2.24,1.92,1.6,1.6],
[2.24,1.6,1.92,2.24,1.92,1.6,1.6],
[2.24,1.6,1.92,2.24,1.92,1.6,1.6],
[2.24,1.6,1.92,2.24,1.92,1.6,1.6],
[3.36,2.4,2.88,3.36,2.88,2.4,2.4],
[3.36,2.4,2.88,3.36,2.88,2.4,2.4],
[3.36,2.4,2.88,3.36,2.88,2.4,2.4],
[4.48,3.2,3.84,4.48,3.84,3.2,3.2],
[4.48,3.2,3.84,4.48,3.84,3.2,3.2],
[5.6,4,4.8,5.6,4.8,4,4],
[1.4,1,1.2,1.4,1.2,1,1],
[1.4,1,1.2,1.4,1.2,1,1],
[1.4,1,1.2,1.4,1.2,1,1],
[1.4,1,1.2,1.4,1.2,1,1],
[1.4,1,1.2,1.4,1.2,1,1],
[2.8,2,2.4,2.8,2.4,2,2],
[2.8,2,2.4,2.8,2.4,2,2],
[2.8,2,2.4,2.8,2.4,2,2],
[2.8,2,2.4,2.8,2.4,2,2],
[4.2,3,3.6,4.2,3.6,3,3],
[4.2,3,3.6,4.2,3.6,3,3],
[4.2,3,3.6,4.2,3.6,3,3],
[5.6,4,4.8,5.6,4.8,4,4],
[5.6,4,4.8,5.6,4.8,4,4],
[7,5,6,7,6,5,5]]
[1,1,1,1,1,2,2,2,2,3,3,3,4,4,5,1,1,1,1,1,2,2,2,2,3,3,3,4,4,5,1,1,1,1,1,2,2,2,2,3,3,3,4,4,5,1,1,1,1,1,2,2,2,2,3,3,3,4,4,5,1,1,1,1,1,2,2,2,2,3,3,3,4,4,5,2,2,2,2,2,4,4,4,4,6,6,6,8,8,10,2,2,2,2,2,4,4,4,4,6,6,6,8,8,10,2,2,2,2,2,4,4,4,4,6,6,6,8,8,10,2,2,2,2,2,4,4,4,4,6,6,6,8,8,10,3,3,3,3,3,6,6,6,6,9,9,9,12,12,15,3,3,3,3,3,6,6,6,6,9,9,9,12,12,15,3,3,3,3,3,6,6,6,6,9,9,9,12,12,15,4,4,4,4,4,8,8,8,8,12,12,12,16,16,20,4,4,4,4,4,8,8,8,8,12,12,12,16,16,20,5,5,5,5,5,10,10,10,10,15,15,15,20,20,25] 
[8.46,6.49,6.76,7.18,5.3,9.18,7.12] 
[0.02,0.01,0.01,0.02,0.01,0.01,0.01] 
[7,5,6,7,6,5,5] 
[1.91,1.89,2.05,1.85,2.06,1.92,2.05]