Instance: 33
width: 5
long: 5
Parcels: 7
Crops: 19
Water: 258000

Chemical Properties by Parcel
12.75   10.7   14.54   13.91   16.72   14.03   15.69   15.69   16.14   12.83   12.13   13.71   16.78   10.88   11.28   11.35   13.65   16.85   15   10.36   15.65   15.99   13.52   11.08   17.83    
14.8   12.33   9.63   13.33   10.27   10.69   16.94   13.74   17.08   13.9   11.47   10.88   12.98   11.92   17.07   15.64   18.21   12.83   12.3   11.03   18.29   10.6   18.12   16.64   16.49    
9.67   15.75   15.35   17.06   12.14   12.05   17.6   11.81   16.49   17.24   13.27   11.59   13.61   11.45   12.48   16.11   14.03   16.01   10.96   13.77   16.75   13.98   10.05   12.46   16.81    
18.16   15.09   16.22   16   15.68   12.2   12.65   11.16   15.49   13.72   16.63   12.25   11.74   10.46   17.64   10.51   15.4   15.57   10.94   16.14   16.88   12.89   15.95   12.42   14.58    
12.15   18.49   16.39   12.34   16.25   10.45   11.79   14.41   11.08   16.04   17.99   11.16   13.51   14.77   15.04   15.19   18.17   16.53   10.32   11.77   10.67   12.73   11.92   11.31   10.38    
13.1   15.46   12.97   17.46   16.84   13.72   10.18   15.74   18.22   14.14   15.75   17.26   15.88   16.79   14.07   14.8   11.57   12.46   17.46   17.51   12.55   11.76   15.1   12.93   18.09    
13.2   17.36   17.11   17   12.56   16.83   10.1   11.5   10.81   15.41   18.45   12.85   11.73   18.24   13.66   18.4   14.71   16.36   18.63   16.9   17.71   14.15   16.24   17.02   13.47    

Physical Properties by Parcel
5.4   5.4   5.4   5.4   5.2   5.5   5.5   5.3   5.5   5.3   5.3   5.5   5.6   5.4   5.3   5.5   5.5   5.3   5.5   5.2   5.3   5.4   5.3   5.4   5.3    
5.3   5.4   5.4   5.2   5.4   5.5   5.4   5.4   5.4   5.3   5.4   5.4   5.3   5.2   5.6   5.3   5.2   5.4   5.3   5.6   5.5   5.2   5.6   5.3   5.5    
5.5   5.5   5.3   5.4   5.5   5.6   5.5   5.5   5.3   5.3   5.6   5.5   5.5   5.2   5.6   5.2   5.5   5.4   5.4   5.4   5.5   5.5   5.6   5.3   5.3    
5.5   5.5   5.5   5.4   5.5   5.3   5.5   5.3   5.3   5.4   5.4   5.6   5.2   5.4   5.2   5.5   5.4   5.2   5.3   5.4   5.3   5.4   5.6   5.5   5.5    
5.5   5.5   5.2   5.4   5.4   5.4   5.2   5.4   5.3   5.4   5.3   5.4   5.6   5.5   5.3   5.6   5.3   5.3   5.5   5.5   5.4   5.5   5.6   5.6   5.5    
5.5   5.5   5.4   5.4   5.4   5.6   5.3   5.4   5.5   5.4   5.5   5.3   5.3   5.2   5.4   5.5   5.2   5.4   5.2   5.6   5.2   5.3   5.4   5.4   5.4    
5.6   5.4   5.6   5.5   5.4   5.4   5.4   5.4   5.3   5.6   5.4   5.3   5.2   5.3   5.2   5.3   5.6   5.3   5.5   5.5   5.5   5.3   5.3   5.6   5.3    

Ha by Parcels
6   7   5   7   7   5   6   

Cost of m3 in each parcel
2.02   2.17   2.04   1.89   2.03   1.97   2.05   