225
25
7
252000
[[0,0,0,0,0,0,0],
[0,0,0,0,0,0,0],
[0,0,0,0,0,0,0],
[0,0,0,0,0,0,0],
[0,0,0,0,0,0,0],
[0.1,3.92,3.3,13.36,16.88,25.13,3.15],
[6.52,0.78,5.99,1.22,19.28,2.25,9.42],
[6.3,24.85,26.35,6.48,33.87,7.33,8.16],
[8.57,0.03,12.8,0.94,0.03,0.16,8.08],
[4.95,4.3,3.23,7.03,12.08,13.24,4.75],
[4.27,14.15,13.19,7,18.4,9.09,5.87],
[5.02,17.15,13.86,6.59,23.28,4.28,16.24],
[3.55,9.85,10.59,6.82,17.13,10.9,4.15],
[5.06,14.55,9.26,9.27,15.63,7.89,10.85],
[4.97,10.92,8.04,7.64,17.4,8.69,9.18],
[0,0,0,0,0,0,0],
[0,0,0,0,0,0,0],
[0,0,0,0,0,0,0],
[0,0,0,0,0,0,0],
[0,0,0,0,0,0,0],
[2.49,4.56,0.04,0.57,0,2.35,1.43],
[6.7,0.78,21.39,9.03,2.46,19.78,0.41],
[11.38,5.64,2.18,1.73,0.76,13.16,0.28],
[8.69,4.68,11.57,15.62,0.17,0.94,0.06],
[3.4,4.82,13.69,7.92,1.71,10.21,1.74],
[6.23,2.88,11.16,9.81,3.06,11.2,0.24],
[6.75,10.31,12.52,8.1,0.38,11.74,0.14],
[4.63,3.79,10.32,11.65,3.02,7.49,1.2],
[5.37,7.88,11.48,8.69,2.27,9.28,0.16],
[4.17,6.37,9.75,9.39,2.69,6.99,0.99],
[0,0,0,0,0,0,0],
[0,0,0,0,0,0,0],
[0,0,0,0,0,0,0],
[0,0,0,0,0,0,0],
[0,0,0,0,0,0,0],
[5.02,8.53,9.2,14.74,0.57,0.18,6.99],
[29.95,17.17,20.1,0.01,27.68,1.34,0.09],
[0.39,0.4,5.92,2.6,33.78,1.31,0.01],
[7.41,2.98,3.86,1.11,31.52,9.86,0],
[15.14,9.06,10.47,10.03,21.49,0.69,4.19],
[22.5,9.97,10.07,1.65,20.59,0.89,0.05],
[4.07,2.97,3.33,3.61,21.78,9.84,0.01],
[16.3,6.72,7.08,6.73,16.43,0.59,3.11],
[15.12,6.94,8.41,3.31,19.83,6.77,0.03],
[12.23,5.33,6.37,5.68,18.97,5.41,2.48],
[0,0,0,0,0,0,0],
[0,0,0,0,0,0,0],
[0,0,0,0,0,0,0],
[0,0,0,0,0,0,0],
[0,0,0,0,0,0,0],
[2.65,26.35,2.62,0.99,2.95,0.35,6.37],
[9.59,1.28,4.87,24.36,13.47,1.67,0.17],
[0.02,1.55,0.01,24.78,1.81,0.41,15.24],
[0,0.24,38.02,7.45,4.29,0.03,0.56],
[11.52,14.55,7.37,13.62,6.74,1.86,5.07],
[6.67,2.82,3.13,16.38,6.9,0.84,9.19],
[0.01,1.6,25.67,12.43,5.92,0.37,8.58],
[11.42,9.74,6.78,11.12,4.64,1.33,7.25],
[5,3.32,17.12,11.48,6.12,0.57,7.59],
[10.14,7.5,13.99,8.93,4.6,1,6.16],
[0,0,0,0,0,0,0],
[0,0,0,0,0,0,0],
[0,0,0,0,0,0,0],
[0,0,0,0,0,0,0],
[0,0,0,0,0,0,0],
[7.22,12.55,1.38,24.29,1.23,34.86,0.53],
[11.62,0.45,25.92,1.39,6.85,0.36,8.99],
[0.01,0.79,1.13,19.1,8.36,10.95,1.08],
[0.99,1.71,0.11,9.9,3.13,5.41,0.02],
[6.45,7.08,14.21,21,3.45,21.12,4.89],
[7.94,1.23,14.43,10.22,5.1,8.87,8.79],
[0.61,0.89,0.59,10.16,11.07,5.78,0.84],
[5.37,4.73,11.36,15.88,3.45,15.59,7.17],
[5.31,0.94,10.48,7.01,7.38,5.91,7.55],
[4.03,4.12,9.79,13.06,5.97,12.11,7.39],
[2.27,0.28,0.72,10.44,17.52,3.48,15.13],
[0.15,12.85,8.16,1.39,0,21.91,0.85],
[0.13,28.65,17.76,9.5,8.04,1.6,11.19],
[1.48,4.03,5.75,3.43,14.85,0.12,1.04],
[1.43,18.85,4.93,9.42,13.06,1.04,4.29],
[1.07,4.38,3.4,5.35,8.57,10.48,5.38],
[4.5,13.83,9.43,6.45,8.6,9.29,6.31],
[6.3,12.03,10.06,6.8,11.71,7.26,5.99],
[6.72,8.29,11.68,5.77,9.36,0.44,2.9],
[3.38,8.36,6.79,6.05,8.82,9.54,7.03],
[4.46,10.02,9.81,9.22,8.65,8.75,4.3],
[5.22,11.05,10.56,6.11,10.9,6.43,6.9],
[3.51,7.31,9.09,8.21,9,7.94,5.3],
[4.83,9.85,9.27,8.03,8.43,7.95,5.09],
[4.12,7.78,8.28,7.57,8.93,7.08,5.64],
[2.62,0.08,9.55,13.99,19.16,5.02,7.96],
[29.57,22.85,0.06,0.73,12.65,0.08,18.24],
[6.88,2.31,0.01,15.51,10.72,34.69,11.05],
[0.02,0.05,0.72,13.26,2.78,1.25,15.79],
[0.01,0.44,20.42,1.86,12.45,8.95,13.94],
[10.8,7.74,4.94,6.49,10.68,1.91,11.19],
[13.54,12.6,13.85,6.84,10.06,13.39,9.78],
[4.96,2.29,2.79,11.02,11.94,13.01,8.97],
[5.37,2.69,7.39,6.44,11.14,4.18,9.92],
[8.73,7.97,10.45,7.25,10.73,9.08,9.6],
[12.07,7.6,8.51,9.33,9.71,8.38,9.03],
[4.78,5.34,7.29,7.26,10.62,9.71,8.17],
[9.71,5.7,7.7,8.67,9.77,6.71,9.24],
[9.07,7.4,9.1,6.93,9.56,7.54,8.45],
[7.73,5.79,8.29,6.95,9.8,6.46,8.84],
[6.77,10.35,1.86,0.62,5.35,1.84,0.87],
[10.35,23.39,10.81,16.42,0.03,2.33,17.94],
[28.65,0.19,1.02,0.65,3.08,15.85,18.91],
[37.24,1.11,11.33,6.55,7.37,4.81,0.32],
[11,0.03,22.71,1.5,24.71,1.26,1.75],
[8.2,12.06,4.56,7.02,1.95,1.56,6.27],
[13.94,9.37,11.4,9.88,14.33,6.06,12.37],
[22,1.02,5.17,9.64,12.02,6.93,9.11],
[17.26,1.2,14.29,3.15,12.79,3.49,0.78],
[10.68,9.54,7.71,9.87,11.3,4.16,7.6],
[16.19,5.86,9.2,9.46,11.04,4.64,9.28],
[16.18,1.94,11.61,6.43,12.15,5.79,6.03],
[13.01,7.05,7.36,8.55,9.37,3.75,6.85],
[13.39,4.84,11.24,7.09,11.74,4.69,7.18],
[11.72,5.71,9.1,6.82,10.55,4.25,5.86],
[4.18,0,3.54,15.9,0.39,4.53,11.81],
[5.15,2.74,2.06,0,4.87,10.13,2.69],
[3.84,1.43,34.36,36.72,16.65,1.66,3.15],
[4,0.71,22.31,10.81,0.02,1.9,1.19],
[8.61,0.91,1.25,6.7,15.96,1.26,0.04],
[3.3,13.46,3.17,11.15,1.81,11.92,6.6],
[10.05,1.93,13.53,14.59,7.36,4.01,3.06],
[2.62,1.47,19.05,15.91,5.96,3.79,5.52],
[4.39,0.65,14.88,5.87,5.34,1.83,0.47],
[7.51,9.22,9.07,14.12,4.49,9.56,4.71],
[8.43,2.53,12.61,11.13,4.99,4.52,7.25],
[3.42,1.07,16.48,10.95,6.8,2.53,3.78],
[7.82,6.71,9.66,11.63,3.66,7.29,6.87],
[7.42,2.09,14.13,8.93,5.97,3.42,6.54],
[7.43,5.34,11.41,9.81,4.76,5.93,6.49],
[4.89,0.14,5.1,8.23,12.24,2.88,8.08],
[18.4,12.38,5.01,0.74,8.4,15.54,10.11],
[5.29,15.22,12.15,8.58,18.69,19.23,7.41],
[0.89,2.42,5.67,6.63,16.04,0.65,8.52],
[1.04,10.94,10.21,4.73,8.5,4.63,17.31],
[9.38,5.52,4.18,6.62,9.79,8.39,7.56],
[9.48,12.18,9.82,4.81,10.87,14.12,7.78],
[5.29,7.32,7.22,8.08,13.95,9.75,7.08],
[5.7,6.27,8.03,4.79,12.39,2.55,10.78],
[7.19,7.68,7.62,6.31,10.95,10.83,7.67],
[8.62,9.13,8.71,7.78,10.89,10.01,7.13],
[5.16,7.72,8.14,6.27,12.7,7.25,9.75],
[7.25,6.69,7.8,7.38,10.89,8.32,7.13],
[7.24,8.68,8.37,6.95,10.79,8.13,8.93],
[6.39,6.84,7.63,6.71,11.34,7.21,8.38],
[3.45,6.36,4.8,7.78,9.59,2.55,7.64],
[14.95,15.41,7.79,9.12,8.84,1.32,12.06],
[14.33,2.11,0.76,12.89,5.37,18.06,10.34],
[25.35,0.62,6.13,6.99,3.75,2.4,9.24],
[7.12,0.4,14.4,1.13,13.08,4.57,7.17],
[7.71,9.97,5.21,7.05,7.44,1.57,8],
[11.71,8.02,11.95,9.07,9.29,9.15,8.96],
[16.87,2.3,3.82,12.12,7.94,8.84,8.64],
[15.09,1.68,12.06,5.36,7.78,3.05,6.58],
[8.5,8.81,9.58,8.15,8.6,6.53,7.6],
[14.45,5.46,9.16,10.07,7.8,6.36,8.57],
[13.07,3.88,11.1,8.01,8.23,6.67,7.28],
[11.19,6.52,8.5,8.76,7.48,5.19,7.89],
[12.24,5.63,11.19,7.57,8.1,5.55,7.69],
[10.25,5.96,9.82,7.1,7.82,4.86,7.45],
[3.75,7.04,1.89,13.1,2.86,2.32,6.32],
[15.2,12.09,11.73,10.79,3.02,11.55,18.39],
[14.67,1.43,19.64,21.66,17.92,15.09,9.56],
[19.35,1.8,11.83,5.96,5.21,2.46,1.41],
[6.59,0.75,12.42,3.35,13.87,0.84,1.36],
[7.68,9.86,5.45,9.85,2.36,8.74,9.91],
[12.02,5.77,12.72,13.96,11.03,10.67,11.53],
[13.62,1.8,12.73,11.38,10.46,7.54,6.1],
[10.56,1.07,11.07,3.87,9.52,3.18,1.13],
[8.61,8.03,8.44,12,8.22,9.73,8.8],
[12.35,4.2,10.93,10.22,8.27,7.79,9.69],
[10.28,1.6,12.59,8.32,10.57,5.76,4.36],
[9.8,6.19,8.3,9.82,6.93,7.56,8.5],
[10.32,3.37,11.32,8.17,9.49,6.31,7.87],
[8.82,4.98,9.2,8.31,8.5,6.89,7.54],
[3.78,5.25,3.48,5.69,8.47,2.04,6.54],
[12.31,12.3,6.47,8,8.8,10.39,8.17],
[9.6,10.2,11.19,8.61,13.41,12.93,10.22],
[17.31,2.85,5.78,4.7,10.75,1.66,7.2],
[4.76,7.63,9.92,4.05,12.98,3.22,13.27],
[7.14,7.72,4.27,7.04,7.74,6.05,6.31],
[9.66,9.97,10.37,7.15,9.83,10.33,8.2],
[12.99,5.61,7.32,9.61,10.53,7.47,7.48],
[12.06,5.12,11.19,4.52,10.78,2.3,9.17],
[7.66,8.23,8.21,7.26,9.2,8.24,7.03],
[11.63,7.27,9.12,8.86,9.2,7.59,7.32],
[10.43,6.1,10.77,7.23,10.52,5.64,8.65],
[9.42,6.92,8.44,7.84,8.91,6.5,6.75],
[10.15,7.04,10.06,7.41,9.68,6.21,8.11],
[8.89,6.72,8.95,6.86,9.56,5.65,7.47],
[2.66,6.48,5.2,10.52,6.54,3.64,6.85],
[13.35,10.28,12.08,8.86,6.31,9.31,12.66],
[9.82,3.4,13.78,17.45,12.22,14,6.89],
[19.13,1.49,7.9,8.57,3.49,1.64,6.17],
[5.03,1.11,9.75,3.23,10.45,3.98,4.79],
[6.87,9.41,7.41,8.59,5.51,6.59,8.38],
[10.4,6.23,12.46,11.3,8.75,10.55,8.68],
[12.92,3.04,9.6,11.6,7.68,8.18,6.33],
[11.11,1.45,9.81,5.28,7.15,3.08,4.7],
[7.4,8.47,9.57,10.24,7.53,9.36,7.52],
[11.95,4.75,10.09,9.83,6.75,7.76,8.3],
[9.82,3.2,11.44,8.28,8.04,6.33,5.45],
[9.31,6.51,8.63,9.61,6.32,7.29,7.86],
[10.04,4.44,10.87,7.86,7.42,6.54,7.38],
[8.4,5.55,9.42,8.1,7.02,6.55,7.42],
[3.49,6.38,4.53,9.21,6.35,2.78,7.01],
[10.93,9.32,9.24,9.25,6.64,11.43,9.52],
[7.37,8.01,14.78,13.71,13.77,10.78,7.84],
[15.16,3.77,8.49,6.5,8.12,1.26,5.42],
[3.82,5.77,7.66,4.04,10.24,3.34,10.53],
[6.41,7.75,6.16,8.22,6.16,8.72,7.38],
[8.98,7.82,10.99,10.21,9.07,10.01,8.51],
[10.9,5.24,10.45,9.8,9.74,7.21,5.95],
[9.7,4.43,10.12,4.73,8.94,2.54,7.31],
[6.94,7.81,8.56,9.2,8.01,9.81,7.54],
[10.3,6.12,9.81,9.15,8.17,7.98,7.44],
[8.46,5.18,10.97,7.5,9.93,5.59,6.94],
[8.38,6.72,8.52,8.71,7.7,7.75,7.13],
[8.86,5.8,10.06,7.7,8.84,6.59,7.7],
[7.74,6.29,8.8,7.69,8.58,6.73,7.41]]
[[0,0,0,0,0,0,0],
[0,0,0,0,0,0,0],
[0,0,0,0,0,0,0],
[0,0,0,0,0,0,0],
[0,0,0,0,0,0,0],
[0.02,0.02,0,0,0,0.04,0.01],
[0,0.02,0.02,0,0,0.04,0.01],
[0.02,0.01,0.02,0,0,0.02,0],
[0.01,0,0.02,0.04,0.02,0.02,0],
[0.01,0.01,0.01,0,0,0.03,0],
[0.02,0.01,0.01,0,0,0.02,0],
[0.01,0.01,0.04,0.02,0.02,0.01,0],
[0.02,0.01,0.01,0,0,0.02,0],
[0.02,0.01,0.03,0.02,0.02,0.02,0.01],
[0.01,0.01,0.02,0.01,0.02,0.02,0.01],
[0,0,0,0,0,0,0],
[0,0,0,0,0,0,0],
[0,0,0,0,0,0,0],
[0,0,0,0,0,0,0],
[0,0,0,0,0,0,0],
[0,0,0,0.04,0,0.02,0.04],
[0,0,0.08,0,0,0,0],
[0,0.04,0.04,0,0,0.04,0],
[0.02,0.02,0,0,0.02,0.02,0],
[0,0,0.04,0.02,0.01,0.01,0.03],
[0,0.03,0.04,0,0,0.03,0],
[0.02,0.02,0.03,0,0.02,0.02,0],
[0,0.02,0.03,0.02,0.01,0.02,0.02],
[0.02,0.02,0.03,0,0.02,0.02,0],
[0.01,0.02,0.02,0.01,0.01,0.02,0.02],
[0,0,0,0,0,0,0],
[0,0,0,0,0,0,0],
[0,0,0,0,0,0,0],
[0,0,0,0,0,0,0],
[0,0,0,0,0,0,0],
[0.01,0.02,0,0,0.04,0.02,0.02],
[0.01,0,0,0,0.02,0.02,0],
[0,0.01,0,0.01,0,0,0.01],
[0.08,0,0.08,0,0,0,0],
[0,0.01,0,0,0.02,0.01,0.01],
[0.01,0.01,0,0,0.02,0.01,0],
[0.04,0,0.04,0,0,0,0.01],
[0.01,0.01,0.01,0,0.02,0.01,0.01],
[0.03,0.01,0.03,0,0.02,0.01,0.01],
[0.02,0.01,0.02,0,0.02,0.01,0.01],
[0,0,0,0,0,0,0],
[0,0,0,0,0,0,0],
[0,0,0,0,0,0,0],
[0,0,0,0,0,0,0],
[0,0,0,0,0,0,0],
[0,0,0.02,0.02,0,0,0],
[0.08,0.01,0.08,0.02,0,0,0.04],
[0.04,0.04,0.02,0.02,0.01,0,0.02],
[0.04,0.04,0.01,0.04,0,0.04,0.02],
[0.05,0.01,0.04,0.01,0,0.01,0.02],
[0.04,0.02,0.04,0.01,0,0,0.02],
[0.03,0.03,0.02,0.02,0.01,0.04,0.01],
[0.04,0.02,0.03,0.01,0.01,0.01,0.02],
[0.04,0.02,0.03,0.02,0.01,0.03,0.02],
[0.04,0.02,0.02,0.02,0.01,0.02,0.02],
[0,0,0,0,0,0,0],
[0,0,0,0,0,0,0],
[0,0,0,0,0,0,0],
[0,0,0,0,0,0,0],
[0,0,0,0,0,0,0],
[0.01,0.02,0,0,0.02,0.02,0.02],
[0,0.02,0,0.08,0.02,0.02,0.02],
[0.02,0.02,0.08,0,0.04,0,0],
[0,0.02,0,0.04,0.02,0.02,0],
[0.01,0.01,0.01,0.04,0.04,0.01,0.04],
[0.01,0.01,0.04,0.04,0.02,0.02,0.01],
[0.01,0.01,0.04,0.04,0.02,0.01,0],
[0.01,0.01,0.03,0.03,0.03,0.02,0.04],
[0.01,0.01,0.03,0.04,0.02,0.02,0.01],
[0.01,0.01,0.03,0.03,0.03,0.01,0.03],
[0.01,0.01,0,0.04,0,0.02,0],
[0.04,0,0.02,0,0,0.04,0],
[0.04,0.01,0.08,0,0,0,0.02],
[0,0.04,0,0.02,0,0,0.01],
[0,0.02,0.04,0.01,0,0,0.02],
[0.02,0.01,0.01,0.02,0,0.02,0.02],
[0.03,0.01,0.04,0,0,0.02,0.01],
[0.02,0.02,0.03,0.01,0.01,0.02,0.01],
[0.01,0.03,0.02,0.02,0.02,0.02,0.01],
[0.02,0.01,0.02,0.01,0.01,0.02,0.01],
[0.02,0.02,0.02,0.01,0,0.02,0.01],
[0.01,0.02,0.03,0.01,0.02,0.02,0.01],
[0.02,0.01,0.02,0.01,0,0.02,0.01],
[0.02,0.02,0.02,0.01,0.02,0.02,0.01],
[0.02,0.01,0.02,0.01,0.01,0.02,0.01],
[0,0.01,0,0,0.02,0.01,0.04],
[0.01,0,0,0.02,0.02,0,0.02],
[0,0,0.04,0.01,0,0,0.02],
[0,0.02,0,0,0,0.04,0],
[0,0,0.04,0,0.04,0,0],
[0,0.01,0.01,0.02,0.02,0.02,0.02],
[0.01,0,0.03,0.01,0.02,0.01,0.01],
[0,0.02,0.03,0,0,0.02,0.01],
[0.03,0.01,0.03,0,0.02,0.02,0],
[0,0,0.02,0.01,0.01,0.01,0.02],
[0.01,0.02,0.02,0.01,0.01,0.02,0.01],
[0.03,0.01,0.03,0,0.01,0.01,0.01],
[0,0.01,0.02,0.01,0.01,0.02,0.01],
[0.02,0.01,0.03,0,0.02,0.01,0.01],
[0.02,0.01,0.02,0.01,0.01,0.01,0.01],
[0.04,0,0,0,0.08,0,0],
[0.02,0.02,0.04,0.02,0,0,0.04],
[0,0,0,0,0.02,0.02,0],
[0.04,0.02,0.02,0,0.02,0,0],
[0.08,0.01,0,0.02,0,0.04,0.02],
[0.02,0.02,0.02,0.01,0.03,0.01,0.02],
[0.03,0.01,0.03,0.01,0.01,0.01,0.02],
[0.02,0.02,0.01,0.01,0.02,0.01,0.01],
[0.04,0.02,0.03,0.02,0.01,0.02,0.01],
[0.03,0.01,0.02,0.01,0.02,0.01,0.02],
[0.03,0.02,0.02,0.01,0.02,0.01,0.02],
[0.03,0.01,0.03,0.01,0.01,0.02,0.01],
[0.03,0.02,0.02,0.01,0.02,0.01,0.01],
[0.03,0.01,0.03,0.01,0.02,0.02,0.01],
[0.03,0.01,0.02,0.01,0.02,0.01,0.01],
[0.04,0,0,0,0.08,0.01,0.04],
[0.02,0.01,0.04,0.04,0.01,0,0.02],
[0.04,0.02,0,0.04,0,0.04,0.04],
[0.02,0.04,0.02,0,0,0.04,0],
[0,0.02,0,0,0.02,0.02,0.02],
[0.02,0.01,0.02,0.02,0.03,0.01,0.03],
[0.03,0.01,0.04,0.03,0.01,0.02,0.02],
[0.02,0.02,0.04,0.02,0.02,0.03,0.02],
[0.02,0.02,0.01,0.03,0.01,0.02,0.02],
[0.03,0.01,0.02,0.02,0.02,0.01,0.03],
[0.02,0.02,0.03,0.02,0.01,0.02,0.02],
[0.02,0.02,0.03,0.03,0.01,0.03,0.02],
[0.02,0.01,0.02,0.02,0.02,0.02,0.02],
[0.02,0.01,0.03,0.03,0.01,0.02,0.02],
[0.02,0.01,0.02,0.02,0.02,0.02,0.02],
[0,0,0,0.02,0.01,0.01,0.02],
[0.02,0,0.01,0.01,0.01,0.04,0.01],
[0.02,0,0.04,0.01,0,0,0.01],
[0,0.02,0.01,0.01,0.01,0.02,0],
[0.01,0.01,0.03,0,0.04,0,0.02],
[0.01,0.01,0.01,0.02,0.01,0.02,0.01],
[0.02,0.01,0.02,0.01,0.01,0.02,0.01],
[0.01,0.01,0.02,0.01,0.01,0.02,0.01],
[0.02,0.02,0.03,0.01,0.03,0.02,0.01],
[0.02,0.01,0.02,0.01,0.01,0.02,0.01],
[0.02,0.02,0.02,0.01,0.01,0.02,0.01],
[0.02,0.01,0.03,0.01,0.02,0.01,0.01],
[0.01,0.01,0.01,0.01,0.01,0.02,0.01],
[0.02,0.01,0.02,0.01,0.02,0.02,0.01],
[0.02,0.01,0.02,0.01,0.02,0.01,0.01],
[0.03,0.01,0,0,0.04,0,0.03],
[0.02,0.01,0.04,0.01,0.01,0,0.02],
[0,0,0.04,0,0.02,0.01,0.01],
[0.02,0.01,0.01,0,0.01,0.03,0],
[0.04,0,0.02,0.01,0.02,0.02,0.01],
[0.02,0.01,0.02,0.02,0.02,0.01,0.02],
[0.02,0,0.03,0.01,0.02,0.01,0.02],
[0.01,0.02,0.02,0.01,0.01,0.02,0.01],
[0.03,0.01,0.02,0.01,0.01,0.02,0.01],
[0.02,0.01,0.02,0.01,0.02,0.01,0.02],
[0.02,0.02,0.03,0.01,0.02,0.01,0.01],
[0.03,0.02,0.02,0.01,0.01,0.02,0.01],
[0.02,0.02,0.02,0.01,0.02,0.01,0.01],
[0.02,0.01,0.03,0.01,0.02,0.02,0.01],
[0.02,0.01,0.02,0.01,0.02,0.02,0.01],
[0.03,0,0,0,0.05,0,0.03],
[0.01,0.01,0.03,0.02,0,0,0.02],
[0.02,0.01,0,0.03,0.02,0.02,0.03],
[0.02,0.02,0.04,0,0.01,0.03,0.01],
[0.04,0.01,0,0.01,0.02,0.02,0.01],
[0.02,0.01,0.01,0.01,0.03,0.01,0.02],
[0.02,0.01,0.02,0.02,0.01,0.01,0.02],
[0.02,0.02,0.03,0.01,0.02,0.02,0.02],
[0.03,0.01,0.02,0.02,0.01,0.02,0.01],
[0.02,0.01,0.02,0.02,0.02,0.01,0.02],
[0.02,0.02,0.03,0.02,0.02,0.02,0.02],
[0.02,0.01,0.03,0.02,0.02,0.02,0.02],
[0.02,0.01,0.02,0.01,0.02,0.02,0.02],
[0.02,0.01,0.03,0.02,0.02,0.02,0.02],
[0.02,0.01,0.02,0.02,0.02,0.02,0.02],
[0.02,0.01,0,0.02,0.03,0.01,0.02],
[0.02,0.01,0.03,0.01,0.01,0.03,0.02],
[0.02,0,0.04,0.01,0.02,0.01,0.01],
[0.02,0.02,0.01,0.01,0.01,0.02,0.01],
[0.03,0.01,0.02,0.01,0.03,0.02,0.02],
[0.02,0.01,0.01,0.02,0.02,0.02,0.02],
[0.03,0.01,0.03,0.01,0.01,0.02,0.01],
[0.02,0.02,0.02,0.01,0.01,0.02,0.01],
[0.02,0.02,0.02,0.01,0.02,0.02,0.01],
[0.02,0.01,0.02,0.01,0.02,0.01,0.02],
[0.02,0.02,0.02,0.01,0.01,0.02,0.01],
[0.02,0.01,0.03,0.01,0.02,0.02,0.01],
[0.02,0.01,0.02,0.01,0.01,0.02,0.01],
[0.02,0.01,0.02,0.01,0.02,0.02,0.01],
[0.02,0.01,0.02,0.01,0.02,0.02,0.01],
[0.02,0.01,0,0,0.04,0,0.03],
[0.02,0.01,0.03,0.02,0.01,0,0.02],
[0.02,0.01,0.04,0.02,0.03,0.02,0.02],
[0.02,0.02,0.03,0,0.01,0.03,0.01],
[0.03,0.01,0.02,0.01,0.02,0.02,0.01],
[0.02,0.01,0.01,0.01,0.02,0.01,0.02],
[0.02,0.01,0.03,0.02,0.02,0.01,0.02],
[0.02,0.02,0.03,0.01,0.02,0.02,0.01],
[0.02,0.01,0.02,0.01,0.01,0.02,0.01],
[0.02,0.01,0.02,0.02,0.02,0.01,0.02],
[0.02,0.02,0.03,0.01,0.02,0.02,0.01],
[0.02,0.01,0.03,0.01,0.02,0.02,0.01],
[0.02,0.01,0.02,0.01,0.02,0.02,0.02],
[0.02,0.01,0.03,0.01,0.02,0.02,0.01],
[0.02,0.01,0.02,0.01,0.02,0.02,0.02],
[0.02,0.01,0,0.01,0.03,0.01,0.02],
[0.02,0.01,0.02,0.02,0.01,0.02,0.01],
[0.02,0.01,0.03,0.02,0.03,0.01,0.02],
[0.01,0.02,0.02,0.01,0.01,0.02,0.01],
[0.03,0.01,0.02,0.01,0.03,0.02,0.02],
[0.02,0.01,0.01,0.02,0.02,0.02,0.02],
[0.02,0.01,0.02,0.02,0.02,0.02,0.02],
[0.02,0.02,0.02,0.01,0.02,0.02,0.02],
[0.02,0.02,0.02,0.02,0.02,0.02,0.01],
[0.02,0.01,0.02,0.02,0.02,0.01,0.02],
[0.02,0.02,0.02,0.01,0.01,0.02,0.01],
[0.02,0.01,0.03,0.02,0.02,0.02,0.01],
[0.02,0.01,0.02,0.02,0.02,0.02,0.02],
[0.02,0.01,0.02,0.02,0.02,0.02,0.01],
[0.02,0.01,0.02,0.02,0.02,0.02,0.02]]
[[0.28,0.2,0.2,0.24,0.2,0.28,0.28],
[0.28,0.2,0.2,0.24,0.2,0.28,0.28],
[0.28,0.2,0.2,0.24,0.2,0.28,0.28],
[0.28,0.2,0.2,0.24,0.2,0.28,0.28],
[0.28,0.2,0.2,0.24,0.2,0.28,0.28],
[0.56,0.4,0.4,0.48,0.4,0.56,0.56],
[0.56,0.4,0.4,0.48,0.4,0.56,0.56],
[0.56,0.4,0.4,0.48,0.4,0.56,0.56],
[0.56,0.4,0.4,0.48,0.4,0.56,0.56],
[0.84,0.6,0.6,0.72,0.6,0.84,0.84],
[0.84,0.6,0.6,0.72,0.6,0.84,0.84],
[0.84,0.6,0.6,0.72,0.6,0.84,0.84],
[1.12,0.8,0.8,0.96,0.8,1.12,1.12],
[1.12,0.8,0.8,0.96,0.8,1.12,1.12],
[1.4,1,1,1.2,1,1.4,1.4],
[0.28,0.2,0.2,0.24,0.2,0.28,0.28],
[0.28,0.2,0.2,0.24,0.2,0.28,0.28],
[0.28,0.2,0.2,0.24,0.2,0.28,0.28],
[0.28,0.2,0.2,0.24,0.2,0.28,0.28],
[0.28,0.2,0.2,0.24,0.2,0.28,0.28],
[0.56,0.4,0.4,0.48,0.4,0.56,0.56],
[0.56,0.4,0.4,0.48,0.4,0.56,0.56],
[0.56,0.4,0.4,0.48,0.4,0.56,0.56],
[0.56,0.4,0.4,0.48,0.4,0.56,0.56],
[0.84,0.6,0.6,0.72,0.6,0.84,0.84],
[0.84,0.6,0.6,0.72,0.6,0.84,0.84],
[0.84,0.6,0.6,0.72,0.6,0.84,0.84],
[1.12,0.8,0.8,0.96,0.8,1.12,1.12],
[1.12,0.8,0.8,0.96,0.8,1.12,1.12],
[1.4,1,1,1.2,1,1.4,1.4],
[0.28,0.2,0.2,0.24,0.2,0.28,0.28],
[0.28,0.2,0.2,0.24,0.2,0.28,0.28],
[0.28,0.2,0.2,0.24,0.2,0.28,0.28],
[0.28,0.2,0.2,0.24,0.2,0.28,0.28],
[0.28,0.2,0.2,0.24,0.2,0.28,0.28],
[0.56,0.4,0.4,0.48,0.4,0.56,0.56],
[0.56,0.4,0.4,0.48,0.4,0.56,0.56],
[0.56,0.4,0.4,0.48,0.4,0.56,0.56],
[0.56,0.4,0.4,0.48,0.4,0.56,0.56],
[0.84,0.6,0.6,0.72,0.6,0.84,0.84],
[0.84,0.6,0.6,0.72,0.6,0.84,0.84],
[0.84,0.6,0.6,0.72,0.6,0.84,0.84],
[1.12,0.8,0.8,0.96,0.8,1.12,1.12],
[1.12,0.8,0.8,0.96,0.8,1.12,1.12],
[1.4,1,1,1.2,1,1.4,1.4],
[0.28,0.2,0.2,0.24,0.2,0.28,0.28],
[0.28,0.2,0.2,0.24,0.2,0.28,0.28],
[0.28,0.2,0.2,0.24,0.2,0.28,0.28],
[0.28,0.2,0.2,0.24,0.2,0.28,0.28],
[0.28,0.2,0.2,0.24,0.2,0.28,0.28],
[0.56,0.4,0.4,0.48,0.4,0.56,0.56],
[0.56,0.4,0.4,0.48,0.4,0.56,0.56],
[0.56,0.4,0.4,0.48,0.4,0.56,0.56],
[0.56,0.4,0.4,0.48,0.4,0.56,0.56],
[0.84,0.6,0.6,0.72,0.6,0.84,0.84],
[0.84,0.6,0.6,0.72,0.6,0.84,0.84],
[0.84,0.6,0.6,0.72,0.6,0.84,0.84],
[1.12,0.8,0.8,0.96,0.8,1.12,1.12],
[1.12,0.8,0.8,0.96,0.8,1.12,1.12],
[1.4,1,1,1.2,1,1.4,1.4],
[0.28,0.2,0.2,0.24,0.2,0.28,0.28],
[0.28,0.2,0.2,0.24,0.2,0.28,0.28],
[0.28,0.2,0.2,0.24,0.2,0.28,0.28],
[0.28,0.2,0.2,0.24,0.2,0.28,0.28],
[0.28,0.2,0.2,0.24,0.2,0.28,0.28],
[0.56,0.4,0.4,0.48,0.4,0.56,0.56],
[0.56,0.4,0.4,0.48,0.4,0.56,0.56],
[0.56,0.4,0.4,0.48,0.4,0.56,0.56],
[0.56,0.4,0.4,0.48,0.4,0.56,0.56],
[0.84,0.6,0.6,0.72,0.6,0.84,0.84],
[0.84,0.6,0.6,0.72,0.6,0.84,0.84],
[0.84,0.6,0.6,0.72,0.6,0.84,0.84],
[1.12,0.8,0.8,0.96,0.8,1.12,1.12],
[1.12,0.8,0.8,0.96,0.8,1.12,1.12],
[1.4,1,1,1.2,1,1.4,1.4],
[0.56,0.4,0.4,0.48,0.4,0.56,0.56],
[0.56,0.4,0.4,0.48,0.4,0.56,0.56],
[0.56,0.4,0.4,0.48,0.4,0.56,0.56],
[0.56,0.4,0.4,0.48,0.4,0.56,0.56],
[0.56,0.4,0.4,0.48,0.4,0.56,0.56],
[1.12,0.8,0.8,0.96,0.8,1.12,1.12],
[1.12,0.8,0.8,0.96,0.8,1.12,1.12],
[1.12,0.8,0.8,0.96,0.8,1.12,1.12],
[1.12,0.8,0.8,0.96,0.8,1.12,1.12],
[1.68,1.2,1.2,1.44,1.2,1.68,1.68],
[1.68,1.2,1.2,1.44,1.2,1.68,1.68],
[1.68,1.2,1.2,1.44,1.2,1.68,1.68],
[2.24,1.6,1.6,1.92,1.6,2.24,2.24],
[2.24,1.6,1.6,1.92,1.6,2.24,2.24],
[2.8,2,2,2.4,2,2.8,2.8],
[0.56,0.4,0.4,0.48,0.4,0.56,0.56],
[0.56,0.4,0.4,0.48,0.4,0.56,0.56],
[0.56,0.4,0.4,0.48,0.4,0.56,0.56],
[0.56,0.4,0.4,0.48,0.4,0.56,0.56],
[0.56,0.4,0.4,0.48,0.4,0.56,0.56],
[1.12,0.8,0.8,0.96,0.8,1.12,1.12],
[1.12,0.8,0.8,0.96,0.8,1.12,1.12],
[1.12,0.8,0.8,0.96,0.8,1.12,1.12],
[1.12,0.8,0.8,0.96,0.8,1.12,1.12],
[1.68,1.2,1.2,1.44,1.2,1.68,1.68],
[1.68,1.2,1.2,1.44,1.2,1.68,1.68],
[1.68,1.2,1.2,1.44,1.2,1.68,1.68],
[2.24,1.6,1.6,1.92,1.6,2.24,2.24],
[2.24,1.6,1.6,1.92,1.6,2.24,2.24],
[2.8,2,2,2.4,2,2.8,2.8],
[0.56,0.4,0.4,0.48,0.4,0.56,0.56],
[0.56,0.4,0.4,0.48,0.4,0.56,0.56],
[0.56,0.4,0.4,0.48,0.4,0.56,0.56],
[0.56,0.4,0.4,0.48,0.4,0.56,0.56],
[0.56,0.4,0.4,0.48,0.4,0.56,0.56],
[1.12,0.8,0.8,0.96,0.8,1.12,1.12],
[1.12,0.8,0.8,0.96,0.8,1.12,1.12],
[1.12,0.8,0.8,0.96,0.8,1.12,1.12],
[1.12,0.8,0.8,0.96,0.8,1.12,1.12],
[1.68,1.2,1.2,1.44,1.2,1.68,1.68],
[1.68,1.2,1.2,1.44,1.2,1.68,1.68],
[1.68,1.2,1.2,1.44,1.2,1.68,1.68],
[2.24,1.6,1.6,1.92,1.6,2.24,2.24],
[2.24,1.6,1.6,1.92,1.6,2.24,2.24],
[2.8,2,2,2.4,2,2.8,2.8],
[0.56,0.4,0.4,0.48,0.4,0.56,0.56],
[0.56,0.4,0.4,0.48,0.4,0.56,0.56],
[0.56,0.4,0.4,0.48,0.4,0.56,0.56],
[0.56,0.4,0.4,0.48,0.4,0.56,0.56],
[0.56,0.4,0.4,0.48,0.4,0.56,0.56],
[1.12,0.8,0.8,0.96,0.8,1.12,1.12],
[1.12,0.8,0.8,0.96,0.8,1.12,1.12],
[1.12,0.8,0.8,0.96,0.8,1.12,1.12],
[1.12,0.8,0.8,0.96,0.8,1.12,1.12],
[1.68,1.2,1.2,1.44,1.2,1.68,1.68],
[1.68,1.2,1.2,1.44,1.2,1.68,1.68],
[1.68,1.2,1.2,1.44,1.2,1.68,1.68],
[2.24,1.6,1.6,1.92,1.6,2.24,2.24],
[2.24,1.6,1.6,1.92,1.6,2.24,2.24],
[2.8,2,2,2.4,2,2.8,2.8],
[0.84,0.6,0.6,0.72,0.6,0.84,0.84],
[0.84,0.6,0.6,0.72,0.6,0.84,0.84],
[0.84,0.6,0.6,0.72,0.6,0.84,0.84],
[0.84,0.6,0.6,0.72,0.6,0.84,0.84],
[0.84,0.6,0.6,0.72,0.6,0.84,0.84],
[1.68,1.2,1.2,1.44,1.2,1.68,1.68],
[1.68,1.2,1.2,1.44,1.2,1.68,1.68],
[1.68,1.2,1.2,1.44,1.2,1.68,1.68],
[1.68,1.2,1.2,1.44,1.2,1.68,1.68],
[2.52,1.8,1.8,2.16,1.8,2.52,2.52],
[2.52,1.8,1.8,2.16,1.8,2.52,2.52],
[2.52,1.8,1.8,2.16,1.8,2.52,2.52],
[3.36,2.4,2.4,2.88,2.4,3.36,3.36],
[3.36,2.4,2.4,2.88,2.4,3.36,3.36],
[4.2,3,3,3.6,3,4.2,4.2],
[0.84,0.6,0.6,0.72,0.6,0.84,0.84],
[0.84,0.6,0.6,0.72,0.6,0.84,0.84],
[0.84,0.6,0.6,0.72,0.6,0.84,0.84],
[0.84,0.6,0.6,0.72,0.6,0.84,0.84],
[0.84,0.6,0.6,0.72,0.6,0.84,0.84],
[1.68,1.2,1.2,1.44,1.2,1.68,1.68],
[1.68,1.2,1.2,1.44,1.2,1.68,1.68],
[1.68,1.2,1.2,1.44,1.2,1.68,1.68],
[1.68,1.2,1.2,1.44,1.2,1.68,1.68],
[2.52,1.8,1.8,2.16,1.8,2.52,2.52],
[2.52,1.8,1.8,2.16,1.8,2.52,2.52],
[2.52,1.8,1.8,2.16,1.8,2.52,2.52],
[3.36,2.4,2.4,2.88,2.4,3.36,3.36],
[3.36,2.4,2.4,2.88,2.4,3.36,3.36],
[4.2,3,3,3.6,3,4.2,4.2],
[0.84,0.6,0.6,0.72,0.6,0.84,0.84],
[0.84,0.6,0.6,0.72,0.6,0.84,0.84],
[0.84,0.6,0.6,0.72,0.6,0.84,0.84],
[0.84,0.6,0.6,0.72,0.6,0.84,0.84],
[0.84,0.6,0.6,0.72,0.6,0.84,0.84],
[1.68,1.2,1.2,1.44,1.2,1.68,1.68],
[1.68,1.2,1.2,1.44,1.2,1.68,1.68],
[1.68,1.2,1.2,1.44,1.2,1.68,1.68],
[1.68,1.2,1.2,1.44,1.2,1.68,1.68],
[2.52,1.8,1.8,2.16,1.8,2.52,2.52],
[2.52,1.8,1.8,2.16,1.8,2.52,2.52],
[2.52,1.8,1.8,2.16,1.8,2.52,2.52],
[3.36,2.4,2.4,2.88,2.4,3.36,3.36],
[3.36,2.4,2.4,2.88,2.4,3.36,3.36],
[4.2,3,3,3.6,3,4.2,4.2],
[1.12,0.8,0.8,0.96,0.8,1.12,1.12],
[1.12,0.8,0.8,0.96,0.8,1.12,1.12],
[1.12,0.8,0.8,0.96,0.8,1.12,1.12],
[1.12,0.8,0.8,0.96,0.8,1.12,1.12],
[1.12,0.8,0.8,0.96,0.8,1.12,1.12],
[2.24,1.6,1.6,1.92,1.6,2.24,2.24],
[2.24,1.6,1.6,1.92,1.6,2.24,2.24],
[2.24,1.6,1.6,1.92,1.6,2.24,2.24],
[2.24,1.6,1.6,1.92,1.6,2.24,2.24],
[3.36,2.4,2.4,2.88,2.4,3.36,3.36],
[3.36,2.4,2.4,2.88,2.4,3.36,3.36],
[3.36,2.4,2.4,2.88,2.4,3.36,3.36],
[4.48,3.2,3.2,3.84,3.2,4.48,4.48],
[4.48,3.2,3.2,3.84,3.2,4.48,4.48],
[5.6,4,4,4.8,4,5.6,5.6],
[1.12,0.8,0.8,0.96,0.8,1.12,1.12],
[1.12,0.8,0.8,0.96,0.8,1.12,1.12],
[1.12,0.8,0.8,0.96,0.8,1.12,1.12],
[1.12,0.8,0.8,0.96,0.8,1.12,1.12],
[1.12,0.8,0.8,0.96,0.8,1.12,1.12],
[2.24,1.6,1.6,1.92,1.6,2.24,2.24],
[2.24,1.6,1.6,1.92,1.6,2.24,2.24],
[2.24,1.6,1.6,1.92,1.6,2.24,2.24],
[2.24,1.6,1.6,1.92,1.6,2.24,2.24],
[3.36,2.4,2.4,2.88,2.4,3.36,3.36],
[3.36,2.4,2.4,2.88,2.4,3.36,3.36],
[3.36,2.4,2.4,2.88,2.4,3.36,3.36],
[4.48,3.2,3.2,3.84,3.2,4.48,4.48],
[4.48,3.2,3.2,3.84,3.2,4.48,4.48],
[5.6,4,4,4.8,4,5.6,5.6],
[1.4,1,1,1.2,1,1.4,1.4],
[1.4,1,1,1.2,1,1.4,1.4],
[1.4,1,1,1.2,1,1.4,1.4],
[1.4,1,1,1.2,1,1.4,1.4],
[1.4,1,1,1.2,1,1.4,1.4],
[2.8,2,2,2.4,2,2.8,2.8],
[2.8,2,2,2.4,2,2.8,2.8],
[2.8,2,2,2.4,2,2.8,2.8],
[2.8,2,2,2.4,2,2.8,2.8],
[4.2,3,3,3.6,3,4.2,4.2],
[4.2,3,3,3.6,3,4.2,4.2],
[4.2,3,3,3.6,3,4.2,4.2],
[5.6,4,4,4.8,4,5.6,5.6],
[5.6,4,4,4.8,4,5.6,5.6],
[7,5,5,6,5,7,7]]
[1,1,1,1,1,2,2,2,2,3,3,3,4,4,5,1,1,1,1,1,2,2,2,2,3,3,3,4,4,5,1,1,1,1,1,2,2,2,2,3,3,3,4,4,5,1,1,1,1,1,2,2,2,2,3,3,3,4,4,5,1,1,1,1,1,2,2,2,2,3,3,3,4,4,5,2,2,2,2,2,4,4,4,4,6,6,6,8,8,10,2,2,2,2,2,4,4,4,4,6,6,6,8,8,10,2,2,2,2,2,4,4,4,4,6,6,6,8,8,10,2,2,2,2,2,4,4,4,4,6,6,6,8,8,10,3,3,3,3,3,6,6,6,6,9,9,9,12,12,15,3,3,3,3,3,6,6,6,6,9,9,9,12,12,15,3,3,3,3,3,6,6,6,6,9,9,9,12,12,15,4,4,4,4,4,8,8,8,8,12,12,12,16,16,20,4,4,4,4,4,8,8,8,8,12,12,12,16,16,20,5,5,5,5,5,10,10,10,10,15,15,15,20,20,25] 
[7.74,6.29,8.8,7.69,8.58,6.73,7.41] 
[0.02,0.01,0.02,0.02,0.02,0.02,0.02] 
[7,5,5,6,5,7,7] 
[2.1,1.94,1.84,2.18,2.2,2.08,2.05]