Instance: 34
width: 5
long: 5
Parcels: 7
Crops: 19
Water: 252000

Chemical Properties by Parcel
10.96   11.41   15.02   11.47   15.61   13.09   10.86   14.52   9.75   13.92   15.38   18.55   10.81   9.93   13.78   11.7   14   18.38   18.56   18.47   14.59   10.79   15.61   15.73   14.32    
14.71   11.91   10.66   17.71   17.95   13.96   16.98   18.23   14.87   11.81   14.35   10.22   16.08   15.19   12.75   9.8   17.06   15.46   13.7   13.01   9.71   14.72   13.77   12.51   14.36    
16.48   13.91   17.37   10.11   15.17   17.68   17.95   11.41   13.5   18.31   13.31   17.6   11.26   14.7   11.92   15.24   12.95   9.83   9.94   18.66   12.58   10.92   18.12   16.62   17.08    
12.31   17.48   15.92   12.32   10.95   16.88   15.81   11.56   9.7   15.29   11.59   17.02   17.13   14.85   13.36   12.7   11.29   18.27   11.23   15.09   18.34   11.37   9.7   15.88   11.43    
17.94   12.13   18.34   10.11   9.86   12.02   12.11   14.33   15.56   14.97   18.21   17.14   9.7   17.92   9.98   14.94   17.37   12.18   14.08   17.01   15.82   14.25   17.95   13.86   11.36    
11.43   18.52   16.4   12.57   13.13   14.07   11.9   18.19   13.06   11.69   10.9   11.5   9.86   11.48   15.92   12.82   13.66   15.49   14.58   14.33   9.81   18.16   17.31   12.63   15.92    
16.26   13.75   18.09   14.05   10.03   10.76   12.45   13.36   12.61   12.96   14.75   18.49   18.06   18.23   18.24   16.07   12.5   11.91   17.43   16.37   11.21   10.18   14.42   15.89   16.1    

Physical Properties by Parcel
5.4   5.6   5.5   5.3   5.4   5.3   5.3   5.2   5.3   5.5   5.3   5.4   5.3   5.2   5.6   5.6   5.6   5.2   5.5   5.2   5.3   5.4   5.5   5.3   5.3    
5.4   5.2   5.4   5.3   5.2   5.3   5.3   5.3   5.6   5.4   5.4   5.2   5.3   5.4   5.4   5.5   5.4   5.3   5.6   5.3   5.5   5.3   5.5   5.3   5.5    
5.5   5.4   5.6   5.4   5.2   5.5   5.6   5.2   5.5   5.5   5.4   5.5   5.5   5.6   5.2   5.4   5.2   5.6   5.4   5.3   5.4   5.5   5.6   5.2   5.3    
5.5   5.5   5.5   5.6   5.3   5.2   5.5   5.4   5.4   5.4   5.3   5.3   5.3   5.4   5.4   5.3   5.5   5.3   5.5   5.2   5.3   5.2   5.6   5.5   5.2    
5.4   5.5   5.5   5.4   5.2   5.4   5.5   5.6   5.5   5.3   5.6   5.3   5.5   5.6   5.6   5.2   5.3   5.3   5.4   5.5   5.6   5.4   5.2   5.5   5.3    
5.5   5.2   5.5   5.3   5.5   5.3   5.5   5.5   5.2   5.4   5.4   5.6   5.4   5.5   5.5   5.4   5.5   5.6   5.5   5.2   5.3   5.5   5.3   5.2   5.4    
5.3   5.4   5.3   5.3   5.2   5.2   5.5   5.5   5.4   5.4   5.5   5.3   5.3   5.4   5.5   5.5   5.6   5.3   5.5   5.3   5.2   5.4   5.6   5.6   5.5    

Ha by Parcels
7   5   5   6   5   7   7   

Cost of m3 in each parcel
2.1   1.94   1.84   2.18   2.2   2.08   2.05   