Instance: 39
width: 5
long: 5
Parcels: 7
Crops: 19
Water: 264000

Chemical Properties by Parcel
18.39   9.85   9.78   18.27   10.56   16.24   16.89   11.35   17.68   10.81   15.02   10.1   17.08   9.79   10.59   11.7   13.19   11.85   17.3   9.78   12.09   10.71   18.13   17.27   16.51    
9.66   14.06   13.64   14.67   16.19   13.18   17.05   13.51   13.01   17.71   11.66   16.44   9.81   12.79   17.59   18.3   11.29   16.78   9.91   12.5   17.27   17.11   10.97   14.53   16.04    
14.83   16.32   15.53   15.38   15.95   17.86   16.62   15.42   17.33   11.58   16.93   17.84   11.43   18.34   13.52   16.06   18.6   11.8   17.79   15.19   14.99   16.34   16.31   12.84   17.39    
18.63   15.77   12.56   18.29   12.19   17.13   9.94   14.92   12.77   9.88   14.13   11.76   14.45   12.29   14.13   10.58   14.79   14.06   11.82   10.8   18.36   11.15   17.6   13.62   15.27    
10.26   16.58   13.02   17.89   17.86   10.06   13.32   13.29   17.68   18.38   12.8   16.62   13.81   13.92   13   12.41   12.27   17.84   14.63   15.02   11.49   10.45   13.73   16.46   13.23    
18.41   17.63   11.3   12.48   11.81   11.43   10.04   14.46   13.5   12.97   15.14   17.73   13.96   10.42   10.38   16.91   18.44   11.35   12.28   17.63   17.52   12.75   14.52   12.12   14.53    
11.85   9.82   15.41   17.79   18.6   14.49   10.77   14.92   16.12   11.92   14.41   18.52   18.59   12.44   18.61   18.22   12.2   10.31   18.41   13.5   17.24   15.69   15.79   10.43   16.09    

Physical Properties by Parcel
5.5   5.5   5.3   5.2   5.3   5.4   5.5   5.2   5.4   5.3   5.3   5.6   5.4   5.2   5.2   5.2   5.5   5.4   5.3   5.4   5.4   5.5   5.3   5.5   5.5    
5.6   5.5   5.2   5.6   5.5   5.3   5.2   5.3   5.2   5.5   5.5   5.2   5.3   5.5   5.6   5.6   5.5   5.3   5.4   5.3   5.5   5.2   5.4   5.4   5.4    
5.6   5.4   5.3   5.3   5.2   5.4   5.6   5.4   5.6   5.3   5.5   5.4   5.5   5.6   5.3   5.4   5.5   5.5   5.5   5.5   5.4   5.3   5.5   5.3   5.2    
5.3   5.4   5.5   5.4   5.6   5.5   5.5   5.4   5.5   5.4   5.5   5.4   5.4   5.3   5.5   5.4   5.2   5.2   5.5   5.3   5.5   5.3   5.5   5.3   5.6    
5.4   5.4   5.4   5.5   5.3   5.4   5.3   5.5   5.3   5.3   5.3   5.6   5.2   5.6   5.5   5.6   5.2   5.3   5.5   5.2   5.3   5.3   5.5   5.6   5.2    
5.3   5.5   5.4   5.4   5.5   5.6   5.5   5.2   5.3   5.2   5.3   5.3   5.5   5.6   5.6   5.5   5.3   5.6   5.3   5.3   5.4   5.5   5.5   5.3   5.3    
5.3   5.3   5.4   5.5   5.5   5.5   5.5   5.3   5.4   5.3   5.5   5.3   5.4   5.3   5.5   5.3   5.4   5.3   5.3   5.3   5.4   5.3   5.5   5.3   5.3    

Ha by Parcels
7   5   7   7   6   7   5   

Cost of m3 in each parcel
2.19   1.89   1.91   2.08   1.9   2.18   2.1   