225
25
7
228000
[[0,0,0,0,0,0,0],
[0,0,0,0,0,0,0],
[0,0,0,0,0,0,0],
[0,0,0,0,0,0,0],
[0,0,0,0,0,0,0],
[12.05,0.95,2.81,0.06,3.75,6.55,6.92],
[1.14,34.53,15.9,10.76,31.36,3.95,1.14],
[7.41,3.89,7.84,20.93,37.76,15.79,15.79],
[21.32,1.39,2,15.46,1.75,10.08,0.01],
[6.32,19.83,8.02,7.74,16.18,10.39,3.5],
[7.64,17.89,8.39,11.12,23.14,7.9,14.12],
[10.77,1.97,3.92,12.27,20.92,8.84,10.29],
[6.81,14.53,5.59,7.82,15.46,8.54,9.59],
[8.09,13.59,5.97,9.37,15.84,5.97,13.65],
[8.49,13.19,4.51,7.8,11.97,7.74,10.25],
[0,0,0,0,0,0,0],
[0,0,0,0,0,0,0],
[0,0,0,0,0,0,0],
[0,0,0,0,0,0,0],
[0,0,0,0,0,0,0],
[0.37,7.76,9.55,12.8,14.58,1.14,0.02],
[0.22,16.65,11.91,25.13,3.46,5.51,32.97],
[3.13,4.99,20.67,22.38,0.29,2.83,4.5],
[0.08,3.86,29.8,13.99,0.05,0.04,9.81],
[0.2,8.69,7.2,13.33,7.29,2.76,21.42],
[1.67,8.35,11.26,15.86,1.83,2.93,16.86],
[1.8,8.83,17.1,12.45,0.31,2.14,13.97],
[1.5,5.89,10.16,12.22,5.02,1.95,15.66],
[1.38,7.76,13.91,13.13,1.22,2.1,14.7],
[1.49,6.53,11.23,10.47,3.94,1.59,13.17],
[0,0,0,0,0,0,0],
[0,0,0,0,0,0,0],
[0,0,0,0,0,0,0],
[0,0,0,0,0,0,0],
[0,0,0,0,0,0,0],
[0.16,8.45,7.53,0.2,2.62,6.99,2.44],
[1.66,3.92,0.95,7.96,0.79,14.47,7.76],
[20.93,0.39,16.99,0.25,16.42,1.05,0.03],
[17.82,2.6,1.17,0.11,21.85,7.72,5.88],
[0.87,4.41,3.87,6.29,1.32,7.6,3.9],
[11.13,2.05,9.28,4.54,9.07,7.75,5.52],
[12.96,2.66,9.14,0.34,12.88,7.75,3.66],
[7.99,2.98,12.2,5.38,8.87,5.27,3.74],
[8.7,2.3,7.09,3.07,8.62,7.57,4.63],
[6.7,3.55,11.1,4.31,7.77,6.08,3.47],
[0,0,0,0,0,0,0],
[0,0,0,0,0,0,0],
[0,0,0,0,0,0,0],
[0,0,0,0,0,0,0],
[0,0,0,0,0,0,0],
[6.52,18.73,10.76,4.81,4.26,0.04,0.41],
[11.28,19.16,2.14,0.17,1.16,7.68,11.42],
[2.62,0.39,0.29,0.01,0.22,2.71,13.11],
[17.11,5.09,6.23,1.38,10.58,11.71,14.15],
[6.15,12.63,5.4,3.93,2.13,4.79,6.44],
[12.89,11.21,1.1,0.1,1.26,3.89,8.2],
[8.69,4.59,3.45,0.86,6.18,13.38,9.09],
[8.62,8.78,3.82,3.05,1.55,3.21,5.55],
[10.47,8.21,4.18,0.85,4.16,9.06,8.53],
[7.88,7.63,4.47,3.68,4.47,6.81,6.81],
[0,0,0,0,0,0,0],
[0,0,0,0,0,0,0],
[0,0,0,0,0,0,0],
[0,0,0,0,0,0,0],
[0,0,0,0,0,0,0],
[7.07,15.74,3.78,1.79,0.46,25.13,4.74],
[1.41,0.11,14.63,0.15,0.02,0.4,0.11],
[2.81,0.1,25.35,1.53,15.24,15.68,3.65],
[1.94,15.46,0.95,23.74,24.99,0.82,0.7],
[7.76,11.44,7.32,0.95,0.26,14.92,3.72],
[1.49,0.07,13.81,1.44,9.84,12.38,2.08],
[1.61,11.18,14.26,12.83,13.81,8.61,1.83],
[5.17,8.39,9.78,1.18,8.35,13.61,2.94],
[1.22,8.16,9.82,8.63,9.53,10.14,1.44],
[4.66,9.91,8.09,7.56,7.81,10.72,2.21],
[0.47,15.57,1.28,5.48,2.51,9.99,4.41],
[4.74,4.56,0.08,2.18,0.09,2.78,23.81],
[2.51,0.12,0.67,0.06,16.3,7.11,3.73],
[8.45,0.01,6.59,0.01,2.46,8.95,14.31],
[4,9.42,2.18,0.01,0,0,0.31],
[4.51,9.07,4.24,4.41,6.39,6.45,10.43],
[2.81,18.08,9.47,12.22,14.74,3.32,12.82],
[3.8,2.99,11.42,14.46,13.7,6.23,12.2],
[7.27,3.24,10.8,9.82,1.02,4.88,6.42],
[3.24,14.16,6.09,8.51,9.89,5.57,11.67],
[3.77,10.93,8.76,10.88,10.5,4.59,12.44],
[5.06,4.79,8.65,9.89,8.89,4.4,12.33],
[3.56,10.26,6.98,8.64,8.83,5.45,10.88],
[4.35,9.16,8.69,9.69,7.58,3.6,12.22],
[4.54,9.03,7.02,8.15,7.1,4.74,10.42],
[2.29,7.8,0.97,5.54,17.58,6.16,2.62],
[0.26,8.41,1.77,2.81,1.55,0.82,11.09],
[5.15,9.99,1.31,0.27,2.27,5.58,27.01],
[16.59,0.09,0.52,13.83,9.5,9.12,10.58],
[0.19,10.72,25.99,0.12,1.86,0.19,5.31],
[0.86,5.4,6.58,4.41,7.18,4.62,4.9],
[1.91,6.87,4.29,11.26,1.43,8.44,14.16],
[8.56,3.79,13.14,9.25,5.98,6.12,13.41],
[8.17,3.62,15.97,6.6,7.79,4.58,5.38],
[1.66,5.86,4.52,7.95,4.77,6.35,10.13],
[5.23,4.18,8.24,9.75,4.89,6.91,10.7],
[6.03,4.6,13.73,5.66,5.28,6.21,9.57],
[4.07,4.2,9.59,7.77,6.02,5.84,8.75],
[4.35,4.57,10.13,7.67,4.29,5.76,8.57],
[3.65,4.48,10.4,6.67,5.37,5.29,7.43],
[0.01,0.2,0.11,0.14,3.08,1.58,1.88],
[8,0.95,0.74,4.44,4.84,2.49,0.2],
[3.3,2.02,0.14,0.09,4.06,24.99,0.02],
[1.3,2.02,10.31,0.01,6.3,5.41,13.36],
[1.11,0.61,21.39,2.6,29.34,15.02,6.41],
[3.45,9.1,6.33,2.69,4.9,2.36,1.51],
[4.48,7.73,1.29,3.26,3.61,9.34,6.41],
[7.93,1.6,7.1,0.09,5.59,10.2,6.44],
[12.44,3.37,12.7,0.99,12.22,6.88,6.89],
[2.86,6.87,3.87,4.41,3.75,6.42,4.33],
[9.92,5.54,4.41,2.1,4.32,6.86,6.54],
[8.67,3.77,8.75,0.62,9.24,9.24,5.16],
[7.27,5.23,6.96,3.8,4.89,5.38,5],
[8.58,4.75,6.38,2.13,7.29,7.25,5.71],
[6.69,5.18,7.79,3.89,7.19,5.95,4.75],
[5.38,0.04,5.68,11.76,11.28,4.59,1.64],
[8.36,0.03,8.08,0.01,0.38,9.37,0.06],
[0.52,20.61,5.99,0.02,3.3,0.12,15.74],
[6.62,13.01,9.77,1.43,2.6,7.03,2.44],
[8.74,6.66,0.12,23.53,0.02,2.81,9.2],
[4.58,11.49,4.88,4.05,4.21,8.53,1.89],
[6.41,9.61,5.62,0.12,1.38,3.93,6.81],
[2.38,11.22,8.62,0.7,5.16,7.62,6.55],
[6.37,7.02,3.68,10.6,12.22,4.34,5.31],
[5.67,11.02,5.35,2.63,3.19,7.91,4.64],
[5.82,8.75,6.79,0.68,4.48,6.51,4.58],
[4.2,8.37,7.09,6.43,8,8.91,6.34],
[5.97,9.74,5.88,2.5,4.87,7.36,3.71],
[5.58,8.06,6.36,4.6,5.9,8.34,5.43],
[5.64,8.49,5.6,5,5.87,7.79,4.44],
[2.53,8.23,2.24,3.67,8.97,5.54,2.42],
[2.6,12.77,0.98,1.68,0.84,1.4,12.43],
[2.71,6.02,1.95,0.13,16.43,12.65,13.8],
[8.8,0.05,5.97,9.47,11.21,6.02,8.39],
[2.21,6.73,13.76,0.11,1.22,0.12,4.61],
[2.96,8.45,5.05,2.7,5.07,5.4,7.03],
[2.13,11.76,5.89,8.96,9.79,6.78,10.73],
[6.64,3.29,11.94,10.25,11.52,7.58,11.5],
[9.28,2.76,12.11,7.43,5.82,4.98,5.23],
[2.67,9.95,4.85,6.92,8.4,6.59,8.7],
[5.31,7.37,8.11,8.97,8.94,6.36,10.38],
[6.56,3.79,11.18,6.76,8.83,6.46,9.12],
[4.45,7.34,7.79,7.26,8.15,6.06,8.46],
[5.3,6.64,8.84,7.47,7.18,5.35,9.18],
[4.84,6.87,8.2,6.61,7,5.62,7.74],
[1.41,6.16,0.5,3.21,8.87,3.08,4.48],
[6.47,8.12,0.91,7.19,6.08,3.16,8.54],
[2.89,11,1.25,0.34,2.2,12.51,18.51],
[8.83,1.7,5.67,9.51,5.38,5,8.04],
[1.18,5.85,15.87,1.44,15.87,11.27,3.92],
[3.66,7.03,6.1,4.22,5.98,3.32,5.49],
[4.17,8,3.18,7.55,3.31,7.03,10.83],
[5.99,5.14,8.42,5.82,3.65,7.08,10.74],
[8.34,3.26,14.06,5.78,8.68,6.52,6.12],
[3.09,7.15,4.23,6.09,4.29,5.35,8.08],
[6.62,5.67,5.58,7.17,3.91,5.66,8.85],
[5.94,4.79,10.32,4.21,6.25,7.24,8.5],
[5.08,5.55,7.25,6.16,4.49,4.8,7.47],
[5.86,5.2,8.02,6.14,5.74,6.2,7.78],
[4.82,5.25,8.26,5.81,5.8,5.39,6.82],
[3.41,0.1,4.37,8.77,13.5,2.32,1.18],
[5.46,0.54,4.25,2.83,4.38,4.69,0.26],
[3.42,10.78,4.7,0.09,7.35,15.61,10.13],
[7.23,6.6,20.07,1.05,8.63,4.18,6.73],
[4.49,6.18,13.27,12.21,20.06,7.55,5.29],
[3.56,8.62,4.56,4.75,7.75,6.52,1.85],
[4.26,6.95,3.71,2.05,4.92,8.3,6.42],
[5.62,7.01,9.92,0.49,6.4,9.32,6.9],
[7.92,5.11,13.79,6.38,12.33,4.7,4.82],
[3.77,8.09,4.67,4.01,6.69,8.22,4.43],
[6.57,6.23,7.34,1.88,5.32,7.86,5.8],
[5.87,5.94,9.95,4.11,9.66,7.94,5.64],
[6.19,7.11,7.21,3.67,6.45,7.2,4.48],
[5.97,5.75,8.01,3.84,7.86,7.6,5.27],
[5.63,6.47,7.62,4.7,8.31,6.91,4.33],
[2.31,5.98,1.74,2.54,6.11,3.91,3.15],
[4.71,15.07,0.66,4.85,4.86,2.25,8.84],
[2.15,9.85,2.3,0.24,11.01,11.65,13.59],
[6.05,1.31,5.74,9.76,7.47,4.87,9.37],
[1.71,4.56,10.65,0.98,11,8.75,3.4],
[4.4,9.45,5.19,3.18,4.85,3.96,5.92],
[3.41,11.14,4.75,6.93,7.88,6.03,9.69],
[5.34,5.1,8.59,7.78,8.27,7.39,10.09],
[9.07,2.85,10.92,7.2,7.92,6.1,6.16],
[3.39,9.56,4.54,5.88,6.69,5.78,7.5],
[6.25,7.49,6.1,7.59,7.06,5.56,9.07],
[6.38,4.56,8.97,5.61,8.37,7.13,8.33],
[5.1,7.28,6.51,6.42,6.4,5.3,7.48],
[6.05,6.54,7.43,6.6,7.38,5.83,8.44],
[5.35,6.73,7.1,6.16,6.8,5.6,7.18],
[4.71,4.65,2.92,6.31,10.81,4.32,3],
[4.66,6.46,4.28,6.53,7.17,3.56,7.08],
[2.62,10.56,5.57,0.35,5,10.77,14.63],
[7.84,4.4,16.41,9.49,6.13,5.56,5.38],
[3,5.92,11.12,8.53,15.99,8.07,4.85],
[4.02,7.29,4.92,5.69,7.73,5.98,4.96],
[3.62,7.43,4.38,5.61,5.21,6.72,9.3],
[4.75,6.47,10.04,4.81,4.8,7.3,8.59],
[6.24,4.57,14.12,7.73,9.89,5.85,4.86],
[3.68,7.67,4.72,5.42,6.29,6.75,7.27],
[5.09,6.08,7.56,6.16,5.01,6.52,7.4],
[4.69,5.95,10.5,5.55,7.67,6.87,7.26],
[4.94,6.51,7.42,5.9,5.87,6.24,6.42],
[4.65,5.96,8.66,6.23,7.07,6.59,6.81],
[4.54,6.15,7.98,6.01,7.29,6.26,6.03],
[5.72,4.61,2.68,5.78,8.12,4.02,2.36],
[3.98,13.89,3.6,5.16,6.81,3.05,7.06],
[2.34,8.95,6.64,0.3,9.24,9.72,11.41],
[6.33,3.3,12.51,11.33,6.58,4.77,7.13],
[3.67,5.52,8.34,6.63,13.21,7.4,4.91],
[4.6,9.45,4.53,4.95,6.8,5.88,5.23],
[3.32,10.5,5.37,5.58,7.83,5.76,8.24],
[4.52,5.68,9.59,6.83,8.12,7.49,8.7],
[7.28,3.94,11.27,8.28,9.28,5.7,5.63],
[3.8,9.75,4.86,5.54,7.36,6.79,6.72],
[5.13,7.72,7.32,6.96,7.25,6.25,7.84],
[5.35,5.35,9.23,6.29,9.02,6.93,7.64],
[5.01,7.93,6.76,6.49,7.08,6.33,6.6],
[5.13,6.9,7.89,6.58,8.18,6.2,7.57],
[5.01,7.2,7.09,6.34,7.84,6.24,6.5]]
[[0,0,0,0,0,0,0],
[0,0,0,0,0,0,0],
[0,0,0,0,0,0,0],
[0,0,0,0,0,0,0],
[0,0,0,0,0,0,0],
[0.02,0.02,0.02,0,0.04,0.02,0],
[0.01,0.01,0.04,0,0.08,0.08,0],
[0.01,0,0,0,0,0.02,0.01],
[0.02,0.01,0,0.08,0.04,0.02,0],
[0.02,0.01,0.02,0,0.04,0.04,0],
[0,0,0.02,0,0.04,0.04,0],
[0.01,0,0,0.04,0.04,0.01,0],
[0.02,0.01,0.02,0,0.03,0.03,0],
[0.01,0,0.02,0.04,0.04,0.04,0],
[0.02,0.01,0.02,0.03,0.03,0.03,0],
[0,0,0,0,0,0,0],
[0,0,0,0,0,0,0],
[0,0,0,0,0,0,0],
[0,0,0,0,0,0,0],
[0,0,0,0,0,0,0],
[0.01,0.04,0,0,0,0,0],
[0,0,0.02,0.02,0.01,0,0],
[0.04,0,0.04,0.02,0,0.04,0.01],
[0,0,0,0.04,0.02,0.04,0.01],
[0.01,0.02,0.01,0.01,0,0,0],
[0.02,0.01,0.02,0.01,0.01,0.02,0.01],
[0.03,0,0.02,0.02,0.01,0.03,0],
[0.02,0.02,0.02,0.01,0.01,0.02,0.01],
[0.02,0.01,0.02,0.02,0.01,0.02,0.01],
[0.02,0.01,0.01,0.02,0.01,0.02,0.01],
[0,0,0,0,0,0,0],
[0,0,0,0,0,0,0],
[0,0,0,0,0,0,0],
[0,0,0,0,0,0,0],
[0,0,0,0,0,0,0],
[0,0,0.01,0.01,0.04,0,0],
[0.01,0,0,0.02,0,0,0],
[0.01,0,0,0.02,0,0.02,0],
[0,0.02,0,0,0,0.02,0.01],
[0.01,0,0.01,0.01,0.03,0,0],
[0,0,0,0.01,0,0.01,0],
[0,0.01,0,0.01,0,0.01,0],
[0.01,0,0.01,0.01,0.02,0.01,0],
[0,0.01,0,0.01,0,0.01,0],
[0.01,0.01,0.01,0.01,0.02,0.01,0],
[0,0,0,0,0,0,0],
[0,0,0,0,0,0,0],
[0,0,0,0,0,0,0],
[0,0,0,0,0,0,0],
[0,0,0,0,0,0,0],
[0.02,0.01,0.04,0.02,0,0,0],
[0.04,0,0.02,0.01,0.02,0,0],
[0.02,0,0.02,0.02,0,0,0],
[0,0,0,0,0.04,0,0.02],
[0.02,0,0.02,0.01,0.02,0,0],
[0.02,0,0.01,0.01,0.01,0,0],
[0.01,0,0.01,0.01,0.03,0,0.01],
[0.02,0,0.02,0.02,0.02,0,0],
[0.02,0,0.01,0.01,0.02,0,0.01],
[0.01,0,0.02,0.01,0.02,0,0.01],
[0,0,0,0,0,0,0],
[0,0,0,0,0,0,0],
[0,0,0,0,0,0,0],
[0,0,0,0,0,0,0],
[0,0,0,0,0,0,0],
[0.04,0.04,0.01,0.02,0.04,0,0],
[0.04,0.02,0.02,0,0,0,0.04],
[0.02,0,0.08,0.04,0,0.04,0],
[0.01,0.04,0.04,0,0.04,0.04,0],
[0.03,0.02,0.02,0.02,0.03,0,0.04],
[0.02,0.02,0.04,0.02,0,0.04,0.02],
[0.01,0.02,0.04,0.02,0.04,0.03,0],
[0.02,0.02,0.03,0.02,0.02,0.03,0.03],
[0.02,0.02,0.03,0.02,0.04,0.03,0.02],
[0.02,0.02,0.03,0.02,0.03,0.02,0.03],
[0.04,0,0,0,0,0.02,0],
[0,0.02,0.04,0,0.04,0,0],
[0.02,0.02,0.02,0.02,0.02,0.08,0],
[0.02,0.01,0.02,0,0.02,0.01,0],
[0,0,0,0,0.04,0.08,0.01],
[0.02,0.03,0.02,0,0.02,0.01,0],
[0.01,0.02,0.02,0.02,0.03,0.04,0],
[0.02,0.01,0.02,0.02,0.02,0.03,0],
[0.01,0,0.01,0.04,0.02,0.03,0],
[0.01,0.02,0.01,0.01,0.02,0.03,0],
[0.01,0.01,0.02,0.01,0.02,0.03,0.01],
[0.02,0.01,0.01,0.03,0.02,0.03,0],
[0.02,0.02,0.02,0.01,0.02,0.02,0],
[0.01,0.01,0.02,0.03,0.02,0.03,0.01],
[0.02,0.01,0.01,0.02,0.02,0.03,0],
[0.02,0.02,0.01,0,0,0.02,0.01],
[0,0.02,0,0.01,0.02,0,0.02],
[0.02,0,0.02,0.04,0,0,0.01],
[0.02,0,0.02,0.01,0,0,0],
[0.02,0.02,0,0.02,0.01,0,0],
[0.01,0.02,0.01,0,0.02,0.01,0.01],
[0.01,0.01,0.01,0.02,0.01,0,0.01],
[0.02,0,0.02,0.02,0,0.02,0],
[0.01,0.01,0.01,0.02,0.01,0.02,0],
[0.01,0.01,0.01,0.01,0.01,0.01,0.01],
[0.01,0.01,0.01,0.01,0.01,0.02,0.01],
[0.01,0.01,0.01,0.02,0.01,0.02,0],
[0.01,0.01,0.01,0.01,0.01,0.01,0.01],
[0.01,0.01,0.01,0.02,0.01,0.01,0.01],
[0.01,0.01,0.01,0.01,0.01,0.01,0],
[0,0.02,0,0.02,0.08,0,0.01],
[0.02,0,0,0.01,0,0,0.01],
[0,0,0.02,0.02,0.02,0,0.01],
[0,0,0,0.02,0.01,0.01,0.02],
[0,0.02,0,0.01,0.02,0,0.01],
[0.01,0.01,0.02,0.01,0.03,0,0],
[0.02,0,0.01,0.01,0.01,0,0],
[0.01,0,0.01,0.01,0.01,0.01,0.01],
[0,0.01,0,0.01,0.02,0.01,0.01],
[0.01,0,0.01,0.01,0.02,0,0],
[0.01,0,0.01,0.01,0.01,0.01,0.01],
[0.01,0.01,0.01,0.01,0.01,0.01,0.01],
[0.01,0,0.01,0.01,0.02,0.01,0.01],
[0.01,0.01,0.01,0.01,0.01,0.01,0.01],
[0.01,0.01,0.01,0.01,0.02,0,0],
[0.02,0.04,0,0.04,0.04,0,0.02],
[0,0.01,0,0.01,0,0,0.01],
[0,0,0.04,0,0.04,0,0.02],
[0,0.02,0.04,0,0.02,0.02,0],
[0.02,0.01,0,0,0.08,0,0.02],
[0.03,0.02,0.02,0.02,0.02,0,0.01],
[0.03,0.01,0.02,0.01,0.02,0.01,0.02],
[0.02,0.01,0.03,0.02,0.02,0.02,0.01],
[0.01,0.02,0.02,0,0.03,0.02,0.01],
[0.03,0.01,0.02,0.01,0.02,0,0.02],
[0.02,0.01,0.02,0.01,0.02,0.02,0.01],
[0.01,0.01,0.02,0.01,0.03,0.01,0.01],
[0.02,0.01,0.02,0.02,0.02,0.01,0.02],
[0.02,0.01,0.02,0.01,0.03,0.01,0.01],
[0.02,0.01,0.02,0.01,0.03,0.01,0.01],
[0.02,0.02,0,0,0,0.01,0],
[0,0.01,0.02,0.01,0.02,0,0.01],
[0.01,0.01,0.01,0.02,0.02,0.04,0],
[0.01,0,0.01,0.01,0.01,0,0],
[0.01,0.01,0,0.01,0.02,0.04,0],
[0.01,0.02,0.01,0.01,0.02,0.01,0.01],
[0.01,0.01,0.02,0.01,0.02,0.02,0.01],
[0.01,0.01,0.01,0.01,0.01,0.02,0],
[0.01,0.01,0.01,0.03,0.01,0.02,0],
[0.01,0.02,0.01,0.01,0.02,0.02,0],
[0.01,0.01,0.01,0.01,0.02,0.02,0.01],
[0.01,0.01,0.01,0.02,0.02,0.03,0],
[0.01,0.01,0.01,0.01,0.02,0.02,0],
[0.01,0.01,0.01,0.02,0.02,0.02,0],
[0.01,0.01,0.01,0.02,0.02,0.02,0],
[0.01,0.01,0.01,0.01,0.04,0.01,0],
[0.01,0.01,0,0,0.01,0,0.01],
[0.01,0,0.01,0.02,0.01,0.01,0],
[0.02,0,0.01,0.01,0.01,0,0.01],
[0.02,0.01,0,0.02,0.02,0.01,0],
[0.01,0.01,0.01,0.01,0.02,0,0.01],
[0.01,0.01,0.01,0.01,0.01,0,0.01],
[0.01,0,0.01,0.01,0.01,0.01,0.01],
[0.02,0.01,0,0.02,0.01,0.01,0.01],
[0.01,0.01,0.01,0.01,0.02,0,0],
[0.02,0,0.01,0.01,0.01,0.01,0.01],
[0.02,0.01,0.01,0.02,0.01,0.01,0.01],
[0.01,0.01,0.01,0.01,0.01,0.01,0.01],
[0.02,0.01,0.01,0.01,0.01,0.01,0.01],
[0.01,0.01,0.01,0.01,0.01,0.01,0],
[0.02,0.02,0,0.02,0.04,0,0.01],
[0.01,0,0,0,0,0,0],
[0,0,0.02,0.02,0.02,0,0.02],
[0,0.01,0.02,0.01,0.01,0.01,0.01],
[0.01,0.01,0,0,0.04,0,0.01],
[0.02,0.01,0.01,0.01,0.03,0,0.01],
[0.02,0,0.01,0.01,0.01,0,0.01],
[0.01,0.01,0.02,0.02,0.01,0.01,0.01],
[0.01,0.02,0.01,0.01,0.02,0.01,0.01],
[0.02,0.01,0.02,0.01,0.02,0,0.01],
[0.02,0.01,0.01,0.01,0.01,0.02,0.01],
[0.01,0.01,0.02,0.01,0.02,0.01,0.01],
[0.02,0.01,0.02,0.01,0.02,0.01,0.01],
[0.01,0.01,0.01,0.01,0.02,0.01,0.01],
[0.01,0.01,0.01,0.01,0.02,0.01,0.01],
[0.02,0.02,0.01,0.02,0.03,0.01,0],
[0.01,0.01,0.02,0.01,0.02,0,0.01],
[0.01,0.01,0.01,0.02,0.02,0.03,0],
[0.02,0,0.01,0.01,0.01,0,0.01],
[0.02,0.01,0,0.02,0.02,0.03,0],
[0.01,0.02,0.01,0.01,0.02,0.01,0],
[0.01,0.01,0.01,0.01,0.02,0.02,0],
[0.01,0,0.01,0.01,0.01,0.02,0.01],
[0.02,0.01,0,0.02,0.02,0.02,0.01],
[0.01,0.01,0.01,0.01,0.02,0.01,0],
[0.01,0.01,0.01,0.01,0.01,0.02,0.01],
[0.01,0.01,0.01,0.02,0.02,0.02,0],
[0.01,0.01,0.01,0.01,0.02,0.01,0],
[0.01,0.01,0.01,0.02,0.02,0.02,0],
[0.01,0.01,0.01,0.02,0.02,0.02,0],
[0.02,0.02,0.01,0.02,0.03,0.01,0.01],
[0.01,0.02,0,0,0.02,0,0.01],
[0.02,0,0.02,0.02,0.02,0.01,0.02],
[0.02,0.01,0.03,0.01,0.01,0.01,0.01],
[0.02,0.01,0,0.02,0.03,0.01,0.01],
[0.02,0.02,0.01,0.01,0.02,0,0.01],
[0.02,0.01,0.01,0.01,0.01,0,0.01],
[0.01,0.01,0.02,0.02,0.01,0.02,0.01],
[0.01,0.01,0.01,0.02,0.02,0.02,0.01],
[0.02,0.01,0.01,0.01,0.02,0,0.01],
[0.02,0.01,0.02,0.01,0.01,0.02,0.01],
[0.01,0.01,0.02,0.02,0.02,0.02,0.01],
[0.01,0.01,0.02,0.01,0.02,0.01,0.01],
[0.01,0.01,0.01,0.01,0.02,0.01,0.01],
[0.01,0.01,0.01,0.01,0.02,0.01,0.01],
[0.03,0.03,0.01,0.02,0.02,0.01,0.01],
[0.01,0.01,0.02,0.01,0.02,0,0.01],
[0.01,0.01,0.02,0.02,0.03,0.02,0.01],
[0.01,0.01,0.02,0.01,0.01,0.01,0.01],
[0.02,0.01,0,0.02,0.03,0.02,0.01],
[0.02,0.02,0.01,0.01,0.02,0.01,0.01],
[0.01,0.01,0.02,0.01,0.02,0.01,0.01],
[0.01,0.01,0.02,0.02,0.02,0.02,0.01],
[0.01,0.01,0.01,0.02,0.02,0.02,0.01],
[0.02,0.01,0.01,0.01,0.02,0.01,0.01],
[0.01,0.01,0.02,0.01,0.02,0.02,0.01],
[0.01,0.01,0.01,0.02,0.02,0.02,0.01],
[0.01,0.01,0.02,0.01,0.02,0.02,0.01],
[0.01,0.01,0.01,0.02,0.02,0.02,0.01],
[0.02,0.01,0.01,0.02,0.02,0.02,0.01]]
[[0.28,0.2,0.2,0.2,0.2,0.2,0.24],
[0.28,0.2,0.2,0.2,0.2,0.2,0.24],
[0.28,0.2,0.2,0.2,0.2,0.2,0.24],
[0.28,0.2,0.2,0.2,0.2,0.2,0.24],
[0.28,0.2,0.2,0.2,0.2,0.2,0.24],
[0.56,0.4,0.4,0.4,0.4,0.4,0.48],
[0.56,0.4,0.4,0.4,0.4,0.4,0.48],
[0.56,0.4,0.4,0.4,0.4,0.4,0.48],
[0.56,0.4,0.4,0.4,0.4,0.4,0.48],
[0.84,0.6,0.6,0.6,0.6,0.6,0.72],
[0.84,0.6,0.6,0.6,0.6,0.6,0.72],
[0.84,0.6,0.6,0.6,0.6,0.6,0.72],
[1.12,0.8,0.8,0.8,0.8,0.8,0.96],
[1.12,0.8,0.8,0.8,0.8,0.8,0.96],
[1.4,1,1,1,1,1,1.2],
[0.28,0.2,0.2,0.2,0.2,0.2,0.24],
[0.28,0.2,0.2,0.2,0.2,0.2,0.24],
[0.28,0.2,0.2,0.2,0.2,0.2,0.24],
[0.28,0.2,0.2,0.2,0.2,0.2,0.24],
[0.28,0.2,0.2,0.2,0.2,0.2,0.24],
[0.56,0.4,0.4,0.4,0.4,0.4,0.48],
[0.56,0.4,0.4,0.4,0.4,0.4,0.48],
[0.56,0.4,0.4,0.4,0.4,0.4,0.48],
[0.56,0.4,0.4,0.4,0.4,0.4,0.48],
[0.84,0.6,0.6,0.6,0.6,0.6,0.72],
[0.84,0.6,0.6,0.6,0.6,0.6,0.72],
[0.84,0.6,0.6,0.6,0.6,0.6,0.72],
[1.12,0.8,0.8,0.8,0.8,0.8,0.96],
[1.12,0.8,0.8,0.8,0.8,0.8,0.96],
[1.4,1,1,1,1,1,1.2],
[0.28,0.2,0.2,0.2,0.2,0.2,0.24],
[0.28,0.2,0.2,0.2,0.2,0.2,0.24],
[0.28,0.2,0.2,0.2,0.2,0.2,0.24],
[0.28,0.2,0.2,0.2,0.2,0.2,0.24],
[0.28,0.2,0.2,0.2,0.2,0.2,0.24],
[0.56,0.4,0.4,0.4,0.4,0.4,0.48],
[0.56,0.4,0.4,0.4,0.4,0.4,0.48],
[0.56,0.4,0.4,0.4,0.4,0.4,0.48],
[0.56,0.4,0.4,0.4,0.4,0.4,0.48],
[0.84,0.6,0.6,0.6,0.6,0.6,0.72],
[0.84,0.6,0.6,0.6,0.6,0.6,0.72],
[0.84,0.6,0.6,0.6,0.6,0.6,0.72],
[1.12,0.8,0.8,0.8,0.8,0.8,0.96],
[1.12,0.8,0.8,0.8,0.8,0.8,0.96],
[1.4,1,1,1,1,1,1.2],
[0.28,0.2,0.2,0.2,0.2,0.2,0.24],
[0.28,0.2,0.2,0.2,0.2,0.2,0.24],
[0.28,0.2,0.2,0.2,0.2,0.2,0.24],
[0.28,0.2,0.2,0.2,0.2,0.2,0.24],
[0.28,0.2,0.2,0.2,0.2,0.2,0.24],
[0.56,0.4,0.4,0.4,0.4,0.4,0.48],
[0.56,0.4,0.4,0.4,0.4,0.4,0.48],
[0.56,0.4,0.4,0.4,0.4,0.4,0.48],
[0.56,0.4,0.4,0.4,0.4,0.4,0.48],
[0.84,0.6,0.6,0.6,0.6,0.6,0.72],
[0.84,0.6,0.6,0.6,0.6,0.6,0.72],
[0.84,0.6,0.6,0.6,0.6,0.6,0.72],
[1.12,0.8,0.8,0.8,0.8,0.8,0.96],
[1.12,0.8,0.8,0.8,0.8,0.8,0.96],
[1.4,1,1,1,1,1,1.2],
[0.28,0.2,0.2,0.2,0.2,0.2,0.24],
[0.28,0.2,0.2,0.2,0.2,0.2,0.24],
[0.28,0.2,0.2,0.2,0.2,0.2,0.24],
[0.28,0.2,0.2,0.2,0.2,0.2,0.24],
[0.28,0.2,0.2,0.2,0.2,0.2,0.24],
[0.56,0.4,0.4,0.4,0.4,0.4,0.48],
[0.56,0.4,0.4,0.4,0.4,0.4,0.48],
[0.56,0.4,0.4,0.4,0.4,0.4,0.48],
[0.56,0.4,0.4,0.4,0.4,0.4,0.48],
[0.84,0.6,0.6,0.6,0.6,0.6,0.72],
[0.84,0.6,0.6,0.6,0.6,0.6,0.72],
[0.84,0.6,0.6,0.6,0.6,0.6,0.72],
[1.12,0.8,0.8,0.8,0.8,0.8,0.96],
[1.12,0.8,0.8,0.8,0.8,0.8,0.96],
[1.4,1,1,1,1,1,1.2],
[0.56,0.4,0.4,0.4,0.4,0.4,0.48],
[0.56,0.4,0.4,0.4,0.4,0.4,0.48],
[0.56,0.4,0.4,0.4,0.4,0.4,0.48],
[0.56,0.4,0.4,0.4,0.4,0.4,0.48],
[0.56,0.4,0.4,0.4,0.4,0.4,0.48],
[1.12,0.8,0.8,0.8,0.8,0.8,0.96],
[1.12,0.8,0.8,0.8,0.8,0.8,0.96],
[1.12,0.8,0.8,0.8,0.8,0.8,0.96],
[1.12,0.8,0.8,0.8,0.8,0.8,0.96],
[1.68,1.2,1.2,1.2,1.2,1.2,1.44],
[1.68,1.2,1.2,1.2,1.2,1.2,1.44],
[1.68,1.2,1.2,1.2,1.2,1.2,1.44],
[2.24,1.6,1.6,1.6,1.6,1.6,1.92],
[2.24,1.6,1.6,1.6,1.6,1.6,1.92],
[2.8,2,2,2,2,2,2.4],
[0.56,0.4,0.4,0.4,0.4,0.4,0.48],
[0.56,0.4,0.4,0.4,0.4,0.4,0.48],
[0.56,0.4,0.4,0.4,0.4,0.4,0.48],
[0.56,0.4,0.4,0.4,0.4,0.4,0.48],
[0.56,0.4,0.4,0.4,0.4,0.4,0.48],
[1.12,0.8,0.8,0.8,0.8,0.8,0.96],
[1.12,0.8,0.8,0.8,0.8,0.8,0.96],
[1.12,0.8,0.8,0.8,0.8,0.8,0.96],
[1.12,0.8,0.8,0.8,0.8,0.8,0.96],
[1.68,1.2,1.2,1.2,1.2,1.2,1.44],
[1.68,1.2,1.2,1.2,1.2,1.2,1.44],
[1.68,1.2,1.2,1.2,1.2,1.2,1.44],
[2.24,1.6,1.6,1.6,1.6,1.6,1.92],
[2.24,1.6,1.6,1.6,1.6,1.6,1.92],
[2.8,2,2,2,2,2,2.4],
[0.56,0.4,0.4,0.4,0.4,0.4,0.48],
[0.56,0.4,0.4,0.4,0.4,0.4,0.48],
[0.56,0.4,0.4,0.4,0.4,0.4,0.48],
[0.56,0.4,0.4,0.4,0.4,0.4,0.48],
[0.56,0.4,0.4,0.4,0.4,0.4,0.48],
[1.12,0.8,0.8,0.8,0.8,0.8,0.96],
[1.12,0.8,0.8,0.8,0.8,0.8,0.96],
[1.12,0.8,0.8,0.8,0.8,0.8,0.96],
[1.12,0.8,0.8,0.8,0.8,0.8,0.96],
[1.68,1.2,1.2,1.2,1.2,1.2,1.44],
[1.68,1.2,1.2,1.2,1.2,1.2,1.44],
[1.68,1.2,1.2,1.2,1.2,1.2,1.44],
[2.24,1.6,1.6,1.6,1.6,1.6,1.92],
[2.24,1.6,1.6,1.6,1.6,1.6,1.92],
[2.8,2,2,2,2,2,2.4],
[0.56,0.4,0.4,0.4,0.4,0.4,0.48],
[0.56,0.4,0.4,0.4,0.4,0.4,0.48],
[0.56,0.4,0.4,0.4,0.4,0.4,0.48],
[0.56,0.4,0.4,0.4,0.4,0.4,0.48],
[0.56,0.4,0.4,0.4,0.4,0.4,0.48],
[1.12,0.8,0.8,0.8,0.8,0.8,0.96],
[1.12,0.8,0.8,0.8,0.8,0.8,0.96],
[1.12,0.8,0.8,0.8,0.8,0.8,0.96],
[1.12,0.8,0.8,0.8,0.8,0.8,0.96],
[1.68,1.2,1.2,1.2,1.2,1.2,1.44],
[1.68,1.2,1.2,1.2,1.2,1.2,1.44],
[1.68,1.2,1.2,1.2,1.2,1.2,1.44],
[2.24,1.6,1.6,1.6,1.6,1.6,1.92],
[2.24,1.6,1.6,1.6,1.6,1.6,1.92],
[2.8,2,2,2,2,2,2.4],
[0.84,0.6,0.6,0.6,0.6,0.6,0.72],
[0.84,0.6,0.6,0.6,0.6,0.6,0.72],
[0.84,0.6,0.6,0.6,0.6,0.6,0.72],
[0.84,0.6,0.6,0.6,0.6,0.6,0.72],
[0.84,0.6,0.6,0.6,0.6,0.6,0.72],
[1.68,1.2,1.2,1.2,1.2,1.2,1.44],
[1.68,1.2,1.2,1.2,1.2,1.2,1.44],
[1.68,1.2,1.2,1.2,1.2,1.2,1.44],
[1.68,1.2,1.2,1.2,1.2,1.2,1.44],
[2.52,1.8,1.8,1.8,1.8,1.8,2.16],
[2.52,1.8,1.8,1.8,1.8,1.8,2.16],
[2.52,1.8,1.8,1.8,1.8,1.8,2.16],
[3.36,2.4,2.4,2.4,2.4,2.4,2.88],
[3.36,2.4,2.4,2.4,2.4,2.4,2.88],
[4.2,3,3,3,3,3,3.6],
[0.84,0.6,0.6,0.6,0.6,0.6,0.72],
[0.84,0.6,0.6,0.6,0.6,0.6,0.72],
[0.84,0.6,0.6,0.6,0.6,0.6,0.72],
[0.84,0.6,0.6,0.6,0.6,0.6,0.72],
[0.84,0.6,0.6,0.6,0.6,0.6,0.72],
[1.68,1.2,1.2,1.2,1.2,1.2,1.44],
[1.68,1.2,1.2,1.2,1.2,1.2,1.44],
[1.68,1.2,1.2,1.2,1.2,1.2,1.44],
[1.68,1.2,1.2,1.2,1.2,1.2,1.44],
[2.52,1.8,1.8,1.8,1.8,1.8,2.16],
[2.52,1.8,1.8,1.8,1.8,1.8,2.16],
[2.52,1.8,1.8,1.8,1.8,1.8,2.16],
[3.36,2.4,2.4,2.4,2.4,2.4,2.88],
[3.36,2.4,2.4,2.4,2.4,2.4,2.88],
[4.2,3,3,3,3,3,3.6],
[0.84,0.6,0.6,0.6,0.6,0.6,0.72],
[0.84,0.6,0.6,0.6,0.6,0.6,0.72],
[0.84,0.6,0.6,0.6,0.6,0.6,0.72],
[0.84,0.6,0.6,0.6,0.6,0.6,0.72],
[0.84,0.6,0.6,0.6,0.6,0.6,0.72],
[1.68,1.2,1.2,1.2,1.2,1.2,1.44],
[1.68,1.2,1.2,1.2,1.2,1.2,1.44],
[1.68,1.2,1.2,1.2,1.2,1.2,1.44],
[1.68,1.2,1.2,1.2,1.2,1.2,1.44],
[2.52,1.8,1.8,1.8,1.8,1.8,2.16],
[2.52,1.8,1.8,1.8,1.8,1.8,2.16],
[2.52,1.8,1.8,1.8,1.8,1.8,2.16],
[3.36,2.4,2.4,2.4,2.4,2.4,2.88],
[3.36,2.4,2.4,2.4,2.4,2.4,2.88],
[4.2,3,3,3,3,3,3.6],
[1.12,0.8,0.8,0.8,0.8,0.8,0.96],
[1.12,0.8,0.8,0.8,0.8,0.8,0.96],
[1.12,0.8,0.8,0.8,0.8,0.8,0.96],
[1.12,0.8,0.8,0.8,0.8,0.8,0.96],
[1.12,0.8,0.8,0.8,0.8,0.8,0.96],
[2.24,1.6,1.6,1.6,1.6,1.6,1.92],
[2.24,1.6,1.6,1.6,1.6,1.6,1.92],
[2.24,1.6,1.6,1.6,1.6,1.6,1.92],
[2.24,1.6,1.6,1.6,1.6,1.6,1.92],
[3.36,2.4,2.4,2.4,2.4,2.4,2.88],
[3.36,2.4,2.4,2.4,2.4,2.4,2.88],
[3.36,2.4,2.4,2.4,2.4,2.4,2.88],
[4.48,3.2,3.2,3.2,3.2,3.2,3.84],
[4.48,3.2,3.2,3.2,3.2,3.2,3.84],
[5.6,4,4,4,4,4,4.8],
[1.12,0.8,0.8,0.8,0.8,0.8,0.96],
[1.12,0.8,0.8,0.8,0.8,0.8,0.96],
[1.12,0.8,0.8,0.8,0.8,0.8,0.96],
[1.12,0.8,0.8,0.8,0.8,0.8,0.96],
[1.12,0.8,0.8,0.8,0.8,0.8,0.96],
[2.24,1.6,1.6,1.6,1.6,1.6,1.92],
[2.24,1.6,1.6,1.6,1.6,1.6,1.92],
[2.24,1.6,1.6,1.6,1.6,1.6,1.92],
[2.24,1.6,1.6,1.6,1.6,1.6,1.92],
[3.36,2.4,2.4,2.4,2.4,2.4,2.88],
[3.36,2.4,2.4,2.4,2.4,2.4,2.88],
[3.36,2.4,2.4,2.4,2.4,2.4,2.88],
[4.48,3.2,3.2,3.2,3.2,3.2,3.84],
[4.48,3.2,3.2,3.2,3.2,3.2,3.84],
[5.6,4,4,4,4,4,4.8],
[1.4,1,1,1,1,1,1.2],
[1.4,1,1,1,1,1,1.2],
[1.4,1,1,1,1,1,1.2],
[1.4,1,1,1,1,1,1.2],
[1.4,1,1,1,1,1,1.2],
[2.8,2,2,2,2,2,2.4],
[2.8,2,2,2,2,2,2.4],
[2.8,2,2,2,2,2,2.4],
[2.8,2,2,2,2,2,2.4],
[4.2,3,3,3,3,3,3.6],
[4.2,3,3,3,3,3,3.6],
[4.2,3,3,3,3,3,3.6],
[5.6,4,4,4,4,4,4.8],
[5.6,4,4,4,4,4,4.8],
[7,5,5,5,5,5,6]]
[1,1,1,1,1,2,2,2,2,3,3,3,4,4,5,1,1,1,1,1,2,2,2,2,3,3,3,4,4,5,1,1,1,1,1,2,2,2,2,3,3,3,4,4,5,1,1,1,1,1,2,2,2,2,3,3,3,4,4,5,1,1,1,1,1,2,2,2,2,3,3,3,4,4,5,2,2,2,2,2,4,4,4,4,6,6,6,8,8,10,2,2,2,2,2,4,4,4,4,6,6,6,8,8,10,2,2,2,2,2,4,4,4,4,6,6,6,8,8,10,2,2,2,2,2,4,4,4,4,6,6,6,8,8,10,3,3,3,3,3,6,6,6,6,9,9,9,12,12,15,3,3,3,3,3,6,6,6,6,9,9,9,12,12,15,3,3,3,3,3,6,6,6,6,9,9,9,12,12,15,4,4,4,4,4,8,8,8,8,12,12,12,16,16,20,4,4,4,4,4,8,8,8,8,12,12,12,16,16,20,5,5,5,5,5,10,10,10,10,15,15,15,20,20,25] 
[5.01,7.2,7.09,6.34,7.84,6.24,6.5] 
[0.02,0.01,0.01,0.02,0.02,0.02,0.01] 
[7,5,5,5,5,5,6] 
[1.9,1.82,1.88,1.95,1.93,2.03,2.13]