225
25
7
246000
[[0,0,0,0,0,0,0],
[0,0,0,0,0,0,0],
[0,0,0,0,0,0,0],
[0,0,0,0,0,0,0],
[0,0,0,0,0,0,0],
[11.38,2.14,4.84,14.15,9.37,0.05,0.29],
[3.48,15.79,0.98,0.56,4.68,1.14,3.3],
[14.42,9.29,0.35,0.71,3.59,30.73,6.3],
[15.85,3.28,23.32,1.67,7.53,2.46,15.46],
[5.71,8.08,2.43,7.93,4.95,0.63,3.05],
[7.21,8.65,1.28,0.43,2.78,17.3,3.36],
[10.1,12.05,13.87,2.31,3.95,16.33,7.93],
[10.57,5.78,1.75,6.56,4.39,12.46,2.66],
[6.95,8.93,9.27,1.57,4.28,13.1,6.34],
[8.52,6.78,9.2,7.4,4.37,11.13,5.82],
[0,0,0,0,0,0,0],
[0,0,0,0,0,0,0],
[0,0,0,0,0,0,0],
[0,0,0,0,0,0,0],
[0,0,0,0,0,0,0],
[6.3,5.78,25.13,1.43,1.45,22.85,6.34],
[2.76,18.91,21.65,7.18,36.13,0.83,0.27],
[5.68,2.67,10.86,0.48,15.24,0.37,1.6],
[1.14,0.71,0.62,3.43,3.59,0.02,0],
[8.82,9.49,15.64,7.88,20.23,18.69,5.29],
[2.99,9.65,11.45,3.87,18.6,0.43,0.81],
[6.24,1.33,5.93,3.46,7.62,0.33,1.03],
[5.98,6.44,12.16,6.36,13.53,13.73,3.53],
[4.2,7.16,7.64,3.59,13.24,0.32,0.74],
[5.26,5.39,9.27,4.99,11.27,10.73,2.64],
[0,0,0,0,0,0,0],
[0,0,0,0,0,0,0],
[0,0,0,0,0,0,0],
[0,0,0,0,0,0,0],
[0,0,0,0,0,0,0],
[1.48,6.88,1.14,18.73,0.31,1.51,2.4],
[0.82,0.2,0.49,21.58,4.65,1.55,0.47],
[1.66,6.7,6.88,9.12,1.19,23.46,5.75],
[0.64,2.93,0.59,0.63,1.48,20.8,0.07],
[0.8,5.5,0.59,13.47,2.51,1.02,2.62],
[0.87,3.83,6.14,11.11,2.33,12.65,3.05],
[0.84,9.37,3.64,8.09,2.66,14.78,4.29],
[1.13,4.67,4.13,9.91,1.68,10.47,2.76],
[0.61,7.96,4.83,8.2,2.3,9.96,3.36],
[0.84,6.58,3.75,8.75,1.74,8.47,2.78],
[0,0,0,0,0,0,0],
[0,0,0,0,0,0,0],
[0,0,0,0,0,0,0],
[0,0,0,0,0,0,0],
[0,0,0,0,0,0,0],
[16.02,6.48,22.92,11.57,18.85,0.94,18.91],
[2.06,4.84,0.19,27.38,0,3.08,16.94],
[0.19,7.57,14.69,19.28,3.1,5.02,0.19],
[0.92,3.67,0.57,8.95,1.25,1.23,7.11],
[8.22,3.81,14.01,14.1,12.63,1.54,11.97],
[1.91,4.24,11.04,15.79,2.04,2.78,10.23],
[1.02,3.98,8.24,10.06,1.59,5.83,5.63],
[5.48,4.82,12.54,11.47,8.46,2,8.35],
[2.77,3.16,9.25,12.16,1.36,3.89,8.07],
[4.51,3.65,9.92,9.46,6.67,3.36,7.89],
[0,0,0,0,0,0,0],
[0,0,0,0,0,0,0],
[0,0,0,0,0,0,0],
[0,0,0,0,0,0,0],
[0,0,0,0,0,0,0],
[1.48,0.63,4.56,22.24,0.3,6.13,11.14],
[14.2,28.2,0.63,2.1,4.12,1.53,3.25],
[2.46,31.76,1.84,0.23,3.75,26.57,0.2],
[10.35,3.03,1.43,5.35,38.19,16.7,0.25],
[7.4,22.02,4.59,11.67,2.21,7.15,5.58],
[7.17,20.02,2.36,1.09,7.87,14.48,1.76],
[11.91,16.66,1.1,2.98,19.98,14.81,0.15],
[5.08,16.36,6.43,8.37,6.3,10.91,3.78],
[9.3,13.38,1.58,3.79,14.12,10.22,1.5],
[6.98,12.32,5.05,7.18,10.65,9.03,2.86],
[18.48,3.13,22.45,15.02,0.02,0.54,0],
[2.51,0.68,6.13,1.17,19.28,14.58,3.7],
[1.9,1.45,10.04,9.07,14.31,33.62,0.4],
[7.8,6.85,0.22,9.99,4.06,0.13,3.51],
[5.09,27.75,12.8,6.77,6.88,1.13,4.06],
[7.12,3.76,10.84,6.49,7.01,9.22,2.79],
[3.55,12.25,7.62,5.37,13.66,16.07,2.28],
[9.6,6.42,5.94,6.75,6.8,15.31,3.68],
[5.71,11.69,9.59,7.24,3.77,0.91,5.16],
[5.93,7.99,9.19,6.32,10.11,12.99,3.75],
[6.29,8.76,5.18,5.23,9.01,12.81,2.97],
[6.78,10.86,7.92,7.44,5.91,9.48,3.6],
[7.17,6.7,7.21,5.95,7.95,13.82,3.33],
[5.22,10.41,7.46,5.68,7.51,9.56,3.24],
[6.14,8.44,8.33,6.3,6.95,11.76,3.88],
[16.53,6.16,2.74,9.16,0.17,20.22,4.32],
[0.12,6.48,5.25,6.23,0.05,2.29,3.95],
[0.17,1.84,2.76,0.28,13.16,1.39,10.22],
[0.46,5.35,18.12,8.16,0.66,29.34,0.22],
[6.48,23.67,7.3,3.23,15.4,0.49,0.47],
[5.83,4.22,8.83,6.77,0.59,9.6,2.91],
[1.19,6.61,7.45,11.11,15.52,2,4.73],
[2.46,5.37,7.04,5.11,8.76,15.2,3.69],
[2.33,9.8,8.47,4.96,5.43,13.18,0.24],
[4.91,6.11,6.56,8.54,10.07,8.1,3.8],
[1.57,5.48,8.63,8.3,9.55,9.62,3.03],
[3.36,9.14,5.69,6.41,8.78,9.59,2.41],
[3.82,5.22,7.36,7.27,7.29,10.84,2.94],
[2.42,7.76,7.4,7.16,9.03,7.18,2.34],
[3.87,6.92,6.57,6.59,7.41,8.95,2.49],
[16.59,1.9,4.71,3,0.53,4.77,9.25],
[1.31,1.69,2.4,35.96,31.68,3.7,8.16],
[1.43,1.81,3.28,15.07,12.2,2,0.33],
[0.12,15.96,0.36,12.45,7.96,1.41,6.44],
[4.41,14.36,0.34,1.77,26.57,20.1,0.02],
[7.26,5.65,8.08,13.13,13.12,3.63,7.11],
[0.96,1.68,2.11,17.07,15.42,3.4,6.67],
[1.01,5.93,8.16,9.49,8.07,9.5,3.59],
[1.51,12.3,0.62,7.12,11.51,9.15,3.58],
[4.74,3.84,5.93,11.04,12.52,3.06,5.87],
[1.12,4.27,7.92,12.88,11.26,6.48,5.32],
[1.63,8.11,5.35,7.32,10.47,9.72,4.67],
[3.54,5.08,7.26,9.71,10.08,6.02,5.15],
[1.67,6.9,6.77,10.46,12.01,7.51,4.91],
[3.34,6.4,6.2,8.71,10.8,6.99,5],
[5.51,8.08,0.06,5.28,4.06,1.75,2.33],
[0.19,21.13,5.75,0.97,3.18,0.03,0.27],
[7.68,8.49,1.36,7.84,14.69,10.08,8],
[0.59,29.95,16.19,1.23,16.07,17.82,8.08],
[11.62,3.3,4.29,0.19,1.11,1.55,0.11],
[6.44,11.59,9.92,13.06,6.39,2.57,10.71],
[7.14,11.48,2.39,10.38,6.63,3.42,8.59],
[2.98,14.2,6.87,6.98,12.53,10.71,5.49],
[4.92,11.09,6.86,5.16,14.6,10.96,3.51],
[6.3,11.7,8.17,10.32,6.8,3.75,8.6],
[4.69,13.12,5.38,6.79,10.14,6.95,7.35],
[5.17,9.53,5.36,5.32,11.7,8.6,4.22],
[4.62,12.65,8.15,8.6,8.4,5.7,7.33],
[5.18,9.96,4.87,6.84,9.26,6.21,5.33],
[5.18,10.2,6.83,7.49,8.65,5.77,5.99],
[11.69,3.27,11.56,8.3,0.16,11.64,2.8],
[2.11,6.18,3.8,3.13,12.23,7.39,2.55],
[1,1.1,5.02,5.17,9.16,18.78,5.73],
[6.77,4.09,13.55,6.08,4.24,20.92,3.07],
[3.88,17.19,6.96,3.55,7.99,0.58,2.1],
[5.81,3.88,7.15,7.74,5.07,8.56,2.29],
[2.55,8.04,4.8,7.67,10.96,10.55,3.5],
[6.83,5.6,7.54,5.88,6,15.88,3.65],
[5.18,8.99,9.77,4.89,5.18,9.14,3.26],
[4.52,6.39,6.05,7.32,7.92,10.54,3.19],
[4.82,6.51,6.43,6.33,7.91,11.84,2.97],
[5.24,10.01,7.43,6.71,6.47,10.53,3.5],
[5.75,5.54,6.87,6.53,6.61,11.66,2.88],
[4.21,8.82,7.3,6.08,7.41,9.2,3.22],
[5.07,7.44,7.38,6.6,6.38,9.98,3.3],
[11.04,3.09,2.57,4.61,0.27,10.12,4.83],
[1.21,7.66,2.73,18.15,22,5.93,4.29],
[1.4,3.65,6.03,11.61,8.46,3.38,8.25],
[0.23,8.05,10.62,7.02,4.22,16.21,3.65],
[3.7,13.06,4.04,1.74,14.5,15.82,0.26],
[6.77,4.81,10,9.11,9.35,6.86,5.53],
[1.13,4.97,5.74,12.19,16.66,4.74,6.24],
[1.77,4.82,7.32,7.48,8.11,11.78,4.92],
[1.67,8.96,5.9,5.62,7.7,13.53,2.15],
[5.38,4.8,7.76,8.87,12.95,6.64,5.67],
[1.46,5.12,8.28,9.54,11.86,8.85,4.83],
[2.63,6.97,5.63,6.67,8.83,11.33,3.92],
[4.06,5.01,8.1,7.94,10.19,8.59,4.8],
[2.32,6.48,7.25,8.17,11.26,9.32,3.86],
[3.94,5.94,7.07,7.1,10.16,9.01,4.23],
[8.36,4.04,2.82,8.18,4.04,2.42,4.62],
[0.67,11.23,2.95,20.69,16.55,2.72,6.6],
[8.28,4.25,1.68,8.03,9,11.05,4.47],
[0.65,16.03,12.65,6.51,8.48,16.16,4.87],
[5.91,7.19,3.9,0.92,22.08,10.71,0.11],
[4.68,8.48,6.56,12.5,9.48,3.52,7],
[4.81,7.03,1.86,11.76,10.22,5.72,7.34],
[3.57,10.11,7.46,6.04,8.52,11.13,4.45],
[3.25,9.53,6.63,5.45,14.69,10.78,2.39],
[5.29,8.73,5.26,9.82,8.48,4.98,6.19],
[3.46,9.16,5.87,9.02,9.74,7.67,5.8],
[4.21,9.3,5.91,5.49,11.6,9.78,3.73],
[4.09,9.32,6.45,8.47,8.18,6.8,5.42],
[3.7,8.83,5.44,8.12,11.49,7.61,4.5],
[4.18,8.64,5.73,7.65,10.09,7.09,4.65],
[11.7,2.23,11.21,6.04,0.19,7.92,3.27],
[3.21,9.48,2.89,13.1,17.46,6.31,4.06],
[1.18,2.44,5.08,8.67,8.84,12.55,6.93],
[5.06,8.26,11.89,7.64,4.12,17.17,3.33],
[3.26,14.11,4.64,2.87,11.15,10.95,1.46],
[6.52,5.08,8.73,8.64,8.7,6.38,4.37],
[2.2,6.65,4.24,9.62,12.57,8.37,4.93],
[4.9,5.32,7.51,6.99,6.4,12.91,4.43],
[3.83,10.34,7.68,6.22,6.58,12.16,3.75],
[4.95,5.48,6.95,7.9,10.32,8.03,4.68],
[4.02,6.53,6.69,8.25,9.22,10.03,4.19],
[4.05,8.66,6.92,6.72,7.46,11.21,4.47],
[5.33,5.67,7.68,7.33,8.42,9.33,4.11],
[3.66,8.35,7.2,7.55,9.11,9.58,4.11],
[4.75,7.11,7.62,7.13,8.41,9.2,4.34],
[7.85,5.84,1.92,6.06,2.97,7.67,3.24],
[0.9,9.25,4.09,14.48,16.76,5.9,4.4],
[7.81,3.66,4.2,7.74,9.32,12.43,6.45],
[0.45,11.77,11.59,4.72,5.69,15.95,3.29],
[6.54,9.12,3.91,1.17,14.73,12.5,0.19],
[5.27,6.92,8.61,9.69,8.8,5.82,5.95],
[3.98,7.76,4.44,9.54,12.53,8.11,5.97],
[3.77,8.42,6.88,5.39,9.13,12.39,4.32],
[3.14,9,6.65,4.78,11.02,12.22,1.71],
[5.49,8.24,6.69,8.58,9.95,7.32,5.64],
[3.11,8.45,6.55,7.42,10.48,9.55,4.73],
[4.2,8.49,5.5,5.39,10.23,11.42,3.17],
[4.23,8.41,7.24,7.5,8.75,8.57,4.81],
[3.59,8.27,5.86,6.89,11.08,9.57,3.59],
[4.38,8.13,6.36,6.74,9.83,8.78,4.03],
[8.8,4.39,9.61,8.26,2.3,7.16,2.48],
[2.8,8.94,3.41,12.4,13.94,5.55,4.89],
[5.88,2.77,3.83,6.56,8.36,13.98,5.57],
[3.79,9.74,10.91,6.05,6.23,15.03,3.57],
[5.03,10.59,5.17,2.19,13.59,10.15,1.23],
[5.37,6.02,8.38,9.21,8.07,5.65,5.15],
[3.87,8.34,3.58,8.47,10.27,8.73,5.05],
[5.19,7.85,6.58,5.61,7.51,13.09,4.07],
[4.71,9.22,7.77,5.56,9.42,11.31,3.05],
[5.15,7.84,6.52,7.87,8.53,7.69,4.91],
[4.43,8.48,5.61,7.19,8.82,10.18,4.4],
[4.92,9.27,6.37,5.8,8.78,11.33,3.69],
[5.12,7.87,7.1,7.12,7.67,9.1,4.37],
[4.36,8.99,6.09,6.92,9.42,9.64,3.84],
[4.93,8.21,6.89,6.85,8.52,8.91,4.17]]
[[0,0,0,0,0,0,0],
[0,0,0,0,0,0,0],
[0,0,0,0,0,0,0],
[0,0,0,0,0,0,0],
[0,0,0,0,0,0,0],
[0.04,0,0,0,0,0.02,0],
[0.01,0,0,0,0.02,0,0],
[0,0,0.04,0.02,0,0.01,0.02],
[0,0,0.04,0,0.01,0.01,0],
[0.02,0,0,0,0.02,0.01,0],
[0,0,0.04,0.02,0.01,0.01,0.02],
[0,0,0.03,0.01,0,0,0.01],
[0.02,0,0.04,0.02,0.02,0.01,0.02],
[0,0,0.03,0.02,0.01,0.01,0.02],
[0.01,0,0.03,0.02,0.02,0.01,0.02],
[0,0,0,0,0,0,0],
[0,0,0,0,0,0,0],
[0,0,0,0,0,0,0],
[0,0,0,0,0,0,0],
[0,0,0,0,0,0,0],
[0.04,0,0,0.01,0,0,0],
[0.02,0,0,0.01,0.02,0,0],
[0.02,0.02,0.02,0.02,0,0.02,0.02],
[0.02,0.01,0,0.04,0,0.02,0.08],
[0.02,0,0,0,0.01,0,0],
[0.04,0.01,0.01,0.01,0.01,0.01,0.01],
[0.01,0.01,0.01,0.02,0,0.01,0.04],
[0.03,0.01,0.01,0.01,0.01,0.01,0.01],
[0.03,0.01,0.01,0.02,0.01,0.01,0.03],
[0.02,0.01,0.01,0.01,0.01,0.01,0.02],
[0,0,0,0,0,0,0],
[0,0,0,0,0,0,0],
[0,0,0,0,0,0,0],
[0,0,0,0,0,0,0],
[0,0,0,0,0,0,0],
[0.04,0.02,0,0,0.08,0.02,0.02],
[0.02,0,0.01,0,0.08,0,0],
[0.02,0,0,0.04,0.02,0,0],
[0,0,0.02,0,0.02,0,0],
[0.02,0.02,0,0,0.05,0.01,0.01],
[0.01,0,0,0.03,0.04,0,0],
[0.01,0,0.01,0.03,0.01,0,0],
[0.02,0.02,0,0.03,0.04,0.01,0.01],
[0.01,0,0.01,0.03,0.04,0,0],
[0.02,0.02,0.01,0.03,0.03,0.01,0.01],
[0,0,0,0,0,0,0],
[0,0,0,0,0,0,0],
[0,0,0,0,0,0,0],
[0,0,0,0,0,0,0],
[0,0,0,0,0,0,0],
[0,0,0.02,0,0,0,0.02],
[0,0.04,0.02,0.01,0,0.02,0.04],
[0.02,0,0.04,0.02,0.02,0,0],
[0.08,0,0,0.04,0,0.02,0],
[0,0.03,0.01,0,0,0.01,0.02],
[0.01,0.02,0.02,0.02,0.01,0.02,0.02],
[0.04,0,0.04,0.02,0.01,0.01,0],
[0.01,0.02,0.02,0.02,0.01,0.02,0.02],
[0.03,0.02,0.03,0.02,0.01,0.02,0.02],
[0.02,0.02,0.03,0.02,0.01,0.02,0.01],
[0,0,0,0,0,0,0],
[0,0,0,0,0,0,0],
[0,0,0,0,0,0,0],
[0,0,0,0,0,0,0],
[0,0,0,0,0,0,0],
[0.01,0.02,0.01,0,0.02,0.01,0.04],
[0,0,0.01,0,0.02,0,0],
[0.02,0.02,0,0.02,0.01,0,0.04],
[0,0.01,0.02,0.02,0.01,0,0.04],
[0.01,0.01,0,0,0.01,0,0.03],
[0.01,0.02,0,0.01,0.01,0,0.03],
[0.01,0.01,0.01,0.01,0,0,0.03],
[0.01,0.02,0,0.01,0.01,0,0.03],
[0.01,0.02,0.01,0.01,0.01,0,0.02],
[0.01,0.01,0.01,0.01,0.01,0,0.03],
[0.04,0,0.04,0,0.02,0.02,0],
[0.04,0,0.04,0.02,0,0,0],
[0,0,0.02,0,0,0,0],
[0.02,0.02,0.04,0,0,0.04,0.08],
[0,0,0,0.04,0.01,0,0],
[0.03,0,0.03,0.01,0.01,0.01,0],
[0.02,0,0.02,0.01,0.01,0,0],
[0.01,0.01,0.02,0.01,0,0.02,0.03],
[0.01,0.01,0.02,0.02,0,0.02,0.04],
[0.02,0,0.02,0,0.01,0.01,0],
[0.02,0.01,0.02,0.01,0.01,0.01,0.02],
[0.01,0.01,0.02,0.02,0,0.01,0.02],
[0.02,0.01,0.02,0.01,0.01,0.01,0.01],
[0.01,0,0.02,0.02,0.01,0.01,0.02],
[0.02,0,0.02,0.01,0.01,0.01,0.02],
[0,0.04,0.02,0.02,0.02,0,0.02],
[0,0,0.02,0,0,0,0],
[0,0,0,0.01,0,0,0],
[0.08,0.02,0.01,0.08,0.01,0,0.02],
[0.02,0,0,0,0,0,0.04],
[0.03,0.02,0.01,0.01,0.03,0.01,0.01],
[0.01,0,0.01,0,0.03,0,0],
[0.03,0.01,0.01,0.03,0.01,0.01,0.01],
[0.04,0.01,0.01,0.04,0.01,0.01,0.03],
[0.02,0.01,0.01,0.01,0.03,0.01,0.01],
[0.03,0.01,0.01,0.02,0.02,0.01,0.01],
[0.02,0.01,0.01,0.03,0.01,0.01,0.02],
[0.02,0.01,0.01,0.02,0.02,0.01,0.01],
[0.02,0.01,0.01,0.02,0.02,0.01,0.01],
[0.02,0.01,0.01,0.02,0.02,0.01,0.01],
[0.01,0,0,0,0,0.04,0.01],
[0.02,0.01,0.01,0,0.04,0.01,0.04],
[0,0,0.02,0.01,0,0,0],
[0,0,0,0,0,0,0],
[0.08,0,0.08,0.04,0.02,0,0],
[0.02,0.01,0.01,0,0.03,0.02,0.02],
[0.01,0.02,0.01,0,0.04,0.01,0.02],
[0.01,0,0.02,0.02,0.01,0,0],
[0.04,0,0.03,0.02,0.01,0.01,0],
[0.01,0.02,0.01,0,0.02,0.01,0.01],
[0.01,0.01,0.01,0.02,0.02,0.01,0.01],
[0.03,0,0.03,0.02,0.01,0.01,0],
[0.01,0.02,0.01,0.02,0.02,0.01,0.01],
[0.02,0.01,0.02,0.02,0.02,0.01,0.01],
[0.02,0.02,0.02,0.02,0.02,0.01,0.01],
[0.01,0.01,0.02,0.01,0.01,0,0],
[0,0.04,0.01,0.02,0,0.01,0],
[0,0,0.02,0,0.02,0,0.04],
[0.04,0.02,0,0,0.01,0.02,0],
[0,0,0.08,0.01,0,0,0.02],
[0,0.02,0.01,0.01,0.01,0,0.02],
[0,0.02,0.01,0.01,0.01,0.01,0.02],
[0.02,0.02,0.02,0.01,0.01,0.01,0.02],
[0.03,0.01,0.03,0.02,0,0.01,0.02],
[0,0.02,0.01,0.01,0.01,0.01,0.02],
[0.01,0.02,0.01,0.01,0.01,0.01,0.02],
[0.02,0.01,0.03,0.01,0.01,0.01,0.02],
[0.01,0.02,0.01,0.01,0.01,0.01,0.02],
[0.02,0.01,0.02,0.01,0.01,0.01,0.02],
[0.01,0.01,0.02,0.01,0.01,0.01,0.02],
[0.03,0.03,0.02,0.01,0.04,0.02,0.01],
[0.03,0,0.02,0.01,0,0,0],
[0,0,0.01,0,0,0,0],
[0.04,0.01,0.02,0.05,0,0.02,0.04],
[0.01,0,0,0.04,0.01,0,0.02],
[0.03,0.01,0.02,0.01,0.02,0.01,0.01],
[0.01,0,0.01,0.01,0.02,0,0],
[0.02,0.01,0.01,0.02,0,0.01,0.02],
[0.02,0.01,0.02,0.04,0.01,0.01,0.03],
[0.02,0.01,0.02,0.01,0.03,0.01,0],
[0.02,0,0.02,0.02,0.02,0.01,0.01],
[0.01,0.01,0.02,0.03,0.01,0.01,0.02],
[0.02,0.01,0.02,0.02,0.02,0.01,0.01],
[0.02,0,0.02,0.02,0.02,0.01,0.01],
[0.02,0.01,0.02,0.02,0.02,0.01,0.01],
[0,0.02,0.02,0.01,0.01,0.02,0.01],
[0.01,0,0.01,0,0.02,0.01,0.02],
[0,0,0.02,0,0,0,0],
[0.05,0.01,0.01,0.05,0,0,0.01],
[0.04,0,0.04,0.02,0.01,0,0.02],
[0.02,0.01,0.01,0,0.02,0.01,0.01],
[0.01,0.01,0.01,0,0.03,0.01,0.01],
[0.02,0.01,0.01,0.03,0.01,0.01,0.01],
[0.04,0.01,0.02,0.03,0.01,0.01,0.02],
[0.01,0.02,0.02,0,0.02,0.01,0.01],
[0.02,0.01,0.01,0.02,0.02,0.01,0.01],
[0.02,0.01,0.02,0.02,0.01,0.01,0.01],
[0.02,0.01,0.01,0.02,0.02,0.01,0.01],
[0.02,0.01,0.02,0.02,0.02,0.01,0.01],
[0.02,0.01,0.02,0.02,0.01,0.01,0.01],
[0,0.01,0.01,0.01,0.01,0.03,0.01],
[0.01,0.02,0,0.01,0.04,0,0.03],
[0,0,0.01,0,0.01,0,0.02],
[0.03,0.01,0,0,0,0.01,0],
[0.04,0,0.05,0.02,0.01,0,0.02],
[0.01,0.02,0.01,0.01,0.02,0.01,0.02],
[0.01,0.01,0.01,0.01,0.03,0.01,0.02],
[0.01,0.01,0.01,0.02,0.01,0.01,0.01],
[0.03,0.01,0.03,0.02,0.01,0.01,0.01],
[0.01,0.02,0.01,0.01,0.02,0.01,0.02],
[0.01,0.01,0.01,0.02,0.02,0.01,0.02],
[0.02,0.01,0.02,0.02,0.01,0.01,0.01],
[0.01,0.02,0.01,0.02,0.01,0.01,0.01],
[0.02,0.01,0.02,0.02,0.02,0.01,0.02],
[0.02,0.01,0.01,0.02,0.01,0.01,0.01],
[0.02,0.02,0.02,0.01,0.03,0.02,0.01],
[0.02,0,0.02,0.01,0.02,0.01,0.02],
[0,0.01,0.02,0,0,0,0],
[0.04,0.01,0.02,0.05,0,0.02,0.03],
[0.03,0,0.03,0.03,0.01,0,0.02],
[0.02,0.01,0.02,0.01,0.02,0.01,0.01],
[0.01,0.01,0.01,0.01,0.02,0.01,0.01],
[0.02,0.01,0.02,0.02,0.01,0.01,0.01],
[0.03,0.01,0.02,0.04,0.01,0.01,0.02],
[0.01,0.01,0.02,0.01,0.02,0.01,0.01],
[0.02,0.01,0.02,0.02,0.02,0.01,0.01],
[0.02,0.01,0.02,0.02,0.01,0.01,0.01],
[0.02,0.01,0.02,0.02,0.02,0.01,0.01],
[0.02,0.01,0.02,0.02,0.01,0.01,0.01],
[0.02,0.01,0.02,0.02,0.02,0.01,0.01],
[0,0.02,0.02,0.01,0.01,0.02,0.01],
[0.01,0.02,0.01,0.01,0.03,0.01,0.02],
[0,0,0.02,0,0.01,0,0.02],
[0.04,0.01,0.01,0.04,0,0.01,0.01],
[0.03,0,0.04,0.02,0.01,0,0.02],
[0.02,0.02,0.01,0.01,0.02,0.01,0.02],
[0.01,0.01,0.01,0.01,0.02,0.01,0.02],
[0.02,0.01,0.01,0.02,0.01,0.01,0.01],
[0.03,0.01,0.02,0.02,0.01,0.01,0.02],
[0.01,0.02,0.01,0.01,0.02,0.01,0.01],
[0.02,0.01,0.01,0.02,0.02,0.01,0.02],
[0.02,0.01,0.02,0.02,0.01,0.01,0.02],
[0.02,0.01,0.01,0.02,0.01,0.01,0.01],
[0.02,0.01,0.01,0.02,0.01,0.01,0.02],
[0.02,0.01,0.01,0.02,0.01,0.01,0.02],
[0.02,0.02,0.02,0.01,0.02,0.02,0.01],
[0.02,0.01,0.01,0.01,0.03,0.01,0.02],
[0,0,0.01,0,0.01,0,0.01],
[0.03,0.01,0.01,0.05,0,0.02,0.02],
[0.02,0,0.03,0.03,0.01,0,0.02],
[0.02,0.01,0.01,0.01,0.02,0.01,0.02],
[0.01,0.01,0.01,0.01,0.02,0,0.02],
[0.02,0.01,0.01,0.02,0.01,0.01,0.02],
[0.02,0.01,0.02,0.03,0,0.01,0.02],
[0.01,0.01,0.01,0.01,0.02,0.01,0.01],
[0.02,0.01,0.01,0.02,0.01,0.01,0.02],
[0.02,0.01,0.02,0.02,0.01,0.01,0.02],
[0.02,0.01,0.01,0.02,0.02,0.01,0.01],
[0.02,0.01,0.02,0.02,0.01,0.01,0.02],
[0.02,0.01,0.02,0.02,0.01,0.01,0.02]]
[[0.2,0.24,0.24,0.2,0.24,0.28,0.24],
[0.2,0.24,0.24,0.2,0.24,0.28,0.24],
[0.2,0.24,0.24,0.2,0.24,0.28,0.24],
[0.2,0.24,0.24,0.2,0.24,0.28,0.24],
[0.2,0.24,0.24,0.2,0.24,0.28,0.24],
[0.4,0.48,0.48,0.4,0.48,0.56,0.48],
[0.4,0.48,0.48,0.4,0.48,0.56,0.48],
[0.4,0.48,0.48,0.4,0.48,0.56,0.48],
[0.4,0.48,0.48,0.4,0.48,0.56,0.48],
[0.6,0.72,0.72,0.6,0.72,0.84,0.72],
[0.6,0.72,0.72,0.6,0.72,0.84,0.72],
[0.6,0.72,0.72,0.6,0.72,0.84,0.72],
[0.8,0.96,0.96,0.8,0.96,1.12,0.96],
[0.8,0.96,0.96,0.8,0.96,1.12,0.96],
[1,1.2,1.2,1,1.2,1.4,1.2],
[0.2,0.24,0.24,0.2,0.24,0.28,0.24],
[0.2,0.24,0.24,0.2,0.24,0.28,0.24],
[0.2,0.24,0.24,0.2,0.24,0.28,0.24],
[0.2,0.24,0.24,0.2,0.24,0.28,0.24],
[0.2,0.24,0.24,0.2,0.24,0.28,0.24],
[0.4,0.48,0.48,0.4,0.48,0.56,0.48],
[0.4,0.48,0.48,0.4,0.48,0.56,0.48],
[0.4,0.48,0.48,0.4,0.48,0.56,0.48],
[0.4,0.48,0.48,0.4,0.48,0.56,0.48],
[0.6,0.72,0.72,0.6,0.72,0.84,0.72],
[0.6,0.72,0.72,0.6,0.72,0.84,0.72],
[0.6,0.72,0.72,0.6,0.72,0.84,0.72],
[0.8,0.96,0.96,0.8,0.96,1.12,0.96],
[0.8,0.96,0.96,0.8,0.96,1.12,0.96],
[1,1.2,1.2,1,1.2,1.4,1.2],
[0.2,0.24,0.24,0.2,0.24,0.28,0.24],
[0.2,0.24,0.24,0.2,0.24,0.28,0.24],
[0.2,0.24,0.24,0.2,0.24,0.28,0.24],
[0.2,0.24,0.24,0.2,0.24,0.28,0.24],
[0.2,0.24,0.24,0.2,0.24,0.28,0.24],
[0.4,0.48,0.48,0.4,0.48,0.56,0.48],
[0.4,0.48,0.48,0.4,0.48,0.56,0.48],
[0.4,0.48,0.48,0.4,0.48,0.56,0.48],
[0.4,0.48,0.48,0.4,0.48,0.56,0.48],
[0.6,0.72,0.72,0.6,0.72,0.84,0.72],
[0.6,0.72,0.72,0.6,0.72,0.84,0.72],
[0.6,0.72,0.72,0.6,0.72,0.84,0.72],
[0.8,0.96,0.96,0.8,0.96,1.12,0.96],
[0.8,0.96,0.96,0.8,0.96,1.12,0.96],
[1,1.2,1.2,1,1.2,1.4,1.2],
[0.2,0.24,0.24,0.2,0.24,0.28,0.24],
[0.2,0.24,0.24,0.2,0.24,0.28,0.24],
[0.2,0.24,0.24,0.2,0.24,0.28,0.24],
[0.2,0.24,0.24,0.2,0.24,0.28,0.24],
[0.2,0.24,0.24,0.2,0.24,0.28,0.24],
[0.4,0.48,0.48,0.4,0.48,0.56,0.48],
[0.4,0.48,0.48,0.4,0.48,0.56,0.48],
[0.4,0.48,0.48,0.4,0.48,0.56,0.48],
[0.4,0.48,0.48,0.4,0.48,0.56,0.48],
[0.6,0.72,0.72,0.6,0.72,0.84,0.72],
[0.6,0.72,0.72,0.6,0.72,0.84,0.72],
[0.6,0.72,0.72,0.6,0.72,0.84,0.72],
[0.8,0.96,0.96,0.8,0.96,1.12,0.96],
[0.8,0.96,0.96,0.8,0.96,1.12,0.96],
[1,1.2,1.2,1,1.2,1.4,1.2],
[0.2,0.24,0.24,0.2,0.24,0.28,0.24],
[0.2,0.24,0.24,0.2,0.24,0.28,0.24],
[0.2,0.24,0.24,0.2,0.24,0.28,0.24],
[0.2,0.24,0.24,0.2,0.24,0.28,0.24],
[0.2,0.24,0.24,0.2,0.24,0.28,0.24],
[0.4,0.48,0.48,0.4,0.48,0.56,0.48],
[0.4,0.48,0.48,0.4,0.48,0.56,0.48],
[0.4,0.48,0.48,0.4,0.48,0.56,0.48],
[0.4,0.48,0.48,0.4,0.48,0.56,0.48],
[0.6,0.72,0.72,0.6,0.72,0.84,0.72],
[0.6,0.72,0.72,0.6,0.72,0.84,0.72],
[0.6,0.72,0.72,0.6,0.72,0.84,0.72],
[0.8,0.96,0.96,0.8,0.96,1.12,0.96],
[0.8,0.96,0.96,0.8,0.96,1.12,0.96],
[1,1.2,1.2,1,1.2,1.4,1.2],
[0.4,0.48,0.48,0.4,0.48,0.56,0.48],
[0.4,0.48,0.48,0.4,0.48,0.56,0.48],
[0.4,0.48,0.48,0.4,0.48,0.56,0.48],
[0.4,0.48,0.48,0.4,0.48,0.56,0.48],
[0.4,0.48,0.48,0.4,0.48,0.56,0.48],
[0.8,0.96,0.96,0.8,0.96,1.12,0.96],
[0.8,0.96,0.96,0.8,0.96,1.12,0.96],
[0.8,0.96,0.96,0.8,0.96,1.12,0.96],
[0.8,0.96,0.96,0.8,0.96,1.12,0.96],
[1.2,1.44,1.44,1.2,1.44,1.68,1.44],
[1.2,1.44,1.44,1.2,1.44,1.68,1.44],
[1.2,1.44,1.44,1.2,1.44,1.68,1.44],
[1.6,1.92,1.92,1.6,1.92,2.24,1.92],
[1.6,1.92,1.92,1.6,1.92,2.24,1.92],
[2,2.4,2.4,2,2.4,2.8,2.4],
[0.4,0.48,0.48,0.4,0.48,0.56,0.48],
[0.4,0.48,0.48,0.4,0.48,0.56,0.48],
[0.4,0.48,0.48,0.4,0.48,0.56,0.48],
[0.4,0.48,0.48,0.4,0.48,0.56,0.48],
[0.4,0.48,0.48,0.4,0.48,0.56,0.48],
[0.8,0.96,0.96,0.8,0.96,1.12,0.96],
[0.8,0.96,0.96,0.8,0.96,1.12,0.96],
[0.8,0.96,0.96,0.8,0.96,1.12,0.96],
[0.8,0.96,0.96,0.8,0.96,1.12,0.96],
[1.2,1.44,1.44,1.2,1.44,1.68,1.44],
[1.2,1.44,1.44,1.2,1.44,1.68,1.44],
[1.2,1.44,1.44,1.2,1.44,1.68,1.44],
[1.6,1.92,1.92,1.6,1.92,2.24,1.92],
[1.6,1.92,1.92,1.6,1.92,2.24,1.92],
[2,2.4,2.4,2,2.4,2.8,2.4],
[0.4,0.48,0.48,0.4,0.48,0.56,0.48],
[0.4,0.48,0.48,0.4,0.48,0.56,0.48],
[0.4,0.48,0.48,0.4,0.48,0.56,0.48],
[0.4,0.48,0.48,0.4,0.48,0.56,0.48],
[0.4,0.48,0.48,0.4,0.48,0.56,0.48],
[0.8,0.96,0.96,0.8,0.96,1.12,0.96],
[0.8,0.96,0.96,0.8,0.96,1.12,0.96],
[0.8,0.96,0.96,0.8,0.96,1.12,0.96],
[0.8,0.96,0.96,0.8,0.96,1.12,0.96],
[1.2,1.44,1.44,1.2,1.44,1.68,1.44],
[1.2,1.44,1.44,1.2,1.44,1.68,1.44],
[1.2,1.44,1.44,1.2,1.44,1.68,1.44],
[1.6,1.92,1.92,1.6,1.92,2.24,1.92],
[1.6,1.92,1.92,1.6,1.92,2.24,1.92],
[2,2.4,2.4,2,2.4,2.8,2.4],
[0.4,0.48,0.48,0.4,0.48,0.56,0.48],
[0.4,0.48,0.48,0.4,0.48,0.56,0.48],
[0.4,0.48,0.48,0.4,0.48,0.56,0.48],
[0.4,0.48,0.48,0.4,0.48,0.56,0.48],
[0.4,0.48,0.48,0.4,0.48,0.56,0.48],
[0.8,0.96,0.96,0.8,0.96,1.12,0.96],
[0.8,0.96,0.96,0.8,0.96,1.12,0.96],
[0.8,0.96,0.96,0.8,0.96,1.12,0.96],
[0.8,0.96,0.96,0.8,0.96,1.12,0.96],
[1.2,1.44,1.44,1.2,1.44,1.68,1.44],
[1.2,1.44,1.44,1.2,1.44,1.68,1.44],
[1.2,1.44,1.44,1.2,1.44,1.68,1.44],
[1.6,1.92,1.92,1.6,1.92,2.24,1.92],
[1.6,1.92,1.92,1.6,1.92,2.24,1.92],
[2,2.4,2.4,2,2.4,2.8,2.4],
[0.6,0.72,0.72,0.6,0.72,0.84,0.72],
[0.6,0.72,0.72,0.6,0.72,0.84,0.72],
[0.6,0.72,0.72,0.6,0.72,0.84,0.72],
[0.6,0.72,0.72,0.6,0.72,0.84,0.72],
[0.6,0.72,0.72,0.6,0.72,0.84,0.72],
[1.2,1.44,1.44,1.2,1.44,1.68,1.44],
[1.2,1.44,1.44,1.2,1.44,1.68,1.44],
[1.2,1.44,1.44,1.2,1.44,1.68,1.44],
[1.2,1.44,1.44,1.2,1.44,1.68,1.44],
[1.8,2.16,2.16,1.8,2.16,2.52,2.16],
[1.8,2.16,2.16,1.8,2.16,2.52,2.16],
[1.8,2.16,2.16,1.8,2.16,2.52,2.16],
[2.4,2.88,2.88,2.4,2.88,3.36,2.88],
[2.4,2.88,2.88,2.4,2.88,3.36,2.88],
[3,3.6,3.6,3,3.6,4.2,3.6],
[0.6,0.72,0.72,0.6,0.72,0.84,0.72],
[0.6,0.72,0.72,0.6,0.72,0.84,0.72],
[0.6,0.72,0.72,0.6,0.72,0.84,0.72],
[0.6,0.72,0.72,0.6,0.72,0.84,0.72],
[0.6,0.72,0.72,0.6,0.72,0.84,0.72],
[1.2,1.44,1.44,1.2,1.44,1.68,1.44],
[1.2,1.44,1.44,1.2,1.44,1.68,1.44],
[1.2,1.44,1.44,1.2,1.44,1.68,1.44],
[1.2,1.44,1.44,1.2,1.44,1.68,1.44],
[1.8,2.16,2.16,1.8,2.16,2.52,2.16],
[1.8,2.16,2.16,1.8,2.16,2.52,2.16],
[1.8,2.16,2.16,1.8,2.16,2.52,2.16],
[2.4,2.88,2.88,2.4,2.88,3.36,2.88],
[2.4,2.88,2.88,2.4,2.88,3.36,2.88],
[3,3.6,3.6,3,3.6,4.2,3.6],
[0.6,0.72,0.72,0.6,0.72,0.84,0.72],
[0.6,0.72,0.72,0.6,0.72,0.84,0.72],
[0.6,0.72,0.72,0.6,0.72,0.84,0.72],
[0.6,0.72,0.72,0.6,0.72,0.84,0.72],
[0.6,0.72,0.72,0.6,0.72,0.84,0.72],
[1.2,1.44,1.44,1.2,1.44,1.68,1.44],
[1.2,1.44,1.44,1.2,1.44,1.68,1.44],
[1.2,1.44,1.44,1.2,1.44,1.68,1.44],
[1.2,1.44,1.44,1.2,1.44,1.68,1.44],
[1.8,2.16,2.16,1.8,2.16,2.52,2.16],
[1.8,2.16,2.16,1.8,2.16,2.52,2.16],
[1.8,2.16,2.16,1.8,2.16,2.52,2.16],
[2.4,2.88,2.88,2.4,2.88,3.36,2.88],
[2.4,2.88,2.88,2.4,2.88,3.36,2.88],
[3,3.6,3.6,3,3.6,4.2,3.6],
[0.8,0.96,0.96,0.8,0.96,1.12,0.96],
[0.8,0.96,0.96,0.8,0.96,1.12,0.96],
[0.8,0.96,0.96,0.8,0.96,1.12,0.96],
[0.8,0.96,0.96,0.8,0.96,1.12,0.96],
[0.8,0.96,0.96,0.8,0.96,1.12,0.96],
[1.6,1.92,1.92,1.6,1.92,2.24,1.92],
[1.6,1.92,1.92,1.6,1.92,2.24,1.92],
[1.6,1.92,1.92,1.6,1.92,2.24,1.92],
[1.6,1.92,1.92,1.6,1.92,2.24,1.92],
[2.4,2.88,2.88,2.4,2.88,3.36,2.88],
[2.4,2.88,2.88,2.4,2.88,3.36,2.88],
[2.4,2.88,2.88,2.4,2.88,3.36,2.88],
[3.2,3.84,3.84,3.2,3.84,4.48,3.84],
[3.2,3.84,3.84,3.2,3.84,4.48,3.84],
[4,4.8,4.8,4,4.8,5.6,4.8],
[0.8,0.96,0.96,0.8,0.96,1.12,0.96],
[0.8,0.96,0.96,0.8,0.96,1.12,0.96],
[0.8,0.96,0.96,0.8,0.96,1.12,0.96],
[0.8,0.96,0.96,0.8,0.96,1.12,0.96],
[0.8,0.96,0.96,0.8,0.96,1.12,0.96],
[1.6,1.92,1.92,1.6,1.92,2.24,1.92],
[1.6,1.92,1.92,1.6,1.92,2.24,1.92],
[1.6,1.92,1.92,1.6,1.92,2.24,1.92],
[1.6,1.92,1.92,1.6,1.92,2.24,1.92],
[2.4,2.88,2.88,2.4,2.88,3.36,2.88],
[2.4,2.88,2.88,2.4,2.88,3.36,2.88],
[2.4,2.88,2.88,2.4,2.88,3.36,2.88],
[3.2,3.84,3.84,3.2,3.84,4.48,3.84],
[3.2,3.84,3.84,3.2,3.84,4.48,3.84],
[4,4.8,4.8,4,4.8,5.6,4.8],
[1,1.2,1.2,1,1.2,1.4,1.2],
[1,1.2,1.2,1,1.2,1.4,1.2],
[1,1.2,1.2,1,1.2,1.4,1.2],
[1,1.2,1.2,1,1.2,1.4,1.2],
[1,1.2,1.2,1,1.2,1.4,1.2],
[2,2.4,2.4,2,2.4,2.8,2.4],
[2,2.4,2.4,2,2.4,2.8,2.4],
[2,2.4,2.4,2,2.4,2.8,2.4],
[2,2.4,2.4,2,2.4,2.8,2.4],
[3,3.6,3.6,3,3.6,4.2,3.6],
[3,3.6,3.6,3,3.6,4.2,3.6],
[3,3.6,3.6,3,3.6,4.2,3.6],
[4,4.8,4.8,4,4.8,5.6,4.8],
[4,4.8,4.8,4,4.8,5.6,4.8],
[5,6,6,5,6,7,6]]
[1,1,1,1,1,2,2,2,2,3,3,3,4,4,5,1,1,1,1,1,2,2,2,2,3,3,3,4,4,5,1,1,1,1,1,2,2,2,2,3,3,3,4,4,5,1,1,1,1,1,2,2,2,2,3,3,3,4,4,5,1,1,1,1,1,2,2,2,2,3,3,3,4,4,5,2,2,2,2,2,4,4,4,4,6,6,6,8,8,10,2,2,2,2,2,4,4,4,4,6,6,6,8,8,10,2,2,2,2,2,4,4,4,4,6,6,6,8,8,10,2,2,2,2,2,4,4,4,4,6,6,6,8,8,10,3,3,3,3,3,6,6,6,6,9,9,9,12,12,15,3,3,3,3,3,6,6,6,6,9,9,9,12,12,15,3,3,3,3,3,6,6,6,6,9,9,9,12,12,15,4,4,4,4,4,8,8,8,8,12,12,12,16,16,20,4,4,4,4,4,8,8,8,8,12,12,12,16,16,20,5,5,5,5,5,10,10,10,10,15,15,15,20,20,25] 
[4.93,8.21,6.89,6.85,8.52,8.91,4.17] 
[0.02,0.01,0.02,0.02,0.01,0.01,0.02] 
[5,6,6,5,6,7,6] 
[2.02,2.15,1.86,2.07,1.94,2.14,1.96]