Instance: 49
width: 7
long: 6
Parcels: 7
Crops: 19
Water: 240000

Chemical Properties by Parcel
14.51   15.25   13.45   17.03   13.45   15.79   12.97   17.33   18.27   13.77   11.26   11.68   15.23   12.35   13.03   16.09   11.47   15.67   11   9.78   15.3   15.33   17.28   13.84   18.66   15.56   15.21   17.37   18.36   15.15   13.52   15.23   12.21   9.88   11.79   11.57   15.63   15.43   13.64   16.54   16.94   10.6    
16.66   10.28   12.56   10.21   14.62   13.29   15.15   15.32   17.48   16.13   11.05   16.68   12.15   10.87   10.96   12.29   14.27   12.57   11.17   16.14   9.78   16.26   13.59   16.23   17.02   10.64   11.68   16.82   14.7   12.42   15.06   10.13   17.64   11.82   12.65   14   18.35   11.43   10.96   11.78   12.74   12.64    
9.99   13.58   14.07   14.71   17.28   18.29   13.5   14.34   17.75   11.91   13.43   10.83   14.49   10.8   15.34   11.62   12.99   14.96   15.27   13.27   15.06   17.24   12.47   11.8   14.99   14.9   11.21   15.39   16.17   14.25   15.88   13.73   13.62   10.33   10.04   13.53   15.15   14.39   10.58   12.39   10.24   10.77    
14   16.2   14.67   12.59   13.21   13.95   10.19   16.37   14.88   17.74   11.14   15.29   15.07   10.36   10.5   15.04   15.53   12.13   16.13   13.07   15.34   15.06   11.66   15.86   13.86   10.25   10.64   12.86   15.98   17.68   12.94   16.45   12.43   18.01   17.9   13.21   16.79   14.24   12.62   17.44   13.97   13.59    
10.9   11.72   12.54   17.84   16.8   15.68   10.77   13.32   16.59   14.39   13.53   10.61   10.27   15.26   12.84   18.29   18.18   10.16   10.9   14.41   15.74   16.54   15.1   16.02   16.06   11.56   17.14   14.48   18.3   14.18   10.78   13.15   13   14.74   11.9   12.72   16.84   16.07   17.14   17.05   9.68   13.17    
10.37   11.5   16.32   13.05   18.27   11.26   12.6   12.53   11.72   12.05   14.5   14.48   12.43   10.73   18.36   14.61   15.66   10.69   10.03   12.64   13.71   15.13   12.31   15.87   12.53   13.6   16.19   17.72   14.24   16.22   14.62   14.92   11.02   17.45   11.13   17.9   17.67   16.71   12.63   17.93   15.44   13.94    
16.43   16.6   10.87   15.83   12   12.5   13.84   9.84   14.43   17.74   17.44   16.2   9.83   17.64   16.16   17.88   13.48   10.19   12.13   11.4   18.2   15.21   14.62   17.2   17.8   13.14   14.69   10.43   14.66   13.38   16.52   17.72   11.27   15.79   16.57   16.16   13.3   10.81   12.24   16.42   16.6   18.3    

Physical Properties by Parcel
5.3   5.3   5.4   5.2   5.5   5.3   5.6   5.6   5.5   5.2   5.2   5.4   5.5   5.4   5.3   5.4   5.4   5.5   5.5   5.2   5.5   5.6   5.5   5.4   5.3   5.4   5.5   5.4   5.4   5.5   5.3   5.3   5.3   5.6   5.4   5.2   5.5   5.6   5.3   5.5   5.2   5.2    
5.3   5.4   5.5   5.6   5.5   5.5   5.3   5.3   5.4   5.4   5.5   5.5   5.5   5.4   5.6   5.4   5.6   5.5   5.5   5.4   5.3   5.4   5.5   5.5   5.5   5.5   5.4   5.4   5.3   5.4   5.6   5.6   5.3   5.5   5.4   5.5   5.6   5.4   5.5   5.6   5.6   5.6    
5.4   5.4   5.2   5.3   5.4   5.2   5.5   5.4   5.3   5.6   5.6   5.2   5.4   5.4   5.5   5.4   5.5   5.2   5.4   5.2   5.5   5.4   5.4   5.3   5.5   5.2   5.6   5.4   5.5   5.3   5.4   5.2   5.6   5.3   5.6   5.4   5.6   5.4   5.4   5.3   5.5   5.4    
5.4   5.4   5.5   5.4   5.3   5.6   5.6   5.2   5.5   5.3   5.5   5.3   5.4   5.6   5.4   5.3   5.5   5.3   5.3   5.2   5.5   5.3   5.6   5.4   5.5   5.5   5.5   5.5   5.3   5.4   5.3   5.5   5.5   5.4   5.6   5.3   5.5   5.3   5.4   5.4   5.4   5.5    
5.4   5.3   5.4   5.6   5.4   5.3   5.4   5.6   5.3   5.2   5.4   5.3   5.4   5.5   5.4   5.4   5.5   5.4   5.4   5.5   5.4   5.4   5.3   5.3   5.4   5.6   5.2   5.5   5.5   5.2   5.5   5.2   5.4   5.4   5.5   5.3   5.2   5.5   5.4   5.4   5.4   5.3    
5.3   5.2   5.4   5.6   5.3   5.3   5.5   5.5   5.5   5.5   5.4   5.3   5.6   5.5   5.5   5.5   5.5   5.6   5.2   5.5   5.4   5.4   5.5   5.3   5.5   5.6   5.5   5.2   5.5   5.3   5.3   5.3   5.5   5.2   5.4   5.4   5.3   5.3   5.5   5.3   5.6   5.4    
5.3   5.4   5.3   5.2   5.3   5.2   5.5   5.3   5.5   5.6   5.3   5.5   5.6   5.4   5.4   5.2   5.4   5.2   5.4   5.6   5.5   5.5   5.5   5.6   5.2   5.4   5.4   5.4   5.5   5.4   5.4   5.3   5.4   5.2   5.5   5.2   5.4   5.6   5.3   5.4   5.5   5.6    

Ha by Parcels
5   6   5   6   7   5   6   

Cost of m3 in each parcel
2.18   2.17   1.94   1.89   2.17   1.99   1.87   