Instance: 41
width: 7
long: 6
Parcels: 7
Crops: 19
Water: 270000

Chemical Properties by Parcel
10.81   16.89   9.64   16.09   17.01   11.99   12.79   16.13   17.89   17.66   18.58   14.59   13.75   13.13   12.47   12.37   11.56   12.18   12.87   11.68   14.32   13.19   11.55   12.81   12.67   15.24   16.4   13.08   15.18   18.22   14.64   17.27   17.19   16.17   11.08   13.85   17.48   11.08   13.98   17.21   9.86   10.72    
13.44   10.63   12.19   18.41   14.22   14.68   10.39   13.26   18.13   12.52   17.72   18.28   15.31   13.82   10.3   16.95   10.41   12   12.98   10.41   9.66   13.98   10.13   11.93   10.19   17.54   13.54   16.36   9.87   18.3   14.14   17.29   10.26   9.87   18.03   17.47   12.78   13.56   11.92   14.16   17.16   10.26    
13.06   11.13   10.29   13.95   10.31   12.23   12.46   11.5   16.93   15.14   10.51   17.43   10.21   13.45   10.61   16.14   10.26   17.93   12.86   10.11   10.19   11.15   10.93   12.13   17.75   13.66   12.07   12.38   17.39   15.79   13.92   11.66   16.45   12   10.95   11.2   11.77   10.09   12.22   14   13.13   15.39    
14.41   17.3   13.44   10.01   12.45   14.43   14.11   15.83   10.11   14.76   17.35   14.02   12.36   10.71   14.53   15.05   15.67   11.2   11.34   13.78   17.79   12.18   15.99   15.8   11.65   14.96   11.42   11.38   17.89   10.46   11.81   15.43   10.56   11.17   12.08   9.63   17.86   12.66   12.49   14.26   15.98   11.87    
16.24   18.65   13.9   11.05   18   14.98   13.25   13.83   18.52   16.49   10.9   16.66   15.91   18.03   18.29   15.29   14.42   14.28   11.02   13.05   13.73   13.55   14.77   17.57   9.71   17.44   11.68   12.5   15.59   11.87   12.69   13.39   12.6   15.01   13.87   16.62   12.13   18.3   9.69   14.37   10.95   11.57    
12.34   10.48   13.8   10.1   13.24   13.49   17.23   10.13   11.69   15.62   11.56   18.18   16.72   15.4   15.39   17.67   14.89   15.04   18.11   15.97   11.96   13.74   18.15   11.55   13.15   12.36   18   17.96   14.7   11.35   12.42   17.39   16.01   10.8   15.28   16.55   15.78   12.93   15.95   13.78   10.42   17.67    
13.02   11.38   18.22   18.67   10.77   12.57   15.43   17.84   15.76   10.55   12.23   12.05   17.91   15.64   10.04   18.05   13   11.57   17.32   13.29   14.69   10.17   12.78   9.92   14.36   17.43   10.87   12.91   15.89   10.87   11.34   16.74   18.22   10.22   14.75   13.52   18.28   13.85   12.9   12.46   16.3   10.29    

Physical Properties by Parcel
5.6   5.5   5.4   5.2   5.3   5.5   5.5   5.5   5.6   5.5   5.4   5.6   5.4   5.3   5.2   5.4   5.4   5.4   5.5   5.4   5.3   5.2   5.5   5.5   5.6   5.6   5.5   5.2   5.2   5.3   5.4   5.6   5.3   5.3   5.5   5.4   5.4   5.6   5.5   5.4   5.5   5.4    
5.3   5.5   5.2   5.4   5.4   5.5   5.4   5.5   5.5   5.5   5.4   5.5   5.5   5.6   5.3   5.4   5.2   5.2   5.4   5.5   5.4   5.2   5.5   5.6   5.4   5.3   5.5   5.4   5.5   5.6   5.3   5.4   5.4   5.4   5.6   5.2   5.2   5.6   5.2   5.6   5.4   5.4    
5.4   5.2   5.2   5.6   5.3   5.4   5.5   5.5   5.5   5.4   5.3   5.3   5.4   5.3   5.3   5.5   5.5   5.5   5.5   5.4   5.3   5.4   5.4   5.3   5.2   5.3   5.5   5.2   5.5   5.5   5.5   5.2   5.3   5.3   5.3   5.3   5.3   5.2   5.3   5.5   5.4   5.4    
5.4   5.5   5.4   5.2   5.5   5.5   5.4   5.2   5.6   5.5   5.3   5.4   5.4   5.3   5.3   5.5   5.5   5.3   5.3   5.5   5.5   5.6   5.5   5.4   5.6   5.5   5.4   5.5   5.3   5.4   5.6   5.3   5.3   5.3   5.4   5.3   5.4   5.5   5.6   5.5   5.4   5.2    
5.2   5.2   5.6   5.3   5.3   5.3   5.3   5.3   5.5   5.2   5.4   5.2   5.5   5.3   5.5   5.5   5.4   5.4   5.4   5.5   5.5   5.5   5.3   5.4   5.4   5.4   5.3   5.3   5.6   5.6   5.4   5.3   5.5   5.6   5.3   5.3   5.3   5.3   5.3   5.4   5.5   5.4    
5.5   5.3   5.4   5.5   5.4   5.4   5.5   5.3   5.5   5.4   5.6   5.4   5.3   5.4   5.4   5.4   5.5   5.5   5.4   5.6   5.2   5.6   5.5   5.3   5.4   5.4   5.3   5.3   5.3   5.4   5.4   5.4   5.6   5.6   5.4   5.3   5.4   5.2   5.4   5.3   5.4   5.3    
5.4   5.4   5.2   5.3   5.2   5.3   5.4   5.5   5.3   5.3   5.4   5.3   5.4   5.3   5.5   5.6   5.5   5.3   5.3   5.6   5.3   5.2   5.5   5.5   5.5   5.6   5.6   5.5   5.2   5.5   5.3   5.4   5.2   5.4   5.6   5.6   5.4   5.4   5.3   5.5   5.3   5.5    

Ha by Parcels
7   6   6   7   7   7   5   

Cost of m3 in each parcel
1.88   1.91   1.99   1.82   2.11   1.9   1.99   