Instance: 44
width: 7
long: 6
Parcels: 7
Crops: 19
Water: 270000

Chemical Properties by Parcel
17.99   14.43   13.2   11.13   13.63   16.67   14.02   15.68   17.6   17.83   9.96   13.56   14.48   12.43   18.14   15.46   13.68   11.47   15.12   17.13   14.88   9.69   17.31   13.17   12.13   18.64   17.94   13.05   18.5   11.07   17.38   14.01   11.01   13.27   10.15   12.54   14.4   17.59   10.7   18.19   14.22   15.54    
17.9   15.07   17.05   16.4   17.83   14.47   14.39   12.72   11.5   15.07   15.4   12.57   14.66   17.98   17.37   13.28   13.12   13.94   12.19   10.18   16.98   11.97   9.82   17.16   16.9   15.55   18.53   16.83   15.61   10.33   18.28   12.96   16.02   17.67   18.36   12.42   11.75   14.05   17.1   18.48   16.27   16.5    
12.42   15.68   14.9   12.39   13.39   11.23   16.94   15.21   16.83   13.07   13.64   11.62   15.75   17.67   16.17   11.89   11.81   13.86   13.12   12.18   12.54   18.24   9.84   12.89   12.77   12.77   15.56   11.96   14.68   11.99   14.47   18.69   13.67   14.3   11.96   15.21   13.91   10.03   10.3   11.19   9.71   10.04    
14.64   12.85   9.61   12.76   11.07   10.49   12.74   17.53   11.16   14.79   15.67   18.1   10.96   13.18   11.19   16.18   10.42   17.74   18.27   16.88   17.55   16.39   9.95   17.47   18.38   17.47   16.45   16.6   12.98   14.54   12.09   16.72   17.26   17.3   13.91   10.62   12.53   11.87   18.57   15.64   15.58   14.42    
14.55   17.86   14.53   17.78   16.3   13.56   17.73   12.21   14.11   15.43   10.32   14.91   12.3   13.35   14.04   13.52   16.68   10.94   18.67   9.73   18.22   10.83   16.84   14.85   15.35   11.46   13.82   11.34   11.29   15.15   12.35   16.57   13.59   11.15   17.88   12.5   17.8   15.68   9.7   14.05   11.6   13.95    
17.56   13.88   18.16   11.35   10.85   10.87   16.88   11.91   12.1   9.65   15.28   16.65   18.67   11.84   18.12   18.57   11.09   14.98   15.15   10.4   16.33   13.83   13.58   14.26   18.63   12.98   18.37   13.59   18.26   14.54   14.73   14.65   10.55   17.07   16.58   10.35   12.85   16.92   17.25   9.92   11.71   11.77    
12.53   15.55   14.7   14.86   18.68   11.93   10.68   10.11   12.82   10.24   12.14   9.72   13.39   12.59   13.3   11.11   15.04   10.63   12.52   17.52   13.18   11.82   15.26   10.83   12.71   13.43   12.09   17.67   11.64   15.2   13.45   14.04   14.29   16.05   14.06   14.15   10.45   13.1   14.01   15.98   11.3   12.04    

Physical Properties by Parcel
5.4   5.3   5.4   5.3   5.6   5.5   5.2   5.4   5.6   5.5   5.3   5.4   5.3   5.4   5.6   5.3   5.3   5.3   5.5   5.6   5.5   5.2   5.4   5.5   5.6   5.3   5.5   5.5   5.3   5.2   5.3   5.3   5.4   5.2   5.6   5.3   5.4   5.2   5.3   5.6   5.5   5.5    
5.5   5.4   5.2   5.5   5.3   5.5   5.6   5.6   5.6   5.6   5.2   5.4   5.3   5.6   5.6   5.4   5.5   5.3   5.4   5.3   5.3   5.4   5.3   5.5   5.5   5.4   5.3   5.3   5.2   5.5   5.4   5.4   5.5   5.5   5.6   5.4   5.6   5.5   5.4   5.3   5.4   5.4    
5.3   5.5   5.3   5.4   5.5   5.4   5.2   5.3   5.3   5.2   5.2   5.3   5.6   5.5   5.4   5.3   5.3   5.4   5.4   5.2   5.5   5.4   5.3   5.3   5.4   5.4   5.2   5.2   5.2   5.5   5.5   5.3   5.6   5.2   5.2   5.2   5.4   5.2   5.3   5.3   5.5   5.5    
5.5   5.4   5.5   5.5   5.5   5.3   5.6   5.4   5.3   5.4   5.4   5.6   5.6   5.5   5.3   5.6   5.4   5.5   5.5   5.5   5.6   5.6   5.5   5.3   5.3   5.4   5.3   5.5   5.5   5.3   5.3   5.3   5.3   5.6   5.5   5.3   5.5   5.3   5.2   5.5   5.4   5.6    
5.6   5.5   5.2   5.2   5.3   5.4   5.2   5.5   5.5   5.3   5.5   5.5   5.3   5.4   5.5   5.4   5.3   5.5   5.6   5.5   5.4   5.4   5.4   5.5   5.2   5.5   5.5   5.5   5.3   5.5   5.5   5.6   5.3   5.4   5.3   5.6   5.4   5.5   5.5   5.2   5.4   5.4    
5.3   5.6   5.3   5.5   5.3   5.5   5.5   5.5   5.3   5.6   5.3   5.5   5.3   5.6   5.2   5.5   5.4   5.5   5.3   5.5   5.4   5.5   5.3   5.4   5.4   5.2   5.3   5.2   5.4   5.4   5.5   5.2   5.3   5.4   5.2   5.5   5.2   5.3   5.5   5.4   5.2   5.5    
5.2   5.6   5.4   5.6   5.5   5.6   5.3   5.3   5.5   5.6   5.2   5.4   5.5   5.3   5.5   5.3   5.6   5.2   5.3   5.3   5.5   5.4   5.5   5.4   5.5   5.3   5.5   5.5   5.4   5.3   5.5   5.3   5.5   5.3   5.2   5.3   5.4   5.5   5.3   5.5   5.3   5.3    

Ha by Parcels
7   7   7   6   6   6   6   

Cost of m3 in each parcel
2.14   2.04   2.14   1.81   1.82   1.92   2.09   