Instance: 48
width: 7
long: 6
Parcels: 7
Crops: 19
Water: 270000

Chemical Properties by Parcel
16.74   14.58   9.97   15.51   11.82   10.88   15   11.78   18.52   15.57   10.71   15.84   16.84   9.63   18.28   17.07   16.4   12.5   16.36   14.1   17.4   17.36   16.89   14.88   10.14   10.61   15.77   11.87   13.33   11.81   18.55   13.96   14.45   15.84   13.88   17.1   12.59   10.08   12.88   13.52   18   12.09    
17.58   18.59   12.43   16.92   15.32   11.27   15.22   13.75   11.5   10.39   11.68   17.96   11.29   12.36   13.1   12.13   17.53   11.52   9.78   14.61   16.64   15.04   17.16   13.73   12.33   14.63   15.16   13.46   16.07   15.15   17.11   17.57   12.52   10.81   13.61   16.17   18.3   18.36   9.63   10.85   15.53   12.33    
15.15   17.37   12.02   9.92   13.24   11.68   11.02   14.81   13.36   14.72   12.15   10.23   14.74   13.46   9.6   11.89   11.86   18.2   18.49   18.21   14.47   11.59   18.69   15.11   15.38   18.11   10.1   10.23   14.98   12.09   15.7   14.88   11.76   10   13.95   10.06   13.26   10.3   10.05   14.84   12.86   17.46    
14.42   13.66   11.28   18.18   13.62   14.71   14.49   9.97   18.02   9.84   15.43   14.03   14.8   13.09   18.06   16.74   13.53   16.79   18.69   18.39   18.46   11.02   11.2   17.39   12.17   14.5   12.82   14.99   14.28   16.71   10.22   13.08   15.06   13.26   17.06   14.42   11.4   16.33   15.63   15.88   17.77   12.67    
15.73   14.97   16.72   17   14.9   15.33   15.11   16.54   16.21   13.88   14.3   18.56   13.68   13.19   16.23   15.54   16.77   15.02   16.14   10.89   11.26   10.25   14.73   10   13.45   16.51   14.23   13.5   17.42   18.08   16.9   12.92   17.29   17.19   16.61   15.85   13.68   14.83   10.96   9.61   13.26   12.04    
12.39   13.46   17.12   16.78   10.37   14.97   10.36   9.71   15.81   11.75   10.24   14.29   9.82   17.83   11.71   16.74   11.56   15   15.37   13.48   18.64   13.22   10.06   18.12   13.56   13.29   12.19   16.1   17.83   17.16   16.45   12.59   11.98   13.34   12.39   9.88   12.43   10   12.48   14.37   14.22   15.77    
17.85   13.74   18.59   12.24   12.99   10.52   11.2   15.14   9.83   14.72   16.67   10.45   18.24   17.82   15.68   18.09   10.9   13.6   18.33   15.14   16.17   10.83   17.09   13.35   13.01   11.78   14.84   11.51   10.17   11.21   9.62   13.79   18.49   15.9   18.1   13.93   16.3   11.75   10.35   18.2   17.3   15.14    

Physical Properties by Parcel
5.2   5.5   5.4   5.5   5.6   5.5   5.2   5.4   5.4   5.3   5.2   5.4   5.2   5.6   5.3   5.4   5.2   5.4   5.5   5.4   5.5   5.6   5.3   5.6   5.3   5.6   5.5   5.5   5.2   5.4   5.3   5.5   5.3   5.3   5.3   5.2   5.5   5.2   5.4   5.6   5.3   5.2    
5.5   5.6   5.4   5.5   5.5   5.6   5.5   5.3   5.6   5.4   5.5   5.4   5.3   5.3   5.2   5.2   5.5   5.4   5.4   5.3   5.4   5.4   5.3   5.3   5.5   5.3   5.5   5.6   5.3   5.3   5.5   5.3   5.3   5.4   5.3   5.5   5.5   5.2   5.2   5.4   5.3   5.5    
5.2   5.3   5.4   5.3   5.4   5.4   5.3   5.3   5.4   5.3   5.2   5.5   5.3   5.4   5.4   5.3   5.5   5.4   5.4   5.6   5.2   5.4   5.5   5.2   5.4   5.6   5.2   5.2   5.6   5.3   5.5   5.4   5.6   5.3   5.3   5.3   5.5   5.5   5.4   5.5   5.4   5.4    
5.3   5.3   5.4   5.2   5.5   5.5   5.3   5.5   5.2   5.2   5.3   5.3   5.5   5.3   5.6   5.4   5.6   5.3   5.5   5.5   5.2   5.6   5.3   5.3   5.5   5.2   5.6   5.3   5.6   5.5   5.2   5.2   5.4   5.6   5.3   5.5   5.5   5.5   5.6   5.4   5.5   5.5    
5.3   5.3   5.5   5.5   5.4   5.3   5.2   5.5   5.4   5.5   5.4   5.3   5.4   5.4   5.2   5.3   5.3   5.5   5.2   5.6   5.6   5.6   5.2   5.3   5.4   5.3   5.4   5.5   5.4   5.3   5.4   5.4   5.5   5.5   5.3   5.4   5.4   5.4   5.3   5.6   5.3   5.4    
5.4   5.6   5.3   5.2   5.5   5.3   5.6   5.4   5.3   5.4   5.5   5.3   5.5   5.3   5.4   5.5   5.5   5.5   5.4   5.4   5.3   5.5   5.4   5.4   5.3   5.3   5.2   5.3   5.5   5.3   5.3   5.5   5.4   5.2   5.4   5.5   5.2   5.2   5.2   5.3   5.5   5.5    
5.3   5.6   5.4   5.4   5.3   5.2   5.3   5.3   5.4   5.5   5.5   5.4   5.4   5.6   5.4   5.5   5.4   5.3   5.2   5.5   5.5   5.5   5.6   5.3   5.5   5.6   5.4   5.3   5.5   5.4   5.3   5.5   5.6   5.2   5.3   5.3   5.2   5.4   5.4   5.4   5.4   5.5    

Ha by Parcels
6   7   7   7   5   6   7   

Cost of m3 in each parcel
1.93   1.92   2.03   1.88   1.96   2.19   2.19   