Instance: 46
width: 7
long: 6
Parcels: 7
Crops: 19
Water: 252000

Chemical Properties by Parcel
12.69   18.12   13.72   13.43   15.56   13.92   15.42   16.1   13.83   11.6   10.76   12.56   15.59   17.05   10   15.85   14.08   16.99   17.13   12.27   10.01   12.12   12.41   13.85   17.97   16.13   9.96   12.94   11.4   11.47   17.49   11.97   15.41   16.61   16.57   9.94   10.84   9.96   17.93   18.46   13.47   10.78    
9.83   16.78   17.95   16.11   13.72   16.73   12.79   13.28   15.68   14.56   10.53   12.33   16.71   10.07   12.26   17.36   9.66   18.48   18.38   16.37   17.45   10.29   17.92   13.24   15.3   17.15   16.56   16.56   9.95   12.61   12.3   12.38   11.9   13.51   9.85   12.2   9.99   10.68   9.94   12.13   11.89   11.23    
14.13   10.21   16.39   18.56   10.77   10.13   13.03   14.45   13.41   15.38   14.62   14.54   9.88   10.76   12.71   15.24   16.06   15.12   15.04   9.8   11.84   9.81   14.43   18.03   15.67   15.03   14.53   18.21   15.99   13.79   12.3   17.73   13.94   14.58   10.13   16.83   13.87   16.27   11.96   11.05   16.1   11.67    
11.92   11.54   16.92   10.23   17.31   16.3   14.92   18.07   17.89   17.33   14.9   11.15   16.28   9.6   14.34   13.6   18.04   15.71   9.7   16.1   10.72   12.08   17.64   12.43   18.11   12.17   16.61   11   11   15.39   18.02   12.21   11.48   12.96   12.41   15.47   17.39   14.18   17.91   10.18   11   11.35    
15.5   10.6   15.35   16.79   17.17   10.44   12.73   18.04   17.29   9.83   17.6   14.77   13.53   18.59   10.18   10.04   10.92   15.45   18.45   18.27   16.8   17.57   9.69   17.6   10.89   15.84   11.78   13.71   17.63   12.6   18.33   14.99   17.04   16.03   14.42   9.86   12.53   9.64   13.72   10.18   10.03   14.92    
17.49   10.78   12.3   13   10.45   9.84   10.83   14.34   17.92   9.73   10.2   12.34   10.61   10.22   11.62   10.75   9.61   14.56   15.03   17.17   15.49   14.81   17.52   11.29   12.38   15.87   14.09   15.56   10.83   16.28   9.66   13.47   10.94   18.6   15.3   15.61   13.28   14.78   10.23   9.83   14   10.2    
11.16   13.51   14.28   10.68   13.4   10.69   13.3   16.88   14.54   14.05   12.44   12.27   15.86   13.5   15.26   11.71   14.31   11.9   13.7   10.4   11.2   17.31   11.49   13.62   14.02   10.09   13.53   14.1   13.29   12.44   17.45   17.21   16.22   14.62   16.64   13.78   9.93   12.63   14.59   9.84   17.89   11.75    

Physical Properties by Parcel
5.4   5.4   5.3   5.4   5.6   5.3   5.4   5.6   5.5   5.4   5.5   5.6   5.3   5.3   5.5   5.3   5.6   5.6   5.4   5.2   5.6   5.2   5.3   5.3   5.5   5.3   5.5   5.4   5.3   5.2   5.3   5.4   5.2   5.4   5.3   5.3   5.5   5.4   5.5   5.4   5.4   5.2    
5.2   5.5   5.5   5.4   5.4   5.6   5.2   5.4   5.6   5.4   5.6   5.4   5.6   5.3   5.5   5.3   5.4   5.5   5.4   5.4   5.5   5.3   5.5   5.5   5.3   5.5   5.2   5.3   5.4   5.5   5.3   5.4   5.5   5.3   5.2   5.2   5.4   5.6   5.5   5.2   5.3   5.2    
5.2   5.5   5.4   5.3   5.6   5.6   5.3   5.5   5.4   5.4   5.6   5.3   5.3   5.5   5.3   5.4   5.3   5.2   5.2   5.5   5.5   5.5   5.6   5.6   5.3   5.2   5.5   5.2   5.3   5.5   5.5   5.5   5.4   5.4   5.2   5.3   5.4   5.6   5.5   5.3   5.4   5.3    
5.3   5.3   5.6   5.3   5.3   5.5   5.2   5.4   5.2   5.5   5.5   5.6   5.3   5.6   5.3   5.3   5.5   5.6   5.5   5.4   5.2   5.3   5.4   5.3   5.3   5.6   5.4   5.4   5.6   5.5   5.5   5.5   5.2   5.5   5.5   5.5   5.2   5.5   5.6   5.3   5.5   5.6    
5.5   5.3   5.5   5.5   5.5   5.3   5.6   5.4   5.3   5.3   5.2   5.5   5.6   5.3   5.3   5.2   5.4   5.4   5.5   5.5   5.2   5.4   5.5   5.6   5.3   5.3   5.5   5.5   5.2   5.4   5.4   5.6   5.4   5.5   5.4   5.4   5.4   5.3   5.5   5.4   5.2   5.4    
5.5   5.2   5.3   5.3   5.5   5.3   5.5   5.3   5.3   5.3   5.6   5.4   5.5   5.3   5.3   5.2   5.5   5.2   5.4   5.2   5.6   5.4   5.5   5.3   5.3   5.4   5.5   5.3   5.4   5.4   5.4   5.5   5.3   5.2   5.4   5.5   5.5   5.5   5.4   5.4   5.2   5.5    
5.3   5.6   5.5   5.6   5.2   5.3   5.4   5.6   5.4   5.4   5.3   5.4   5.6   5.5   5.5   5.6   5.4   5.3   5.6   5.5   5.3   5.3   5.2   5.5   5.5   5.3   5.2   5.5   5.6   5.4   5.3   5.4   5.4   5.4   5.4   5.3   5.4   5.4   5.5   5.5   5.3   5.2    

Ha by Parcels
7   5   5   6   6   7   6   

Cost of m3 in each parcel
2.02   2.1   2.17   2   2.02   2.04   1.98   