Instance: 50
width: 7
long: 6
Parcels: 7
Crops: 19
Water: 258000

Chemical Properties by Parcel
13.8   12.37   15.46   13.8   11.36   13.1   17.22   17.21   13.74   15.86   17.87   18   14.48   15.61   14.95   12.76   10.76   14.58   11.41   18.24   12.04   14.49   11.77   10.05   14.67   10.98   11.47   18.41   15.04   17.67   15.74   16.76   16.06   10.52   15.36   12.92   17.57   11.04   10.03   15.11   18.2   17.06    
10.43   17.61   12.08   11.94   14.25   10.18   15.53   14.93   13.03   11.05   14.44   15.92   10.02   13.37   11.72   13.63   14.19   11.21   16.65   14.84   10.33   16.73   11.54   16.35   13.12   15.95   11.54   16.51   14.46   17.86   17.58   10.79   14.84   14.71   17.12   16.96   11.59   17.4   14.37   11.52   16.58   11.29    
12.65   14.37   18.42   9.96   12.28   10.22   12.53   12.07   18.49   10.8   9.98   15.28   15.35   12.18   14.06   17.13   15.3   16.28   10.42   13.47   17.76   18.55   13.29   14.45   15.58   16.04   13.91   17.41   12.74   17.79   13.02   18.38   17.18   11.98   10.25   16.79   17.55   17.26   13.9   13.3   16.95   18.06    
14.32   11.38   9.92   12.72   15.33   10.31   18.66   17.69   18.34   13.5   11.12   18.35   11.71   13.22   11.01   14.67   9.75   14.89   11.77   15.54   18.18   13.31   11.37   16.2   10.94   16.68   13.09   14.26   18.51   18.32   10.24   9.86   18.27   16.13   9.64   17.21   18.24   16.18   11.89   14.64   15.72   11.21    
12.79   16.04   11.66   12.68   15.87   14.27   15.09   10.37   10.27   16.38   18.67   17.58   9.82   11.05   11.52   10.68   17.76   18.67   14.89   15.19   17.24   10.77   14.64   17.23   18.62   13.68   14.27   13.69   18.15   14.25   17.43   10.12   13.41   13.42   12.71   11.74   12.03   18.47   15.3   16.79   15.33   10.1    
13.31   12.02   10.61   16.49   18.4   17.13   18.39   17.15   10.38   16.07   17.24   17.61   11.09   9.94   13.58   15.14   15.67   16.07   10.56   16.75   17.27   12.47   11.05   12.12   15.59   11.86   13.82   12.35   9.77   10.67   11.96   18.27   11.48   13.06   11.78   18.33   15.02   11.7   17.61   16.03   15.05   16.39    
17.52   12.05   15.79   10.16   16.54   10.14   11.03   12.73   9.86   11.18   12.64   14.11   16.6   15.19   12.08   10.97   15.47   16.1   9.9   18.15   12.56   16.72   16.45   11.94   11.33   18.61   18.52   12.11   12.18   14.28   11.84   11.52   14.32   18.03   17.77   17.25   10.8   17.21   11.16   12   13.08   16.68    

Physical Properties by Parcel
5.4   5.6   5.4   5.3   5.3   5.5   5.6   5.5   5.2   5.3   5.5   5.5   5.5   5.3   5.3   5.6   5.6   5.4   5.2   5.3   5.5   5.4   5.4   5.5   5.5   5.6   5.5   5.3   5.3   5.2   5.3   5.6   5.4   5.4   5.5   5.5   5.4   5.6   5.3   5.5   5.3   5.6    
5.3   5.4   5.4   5.3   5.6   5.5   5.3   5.4   5.5   5.4   5.4   5.2   5.3   5.5   5.6   5.4   5.3   5.5   5.5   5.3   5.3   5.3   5.4   5.4   5.4   5.2   5.2   5.2   5.2   5.4   5.5   5.2   5.5   5.4   5.3   5.2   5.5   5.3   5.6   5.4   5.4   5.2    
5.5   5.3   5.3   5.3   5.6   5.4   5.6   5.4   5.4   5.4   5.4   5.6   5.5   5.5   5.4   5.5   5.3   5.4   5.5   5.2   5.5   5.4   5.3   5.6   5.5   5.2   5.3   5.3   5.3   5.2   5.5   5.4   5.5   5.5   5.5   5.4   5.5   5.5   5.4   5.5   5.6   5.3    
5.4   5.3   5.4   5.3   5.5   5.5   5.3   5.2   5.4   5.2   5.4   5.4   5.4   5.6   5.4   5.5   5.5   5.4   5.3   5.4   5.2   5.3   5.4   5.6   5.2   5.6   5.4   5.5   5.5   5.6   5.3   5.5   5.6   5.3   5.5   5.3   5.3   5.4   5.3   5.2   5.3   5.3    
5.2   5.2   5.4   5.2   5.5   5.5   5.5   5.5   5.3   5.6   5.5   5.3   5.4   5.4   5.6   5.4   5.4   5.2   5.5   5.3   5.3   5.2   5.5   5.5   5.5   5.4   5.5   5.4   5.3   5.3   5.5   5.4   5.5   5.3   5.3   5.3   5.3   5.4   5.4   5.5   5.2   5.3    
5.2   5.2   5.3   5.5   5.4   5.2   5.5   5.2   5.4   5.6   5.3   5.4   5.5   5.4   5.3   5.3   5.3   5.5   5.4   5.5   5.6   5.4   5.3   5.5   5.4   5.3   5.4   5.5   5.4   5.4   5.3   5.4   5.5   5.5   5.4   5.4   5.3   5.3   5.4   5.4   5.5   5.3    
5.5   5.3   5.2   5.3   5.3   5.4   5.5   5.4   5.2   5.4   5.2   5.2   5.4   5.6   5.3   5.5   5.4   5.5   5.6   5.5   5.4   5.5   5.5   5.5   5.3   5.6   5.5   5.6   5.2   5.5   5.3   5.4   5.4   5.4   5.3   5.5   5.3   5.3   5.5   5.3   5.3   5.2    

Ha by Parcels
7   7   7   7   5   5   5   

Cost of m3 in each parcel
1.95   2.19   2   1.82   2.05   1.91   2   