Instance: 45
width: 7
long: 6
Parcels: 7
Crops: 19
Water: 240000

Chemical Properties by Parcel
12.8   13.31   17.75   13.23   11.22   13.34   15.89   17.3   14.88   11.59   13.86   11.12   17.92   14.9   14.44   16.5   10.03   16.03   17.2   10.24   15.93   11.96   18.11   16.37   18.67   15.43   11.38   9.65   12.67   14.12   11.76   12.33   13.58   14.03   15.46   11.36   15.7   12.34   17.91   14.17   15.49   17.97    
9.97   10.83   10.32   14.16   15.66   12.46   15.28   17.49   16.96   13.37   18.61   9.86   16.9   11.86   12.28   18.13   17.37   9.64   14.54   17.74   10.76   9.65   12.57   13.57   10.22   16.22   16.67   14.01   18.53   10.22   16.58   16.22   17.43   17.4   12.96   12.02   13.85   15.29   14.62   14.17   15.56   15.25    
18.28   10.23   9.66   12.15   13.17   15.95   14.55   15.52   14.86   14.09   12.78   17.88   9.84   16.17   11.3   10.3   16.33   11.36   11.31   10.21   9.87   16.69   12.4   12.65   15.11   11.17   9.8   16.49   17.7   17.88   12.21   16.72   15.13   15.36   16.32   17   15.13   15.12   10.94   17.36   18.19   13.99    
11.44   12.46   10.06   14.68   10.31   17.14   12.63   14.05   11.48   18.09   16.89   18.6   11.77   14.03   13.61   13.38   11.14   12.46   12.71   17.01   17.97   13.89   17.76   12.49   11.04   16.54   11.94   16.7   13.08   14.18   9.97   15.69   11.88   14.49   12.09   11.52   10.99   14.19   15.11   16.63   10   12.78    
14.35   10.5   11.57   11.92   10.98   17.46   11.51   15.59   10.02   10.66   17.67   14.84   15.95   11.4   16.72   16.1   10.06   10.41   14.34   14.32   17.14   13.44   16.54   12.47   10.7   16.43   13.37   15.97   11.43   10.15   10.31   11.22   15.17   14.51   16.46   10.14   14.06   14.98   16.85   15.01   10.92   10.49    
17.66   18.18   15.32   18.13   10.53   16.6   18.39   16.18   14.99   18.69   13.46   11.01   10.85   10.51   11.1   10.08   12.63   10.49   15.73   12.11   15.66   12.71   13.78   15.14   17.27   14.39   9.68   17.84   12.96   18.23   18.6   13.93   13.02   9.86   15.98   16.24   15.94   10.29   16.73   10.18   11.41   12.33    
12.88   10.36   11.99   15.16   10.47   14.06   13.69   10.36   17.23   9.93   16.33   15.84   17.48   15.98   16.44   17.54   17.59   11.4   17.91   15.8   17.11   14.03   17.85   12.99   18.59   14.51   13.04   12.52   12.36   12.84   17.68   11.04   18.19   11.72   10.65   11.04   10.93   12.07   12.43   17.63   12.22   10.99    

Physical Properties by Parcel
5.6   5.2   5.3   5.3   5.6   5.5   5.5   5.4   5.3   5.5   5.6   5.3   5.3   5.3   5.3   5.5   5.3   5.3   5.4   5.3   5.4   5.6   5.2   5.2   5.3   5.4   5.3   5.4   5.3   5.6   5.3   5.3   5.5   5.4   5.4   5.6   5.4   5.6   5.3   5.2   5.4   5.4    
5.3   5.5   5.3   5.3   5.3   5.2   5.4   5.5   5.5   5.5   5.6   5.4   5.5   5.3   5.5   5.3   5.5   5.2   5.6   5.4   5.5   5.5   5.2   5.6   5.4   5.6   5.3   5.4   5.5   5.5   5.2   5.5   5.4   5.4   5.4   5.3   5.4   5.3   5.6   5.4   5.3   5.3    
5.2   5.3   5.4   5.6   5.3   5.4   5.4   5.3   5.4   5.2   5.5   5.3   5.5   5.6   5.5   5.4   5.3   5.6   5.5   5.5   5.3   5.2   5.3   5.5   5.3   5.2   5.3   5.4   5.5   5.3   5.5   5.5   5.5   5.3   5.2   5.2   5.3   5.5   5.3   5.6   5.5   5.4    
5.6   5.4   5.6   5.3   5.2   5.3   5.3   5.4   5.3   5.2   5.4   5.4   5.4   5.4   5.5   5.3   5.4   5.5   5.3   5.5   5.3   5.2   5.6   5.3   5.5   5.2   5.6   5.2   5.5   5.2   5.5   5.4   5.3   5.5   5.3   5.6   5.5   5.4   5.2   5.3   5.5   5.5    
5.3   5.5   5.4   5.5   5.5   5.5   5.3   5.4   5.2   5.6   5.3   5.3   5.5   5.2   5.5   5.3   5.5   5.6   5.3   5.5   5.2   5.3   5.4   5.4   5.6   5.4   5.6   5.3   5.6   5.4   5.4   5.5   5.6   5.4   5.6   5.5   5.3   5.3   5.5   5.5   5.4   5.4    
5.2   5.4   5.5   5.2   5.3   5.4   5.3   5.3   5.5   5.3   5.6   5.5   5.3   5.4   5.4   5.2   5.6   5.4   5.4   5.6   5.6   5.3   5.6   5.4   5.5   5.3   5.2   5.6   5.3   5.5   5.6   5.3   5.5   5.5   5.6   5.5   5.4   5.2   5.5   5.5   5.5   5.3    
5.2   5.5   5.4   5.2   5.3   5.6   5.4   5.3   5.6   5.4   5.6   5.2   5.4   5.5   5.3   5.4   5.3   5.5   5.5   5.4   5.5   5.5   5.6   5.6   5.3   5.3   5.3   5.5   5.5   5.4   5.5   5.6   5.4   5.2   5.4   5.6   5.4   5.3   5.3   5.4   5.5   5.4    

Ha by Parcels
7   6   5   5   7   5   5   

Cost of m3 in each parcel
2.04   2.08   1.91   1.96   2   1.95   1.8   