Instance: 43
width: 7
long: 6
Parcels: 7
Crops: 19
Water: 252000

Chemical Properties by Parcel
12.53   11.47   10.69   15.27   14.77   16.94   14.67   17.29   14.59   11.2   16.6   14.12   18.5   18.52   12.53   11.35   10.29   13.07   12.24   9.8   15.38   16.93   18.33   13.6   12.88   18.3   16.72   13.25   13.59   10.33   14.85   16.52   12.99   14.02   18.57   17.87   10.11   12.37   11.18   15.62   10.52   14.24    
13.41   11.26   10.86   13.91   10.03   9.81   15.93   17.02   11.65   10.7   16.43   17.41   16.23   18.41   13.11   15.62   13.6   16.23   15.79   12.37   11.24   16.39   11.03   14.42   16.78   12.51   14.06   15.32   13.69   16.05   13.73   14.96   12.04   13.33   10.78   13.94   10.54   15.62   12.87   10.37   15.42   11.59    
16.16   12.89   10.5   17.28   18.03   11.12   15.63   13.8   13.23   9.79   14.51   16.58   17.99   13.08   17.89   14.42   11.87   16.92   15.85   12.66   15.81   11.36   16.01   18.54   17.78   12.59   11.3   10.61   9.89   15.33   13.65   10.56   18.63   11.11   17.14   11.67   10.11   18.04   18.06   9.71   15.85   12.69    
15.17   9.83   17.29   10.92   11.03   17.12   13.14   18.04   17.04   10.18   12.03   16.63   10.44   10.11   10.38   11.2   14.68   17.66   11.08   14.11   11.42   13.36   13.97   10.47   18.57   14.52   17.69   16.31   15.96   16.27   14.72   11.57   9.74   16.68   15.94   11.92   17.14   16.94   13.84   15.45   17.15   14.62    
12.68   17.56   18.34   14.69   13.03   14.32   9.6   16.62   18.69   10.82   18.33   16.23   17.52   14.5   18.21   13.42   10.45   11.73   9.75   18.62   12.22   11.18   17.55   15.44   17.97   16.66   17.1   16.55   17.57   11.33   18.54   12.62   12.28   17.02   16.14   14.56   15.45   10.14   12.94   16.1   10.03   12.88    
17.48   13.7   14.22   17.24   14.37   17.54   12.39   14.21   14.93   16.35   16.7   10.38   10.4   16.57   12.98   14.8   10.61   14.24   18.23   15.64   15.2   17.87   12.02   13.35   14.26   9.94   15.66   10.56   18.69   10.71   9.87   13.37   10.78   16.97   18.52   16.67   15.5   15.79   12.68   10.01   10.2   9.73    
18.59   16.96   9.71   12.76   15.9   9.98   14.4   13.28   18.31   11.31   14.24   13.62   10.89   18.58   12.39   16.22   14.26   13.72   13.53   9.87   17.04   10.93   16.59   9.74   10.72   15.86   9.77   17.68   17.65   14.35   13.35   12.1   12.13   18.1   15.54   12.98   16.66   12.48   10.75   12.65   18.5   15.82    

Physical Properties by Parcel
5.3   5.6   5.5   5.4   5.5   5.3   5.3   5.4   5.3   5.4   5.2   5.6   5.3   5.3   5.4   5.6   5.3   5.3   5.3   5.5   5.6   5.4   5.4   5.3   5.3   5.6   5.4   5.5   5.3   5.3   5.3   5.4   5.5   5.2   5.3   5.6   5.3   5.5   5.5   5.6   5.4   5.3    
5.2   5.6   5.6   5.4   5.5   5.4   5.6   5.4   5.3   5.3   5.5   5.2   5.5   5.4   5.4   5.3   5.2   5.3   5.2   5.6   5.5   5.4   5.4   5.3   5.3   5.6   5.3   5.5   5.6   5.3   5.6   5.3   5.6   5.3   5.2   5.3   5.3   5.3   5.2   5.2   5.6   5.5    
5.4   5.4   5.2   5.2   5.5   5.5   5.4   5.6   5.2   5.2   5.5   5.5   5.4   5.5   5.4   5.2   5.4   5.3   5.3   5.2   5.5   5.3   5.6   5.6   5.3   5.4   5.5   5.3   5.3   5.6   5.5   5.4   5.3   5.5   5.4   5.6   5.3   5.4   5.3   5.4   5.5   5.4    
5.6   5.4   5.6   5.6   5.3   5.5   5.5   5.4   5.4   5.5   5.3   5.2   5.2   5.2   5.5   5.2   5.5   5.5   5.5   5.4   5.4   5.3   5.5   5.4   5.4   5.6   5.4   5.2   5.3   5.4   5.5   5.3   5.3   5.4   5.3   5.5   5.5   5.5   5.2   5.2   5.2   5.2    
5.2   5.3   5.4   5.4   5.6   5.4   5.2   5.5   5.4   5.2   5.5   5.3   5.2   5.4   5.6   5.3   5.3   5.4   5.4   5.3   5.6   5.5   5.2   5.6   5.5   5.5   5.6   5.4   5.4   5.3   5.6   5.3   5.5   5.2   5.5   5.4   5.3   5.5   5.3   5.6   5.2   5.6    
5.3   5.3   5.5   5.4   5.3   5.5   5.3   5.3   5.4   5.5   5.6   5.5   5.3   5.5   5.3   5.3   5.3   5.3   5.4   5.5   5.4   5.3   5.2   5.4   5.3   5.5   5.3   5.4   5.3   5.5   5.4   5.3   5.3   5.5   5.4   5.4   5.3   5.5   5.4   5.3   5.3   5.2    
5.4   5.4   5.3   5.3   5.4   5.4   5.5   5.5   5.4   5.4   5.5   5.2   5.3   5.3   5.5   5.5   5.3   5.4   5.4   5.6   5.5   5.4   5.3   5.3   5.3   5.3   5.5   5.6   5.6   5.3   5.6   5.6   5.4   5.3   5.6   5.2   5.4   5.4   5.4   5.5   5.5   5.4    

Ha by Parcels
7   7   6   5   5   5   7   

Cost of m3 in each parcel
1.82   1.96   2.13   2.16   2.05   1.96   1.95   