Instance: 47
width: 7
long: 6
Parcels: 7
Crops: 19
Water: 276000

Chemical Properties by Parcel
17.83   13.41   10.59   12.07   12.05   11.98   9.73   14.21   18.41   11.42   12.7   12.81   11.39   13.81   18.36   14.21   18.06   18.1   16.8   14.54   14.18   13.38   18.55   12.39   13.64   10.92   13.14   14.65   14.55   14.68   11.98   17.31   11.31   12.42   11.46   15.83   18.13   14.44   13.01   17.79   12.8   12.86    
10.23   15.8   16.8   14.72   10.86   11.19   13.79   12.86   14.97   14.64   12.93   16.52   12.07   10.46   11.81   17.6   17.95   13.23   17.34   16.41   14.03   13.32   18.01   13.9   16.27   15.71   13.07   15.15   9.93   17.41   16.65   17.07   14   14.4   18.61   16.46   11.33   10.87   11.49   11.31   17.64   12.57    
16.24   13.26   12.12   17.91   13.34   10.8   9.72   11.21   13.74   16.4   11.19   17.93   16.99   11.51   13.59   13.39   15.8   16.25   16.31   11.34   15.02   14.43   18.41   17.46   16.33   17.43   18.15   12.46   14.49   12.01   14.9   10.23   13.92   10.49   13.21   18.14   11.24   12.22   11.02   17.9   16.42   12.85    
12.6   15.79   18.28   10.52   18.17   9.66   16.34   15.9   14.7   11.62   10.77   15.71   13.64   12.94   14.72   9.76   16.06   17.78   11.67   14.02   11.09   11.53   14.23   11.76   13.07   13.23   15.85   16.31   9.85   12.04   17.77   17.73   13.65   15.17   12.62   13.65   13.91   16.12   15.87   15.13   14.48   10.82    
18.32   15.89   18.54   14.88   14.65   16.52   13.61   13.72   13.72   16.66   14.33   10.41   11.15   18.65   9.69   13.53   18.19   14.27   11.25   18.61   12.43   14.49   18.51   11.69   18.1   17.73   14.05   11.58   15.77   16.85   15.31   14.21   18.16   17.46   10.56   12.17   11.71   13.08   15.29   16.43   18.68   17.09    
16   15.12   14.45   16.69   11.02   10.71   15.25   17.5   10.39   18.58   12.36   11.76   18.5   14.77   10.03   16.91   10.89   16.35   16.68   10.48   10.02   17.95   17.23   13.3   17.74   12.27   11.33   11.07   13.75   13.08   17.44   14.88   10.85   16.59   15.63   14.68   12.5   10.76   10.72   16.95   18.03   14.09    
11.99   16.61   12.05   15.47   10.37   14.16   16.31   14.25   18.07   17.62   10.4   11.71   15.98   9.84   14.51   13.84   13.98   14.02   9.66   16.72   15.32   9.67   16.91   14.63   10.41   14.69   15.01   10.42   18.58   14.93   15.1   9.97   13.64   14.45   10.17   9.84   15.63   15.11   17.89   14.42   11.89   16.78    

Physical Properties by Parcel
5.5   5.2   5.5   5.2   5.2   5.4   5.5   5.3   5.5   5.5   5.3   5.5   5.3   5.4   5.2   5.4   5.6   5.6   5.4   5.5   5.4   5.4   5.3   5.6   5.3   5.3   5.2   5.4   5.5   5.6   5.5   5.5   5.5   5.2   5.3   5.2   5.3   5.6   5.5   5.4   5.5   5.4    
5.4   5.5   5.5   5.3   5.2   5.5   5.2   5.5   5.4   5.5   5.4   5.2   5.2   5.5   5.6   5.4   5.3   5.6   5.4   5.4   5.5   5.4   5.6   5.5   5.4   5.4   5.3   5.4   5.4   5.3   5.3   5.4   5.2   5.4   5.3   5.5   5.4   5.5   5.6   5.5   5.2   5.5    
5.3   5.6   5.6   5.4   5.6   5.3   5.5   5.3   5.5   5.2   5.4   5.4   5.3   5.3   5.4   5.5   5.6   5.3   5.4   5.6   5.6   5.3   5.3   5.4   5.4   5.3   5.3   5.3   5.3   5.3   5.4   5.4   5.3   5.5   5.3   5.5   5.2   5.4   5.4   5.2   5.6   5.3    
5.2   5.4   5.5   5.5   5.3   5.4   5.3   5.5   5.2   5.3   5.5   5.4   5.4   5.6   5.6   5.2   5.2   5.3   5.3   5.4   5.2   5.4   5.4   5.2   5.5   5.5   5.3   5.5   5.4   5.6   5.3   5.2   5.3   5.4   5.3   5.5   5.3   5.4   5.6   5.5   5.3   5.3    
5.4   5.2   5.4   5.5   5.5   5.5   5.3   5.5   5.4   5.5   5.5   5.3   5.6   5.2   5.2   5.4   5.4   5.3   5.3   5.3   5.3   5.2   5.2   5.5   5.4   5.3   5.4   5.5   5.2   5.3   5.5   5.2   5.4   5.6   5.5   5.4   5.3   5.3   5.4   5.3   5.3   5.3    
5.5   5.3   5.5   5.3   5.6   5.3   5.5   5.4   5.4   5.4   5.3   5.3   5.5   5.3   5.4   5.5   5.2   5.3   5.3   5.5   5.6   5.5   5.3   5.4   5.3   5.4   5.2   5.6   5.6   5.3   5.2   5.4   5.3   5.3   5.2   5.4   5.6   5.4   5.5   5.3   5.6   5.4    
5.5   5.3   5.3   5.5   5.2   5.5   5.3   5.3   5.2   5.3   5.4   5.2   5.4   5.6   5.4   5.4   5.5   5.2   5.5   5.5   5.6   5.4   5.3   5.4   5.5   5.4   5.5   5.5   5.4   5.2   5.3   5.5   5.3   5.5   5.2   5.4   5.3   5.6   5.6   5.4   5.4   5.4    

Ha by Parcels
7   7   5   7   7   6   7   

Cost of m3 in each parcel
2.08   1.92   1.97   1.92   2.18   2.11   1.9   