Instance: 42
width: 7
long: 6
Parcels: 7
Crops: 19
Water: 264000

Chemical Properties by Parcel
13.49   10.33   12.39   14.25   18.04   14.36   13.18   11.89   18.27   18.32   16.92   10.69   12.36   12.29   17.54   17.99   10.68   13.54   18.4   12.98   17.11   13.23   10.18   12.77   12.73   16.35   14.87   13.4   14.55   11.17   13.65   15   18.17   13.72   13.6   12.86   15.57   14.48   16.53   18   15.17   18.34    
18.64   14.02   14.36   12.4   18.22   18.58   11.24   10.51   14.45   15.02   14.21   17.96   18.07   10.38   11.77   12.97   17.7   14.32   11.9   15.35   13.57   10.82   17.77   13.93   17.07   14.03   14.78   14.39   16.22   17.25   14.49   16.73   16.18   16.95   9.85   13.08   18.34   11.79   14.59   15.19   10.81   12.96    
15.77   11.4   17.26   16.35   11.69   10.85   14.08   15.29   12.5   17.83   12.69   17.74   12.61   15.56   18.45   14.98   16.04   13.05   14   11.89   13.22   14.54   14.53   15.76   14.72   18.45   16.22   18.21   14.42   9.62   10.54   15.8   18.63   17.42   10   14.74   13.85   12.42   12.52   10.55   18.64   14.55    
10.43   12.53   10.77   15.5   18.31   12.87   12.85   11.29   18.01   18.45   11.63   16.18   11.07   18.39   13   10.75   15.33   16.65   14.77   18.11   12.14   17.36   14.18   17.51   14.23   12.49   17.73   15.06   17.5   17.21   16.84   16.55   9.67   16.61   11.35   11.71   17.63   14.71   17.02   15.22   11.5   13.05    
11.09   9.62   10.9   11.31   12.68   18.41   9.79   13.96   18.2   18.33   17.56   15.84   11.99   13.62   12.93   15.45   12.77   14.71   10.72   12.12   18.58   12.15   12.52   17.52   17.7   16.58   14.28   14.86   11.04   9.98   16.04   11.35   18.47   17.44   15.9   11.06   14.73   17.47   15.2   17.29   13.2   18.32    
15.36   18.37   17.76   16.57   17.25   14.15   10.13   11.57   18.11   10.81   15.71   10.48   13.12   16.49   10.6   10.49   15.76   11.81   17.11   15.79   18.7   12.56   15.76   10.29   11.53   16.37   14.23   14.73   9.95   15.37   18.52   18.56   14.41   11.1   15.42   14.15   16.44   13.56   11.93   15.2   16.5   15.15    
16.68   12.44   11.95   11.51   15.73   12   16.27   9.99   15.49   11.2   16.46   18.37   11.31   17.69   17.41   11.12   12.14   16.56   9.84   14.4   17.36   12.56   16.44   13.01   14.03   10.93   13.01   14.17   12.9   18.63   15.59   13.55   13.88   11.55   15.2   18.18   10.08   13.11   14.96   17   12.53   11.36    

Physical Properties by Parcel
5.4   5.5   5.4   5.4   5.5   5.3   5.4   5.3   5.4   5.5   5.4   5.5   5.4   5.6   5.4   5.4   5.2   5.6   5.5   5.4   5.4   5.4   5.5   5.3   5.5   5.3   5.5   5.6   5.4   5.4   5.4   5.3   5.5   5.5   5.5   5.2   5.4   5.3   5.3   5.4   5.4   5.4    
5.4   5.5   5.5   5.5   5.2   5.2   5.6   5.5   5.4   5.4   5.4   5.4   5.4   5.3   5.4   5.4   5.4   5.2   5.5   5.5   5.4   5.5   5.2   5.5   5.3   5.5   5.3   5.4   5.5   5.5   5.2   5.2   5.4   5.4   5.5   5.3   5.5   5.5   5.5   5.4   5.6   5.4    
5.3   5.5   5.4   5.5   5.4   5.3   5.4   5.3   5.4   5.6   5.4   5.2   5.2   5.6   5.4   5.5   5.6   5.2   5.3   5.4   5.3   5.4   5.4   5.3   5.2   5.6   5.5   5.4   5.3   5.4   5.5   5.3   5.3   5.4   5.3   5.6   5.3   5.5   5.4   5.4   5.4   5.4    
5.4   5.4   5.4   5.2   5.5   5.4   5.6   5.2   5.5   5.4   5.4   5.4   5.5   5.4   5.3   5.4   5.5   5.5   5.5   5.4   5.5   5.3   5.4   5.5   5.5   5.3   5.4   5.2   5.4   5.3   5.4   5.3   5.3   5.3   5.6   5.4   5.5   5.2   5.3   5.2   5.2   5.6    
5.4   5.3   5.4   5.3   5.6   5.3   5.6   5.4   5.3   5.5   5.3   5.2   5.3   5.5   5.5   5.5   5.6   5.3   5.2   5.6   5.3   5.5   5.5   5.4   5.6   5.2   5.3   5.6   5.3   5.5   5.5   5.2   5.3   5.6   5.3   5.6   5.2   5.2   5.5   5.4   5.2   5.2    
5.4   5.5   5.4   5.3   5.5   5.5   5.2   5.3   5.4   5.5   5.3   5.3   5.6   5.4   5.4   5.6   5.4   5.3   5.5   5.4   5.4   5.6   5.5   5.4   5.5   5.6   5.5   5.3   5.5   5.4   5.3   5.6   5.2   5.4   5.5   5.4   5.4   5.5   5.5   5.6   5.5   5.5    
5.3   5.4   5.4   5.2   5.5   5.6   5.3   5.4   5.3   5.2   5.4   5.4   5.3   5.6   5.5   5.4   5.3   5.3   5.3   5.4   5.3   5.5   5.4   5.4   5.5   5.3   5.3   5.5   5.4   5.5   5.3   5.4   5.5   5.5   5.5   5.5   5.6   5.3   5.4   5.5   5.5   5.5    

Ha by Parcels
7   7   6   6   5   7   6   

Cost of m3 in each parcel
2.19   2.1   1.87   2.06   1.82   1.82   1.98   